0 0.041406 0.980469 0.032813 0.029687
0 0.032031 0.529687 0.020313 0.028125
0 0.041406 0.556250 0.017188 0.025000
0 0.047656 0.612500 0.017188 0.018750
0 0.059375 0.667969 0.028125 0.029687
0 0.082031 0.988281 0.029687 0.020313
0 0.037500 0.939063 0.025000 0.031250
0 0.035937 0.894531 0.025000 0.023438
0 0.075000 0.949219 0.028125 0.032813
0 0.069531 0.916406 0.026562 0.026562
0 0.064062 0.882031 0.018750 0.023438
0 0.062500 0.850781 0.021875 0.023438
0 0.050000 0.818750 0.028125 0.025000
0 0.046094 0.781250 0.020313 0.034375
0 0.064844 0.718750 0.020313 0.025000
0 0.073438 0.752344 0.031250 0.020313
0 0.084375 0.781250 0.015625 0.021875
0 0.118750 0.992188 0.025000 0.015625
0 0.196875 0.792969 0.021875 0.032813
0 0.221094 0.892188 0.023438 0.031250
0 0.227344 0.922656 0.020313 0.023438
0 0.228125 0.951562 0.031250 0.025000
0 0.230469 0.981250 0.035937 0.021875
0 0.271094 0.985156 0.026562 0.026562
0 0.263281 0.934375 0.029687 0.031250
0 0.258594 0.906250 0.026562 0.015625
0 0.257812 0.889062 0.028125 0.025000
0 0.257031 0.863281 0.023438 0.023438
0 0.252344 0.835156 0.026562 0.029687
0 0.215625 0.853906 0.034375 0.020313
0 0.200781 0.825000 0.026562 0.025000
0 0.232813 0.799219 0.021875 0.023438
0 0.235937 0.768750 0.025000 0.025000
0 0.198437 0.753906 0.025000 0.023438
0 0.235156 0.742188 0.029687 0.018750
0 0.232031 0.719531 0.023438 0.023438
0 0.194531 0.722656 0.029687 0.029687
0 0.054688 0.633594 0.021875 0.029687
0 0.158594 0.981250 0.026562 0.018750
0 0.196875 0.982812 0.025000 0.018750
0 0.189844 0.952344 0.026562 0.026562
0 0.186719 0.925781 0.026562 0.026562
0 0.182812 0.896875 0.025000 0.025000
0 0.178906 0.874219 0.026562 0.017188
0 0.177344 0.852344 0.026562 0.023438
0 0.172656 0.825000 0.020313 0.021875
0 0.164844 0.783594 0.023438 0.026562
0 0.160156 0.753125 0.029687 0.021875
0 0.157812 0.728906 0.031250 0.023438
0 0.109375 0.709375 0.031250 0.028125
0 0.121094 0.744531 0.039062 0.026562
0 0.127344 0.771094 0.032813 0.029687
0 0.128125 0.796875 0.031250 0.018750
0 0.135156 0.818750 0.032813 0.018750
0 0.140625 0.841406 0.025000 0.020313
0 0.145313 0.864844 0.031250 0.017188
0 0.149219 0.892969 0.026562 0.020313
0 0.153125 0.922656 0.021875 0.014063
0 0.158594 0.954688 0.026562 0.028125
0 0.127344 0.944531 0.023438 0.029687
0 0.110937 0.895312 0.018750 0.028125
0 0.100000 0.843750 0.025000 0.025000
0 0.146094 0.701562 0.032813 0.031250
0 0.103906 0.675781 0.023438 0.026562
0 0.097656 0.645312 0.029687 0.025000
0 0.096875 0.613281 0.028125 0.029687
0 0.085938 0.578906 0.021875 0.020313
0 0.080469 0.530469 0.023438 -0.023438
0 0.053125 0.421875 0.021875 0.021875
0 0.066406 0.460156 0.026562 0.029687
0 0.069531 0.496875 0.020313 0.028125
0 0.139844 0.670312 0.032813 0.021875
0 0.137500 0.642969 0.031250 0.023438
0 0.132812 0.607812 0.034375 0.034375
0 0.127344 0.573438 0.026562 0.021875
0 0.120313 0.542969 0.025000 0.023438
0 0.116406 0.515625 0.026562 0.025000
0 0.109375 0.485938 0.025000 0.028125
0 0.312500 0.980469 -0.034375 -0.020313
0 0.309375 0.955469 0.025000 0.017188
0 0.300781 0.908594 0.032813 0.029687
0 0.295312 0.874219 0.025000 0.026562
0 0.289844 0.842187 0.029687 0.034375
0 0.285938 0.810937 0.031250 0.028125
0 0.279687 0.781250 0.028125 0.028125
0 0.273438 0.751563 0.028125 0.028125
0 0.271094 0.727344 0.026562 0.026562
0 0.269531 0.708594 0.026562 0.020313
0 0.189844 0.696094 0.026562 0.020313
0 0.186719 0.667188 0.029687 0.021875
0 0.182031 0.639062 0.020313 0.015625
0 0.178906 0.613281 0.029687 0.029687
0 0.171094 0.578125 0.026562 0.028125
0 0.160938 0.546875 0.021875 0.025000
0 0.155469 0.510156 0.029687 0.032813
0 0.152344 0.477344 0.029687 0.026562
0 0.142969 0.444531 0.032813 0.023438
0 0.102344 0.433594 -0.026562 -0.023438
0 0.096875 0.396875 0.025000 0.028125
0 0.076563 0.364844 0.028125 0.023438
0 0.225781 0.684375 0.029687 0.028125
0 0.262500 0.676562 0.028125 0.021875
0 0.221875 0.648438 0.025000 0.021875
0 0.254688 0.650000 0.031250 0.021875
0 0.216406 0.616406 0.023438 0.023438
0 0.249219 0.616406 0.032813 0.026562
0 0.214062 0.587500 0.031250 0.031250
0 0.246875 0.584375 0.028125 0.021875
0 0.206250 0.554688 0.025000 0.028125
0 0.238281 0.549219 0.029687 0.029687
0 0.195312 0.518750 0.031250 0.028125
0 0.232031 0.512500 0.029687 0.025000
0 0.190625 0.488281 0.028125 0.032813
0 0.224219 0.478906 0.026562 0.029687
0 0.189062 0.452344 0.028125 0.029687
0 0.216406 0.439063 0.023438 0.025000
0 0.133594 0.402344 0.035937 0.026562
0 0.169531 0.397656 0.026562 0.020313
0 0.129688 0.375781 0.028125 0.020313
0 0.111719 0.342187 0.035937 0.025000
0 0.102344 0.296875 0.029687 0.028125
0 0.089844 0.255469 0.026562 0.029687
0 0.180469 0.417187 0.039062 0.018750
0 0.161719 0.357812 0.039062 0.025000
0 0.159375 0.336719 -0.040625 -0.020313
0 0.147656 0.305469 0.029687 0.026562
0 0.136719 0.273438 0.035937 0.025000
0 0.128906 0.240625 0.032813 0.031250
0 0.117188 0.205469 0.037500 0.026562
0 0.103125 0.175781 0.034375 0.026562
0 0.201563 0.384375 0.028125 0.028125
0 0.200000 0.350000 0.025000 0.025000
0 0.192969 0.315625 0.029687 0.034375
0 0.180469 0.278125 0.032813 0.031250
0 0.170313 0.243750 0.031250 0.034375
0 0.156250 0.206250 0.034375 0.037500
0 0.141406 0.172656 0.023438 0.026562
0 0.114062 0.136719 0.037500 0.035937
0 0.144531 0.138281 0.017188 0.026562
0 0.126562 0.096094 0.034375 0.026562
0 0.107031 0.066406 0.029687 0.029687
0 0.079687 0.104688 0.031250 0.028125
0 0.122656 0.007031 -0.045312 -0.020313
0 0.138281 0.029687 0.042188 0.021875
0 0.153906 0.057031 0.035937 0.026562
0 0.164844 0.086719 0.032813 0.029687
0 0.175000 0.124219 0.037500 0.032813
0 0.185156 0.160156 0.039062 0.032813
0 0.195312 0.191406 0.034375 0.026562
0 0.203125 0.222656 0.034375 0.032813
0 0.214062 0.254688 0.037500 0.031250
0 0.223438 0.289062 0.034375 0.031250
0 0.229687 0.318750 0.034375 0.031250
0 0.235156 0.347656 0.035937 0.026562
0 0.237500 0.376563 0.040625 0.031250
0 0.246094 0.407031 0.039062 0.026562
0 0.254688 0.439844 0.034375 0.026562
0 0.265625 0.469531 0.037500 0.026562
0 0.271875 0.497656 0.040625 0.029687
0 0.274219 0.528125 0.042188 0.025000
0 0.282031 0.557813 0.042188 0.025000
0 0.288281 0.586719 0.042188 0.029687
0 0.289062 0.612500 0.034375 0.025000
0 0.297656 0.645312 0.039062 0.028125
0 0.298438 0.673438 0.037500 0.028125
0 0.307031 0.706250 0.032813 0.037500
0 0.314844 0.758594 0.035937 0.032813
0 0.320312 0.788281 0.037500 0.029687
0 0.326562 0.817187 0.040625 0.031250
0 0.329688 0.848437 0.031250 0.028125
0 0.335156 0.875781 0.035937 0.026562
0 0.340625 0.903906 0.031250 0.029687
0 0.346094 0.932813 0.032813 0.031250
0 0.346094 0.957031 0.042188 0.023438
0 0.353906 0.984375 0.035937 0.028125
0 0.393750 0.982812 0.034375 0.028125
0 0.386719 0.952344 0.032813 0.026562
0 0.381250 0.922656 0.034375 0.029687
0 0.374219 0.863281 0.039062 0.023438
0 0.371875 0.835156 0.031250 0.029687
0 0.365625 0.802344 0.031250 0.029687
0 0.360938 0.776563 0.031250 0.031250
0 0.357031 0.740625 0.035937 0.034375
0 0.350781 0.708594 0.032813 0.035937
0 0.342187 0.667969 0.034375 0.042188
0 0.330469 0.625781 0.035937 0.032813
0 0.328125 0.585938 0.037500 0.031250
0 0.319531 0.545312 0.032813 0.034375
0 0.309375 0.504687 0.034375 0.034375
0 0.300781 0.464844 0.032813 0.042188
0 0.293750 0.431250 0.037500 0.040625
0 0.284375 0.390625 0.034375 0.040625
0 0.273438 0.346875 0.037500 0.040625
0 0.264062 0.304688 0.028125 0.031250
0 0.256250 0.263281 0.031250 0.042188
0 0.253125 0.224219 0.028125 0.032813
0 0.235156 0.180469 0.029687 0.032813
0 0.221094 0.144531 0.029687 0.035937
0 0.214062 0.111719 0.031250 0.032813
0 0.205469 0.082812 0.032813 0.031250
0 0.194531 0.055469 0.029687 0.032813
0 0.184375 0.026562 0.028125 0.028125
0 0.219531 0.007812 -0.032813 -0.025000
0 0.225000 0.031250 0.028125 0.031250
0 0.238281 0.073438 0.029687 0.028125
0 0.246875 0.101562 0.028125 0.034375
0 0.256250 0.135156 0.028125 0.039062
0 0.264844 0.173437 0.029687 0.043750
0 0.283594 0.227344 0.039062 0.029687
0 0.286719 0.254688 0.039062 0.043750
0 0.291406 0.290625 0.032813 0.031250
0 0.296875 0.312500 0.034375 0.034375
0 0.312500 0.340625 0.037500 0.034375
0 0.325781 0.390625 0.032813 0.037500
0 0.333594 0.427344 0.029687 0.032813
0 0.336719 0.457813 0.035937 0.043750
0 0.346094 0.501563 0.032813 0.037500
0 0.350781 0.538281 0.029687 0.042188
0 0.364844 0.581250 0.032813 0.031250
0 0.367188 0.614844 0.034375 0.042188
0 0.371094 0.649219 0.035937 0.035937
0 0.379688 0.678125 0.040625 0.037500
0 0.386719 0.707031 0.032813 0.023438
0 0.395313 0.731250 0.037500 0.031250
0 0.396094 0.762500 0.045312 0.037500
0 0.407031 0.800781 0.042188 0.032813
0 0.411719 0.827344 0.042188 0.032813
0 0.421094 0.860156 0.042188 0.032813
0 0.421875 0.885938 0.037500 0.028125
0 0.426563 0.910937 0.034375 0.028125
0 0.430469 0.939063 0.042188 0.040625
0 0.432812 0.967969 0.043750 0.032813
0 0.485156 0.980469 0.035937 0.023438
0 0.478125 0.950781 0.034375 0.032813
0 0.464062 0.915625 0.034375 0.034375
0 0.457813 0.880469 0.043750 0.032813
0 0.455469 0.845313 0.035937 0.037500
0 0.446875 0.792188 0.028125 0.034375
0 0.437500 0.763281 0.034375 0.039062
0 0.432812 0.724219 0.034375 0.039062
0 0.420312 0.681250 0.031250 0.040625
0 0.410938 0.641406 0.034375 0.035937
0 0.403906 0.607812 0.035937 0.037500
0 0.400000 0.567187 0.028125 0.040625
0 0.392188 0.525781 0.031250 0.032813
0 0.387500 0.492188 0.034375 0.040625
0 0.380469 0.450781 0.035937 0.042188
0 0.371875 0.411719 0.037500 0.032813
0 0.365625 0.375781 0.034375 0.042188
0 0.361719 0.331250 0.032813 0.037500
0 0.334375 0.289062 0.046875 0.040625
0 0.327344 0.244531 0.039062 0.035937
0 0.318750 0.208594 0.034375 0.032813
0 0.305469 0.185156 0.045312 0.032813
0 0.296875 0.146094 0.040625 0.032813
0 0.293750 0.117188 0.037500 0.031250
0 0.284375 0.081250 0.043750 0.037500
0 0.274219 0.046094 0.035937 0.032813
0 0.261719 0.014844 -0.035937 -0.032813
0 0.525000 0.974219 0.037500 0.032813
0 0.513281 0.936719 0.035937 0.032813
0 0.505469 0.907031 0.035937 0.032813
0 0.503125 0.876563 0.034375 0.031250
0 0.497656 0.844531 0.032813 0.029687
0 0.484375 0.796094 0.043750 0.051562
0 0.475781 0.747656 0.035937 0.039062
0 0.471875 0.710156 0.028125 0.032813
0 0.462500 0.679688 0.031250 0.034375
0 0.457813 0.648438 0.037500 0.040625
0 0.446094 0.611719 0.039062 0.039062
0 0.441406 0.574219 0.035937 0.035937
0 0.439063 0.539844 0.037500 0.042188
0 0.431250 0.497656 0.040625 0.029687
0 0.427344 0.464844 0.039062 0.032813
0 0.421094 0.443750 0.035937 0.034375
0 0.414062 0.410156 0.034375 0.035937
0 0.400781 0.378906 0.029687 0.032813
0 0.389062 0.342187 0.028125 0.037500
0 0.377344 0.300781 0.032813 0.045312
0 0.370312 0.260156 0.028125 0.035937
0 0.361719 0.227344 0.032813 0.032813
0 0.357031 0.193750 0.035937 0.040625
0 0.340625 0.153906 0.037500 0.039062
0 0.333594 0.124219 0.039062 0.042188
0 0.325000 0.093750 0.034375 0.040625
0 0.319531 0.060937 0.035937 0.040625
0 0.310156 0.035156 0.039062 0.032813
0 0.306250 0.013281 0.034375 0.026562
0 0.344531 0.014063 0.032813 0.025000
0 0.354687 0.045312 0.031250 0.034375
0 0.357812 0.071875 0.034375 0.037500
0 0.367969 0.101562 0.026562 0.028125
0 0.378906 0.126562 0.032813 0.034375
0 0.390625 0.158594 0.034375 0.035937
0 0.395313 0.192969 0.037500 0.029687
0 0.398438 0.225781 0.040625 0.029687
0 0.408594 0.257031 0.035937 0.035937
0 0.417187 0.286719 0.034375 0.032813
0 0.419531 0.312500 0.039062 0.031250
0 0.423438 0.337500 0.034375 0.034375
0 0.429688 0.367969 0.040625 0.035937
0 0.445312 0.396875 0.028125 0.037500
0 0.451562 0.429688 0.037500 0.037500
0 0.457813 0.456250 0.025000 0.028125
0 0.464062 0.484375 0.034375 0.043750
0 0.474219 0.528906 0.026562 0.039062
0 0.473438 0.569531 0.037500 0.042188
0 0.482031 0.609375 0.032813 0.037500
0 0.490625 0.638281 0.031250 0.039062
0 0.498437 0.680469 0.031250 0.032813
0 0.512500 0.724219 0.040625 0.032813
0 0.519531 0.754687 0.032813 0.028125
0 0.523438 0.782031 0.028125 0.026562
0 0.527344 0.815625 0.035937 0.028125
0 0.534375 0.842187 0.040625 0.028125
0 0.535156 0.868750 0.035937 0.028125
0 0.542969 0.892969 0.035937 0.026562
0 0.551562 0.924219 0.034375 0.032813
0 0.557813 0.953906 0.037500 0.029687
0 0.564844 0.983594 0.029687 0.032813
0 0.607812 0.992188 0.043750 0.028125
0 0.598437 0.957812 0.034375 0.031250
0 0.589063 0.926562 0.028125 0.031250
0 0.581250 0.897656 0.034375 0.032813
0 0.575781 0.865625 0.035937 0.028125
0 0.574219 0.834375 0.035937 0.031250
0 0.567187 0.810937 0.031250 0.031250
0 0.559375 0.779687 0.031250 0.031250
0 0.552344 0.743750 0.032813 0.037500
0 0.547656 0.714063 0.020313 0.018750
0 0.534375 0.679688 0.028125 0.028125
0 0.530469 0.640625 0.029687 0.034375
0 0.518750 0.604688 0.031250 0.031250
0 0.517188 0.572656 0.031250 0.029687
0 0.509375 0.533594 0.031250 0.032813
0 0.503906 0.503125 0.029687 0.031250
0 0.497656 0.467969 0.032813 0.032813
0 0.489063 0.435937 0.031250 0.028125
0 0.487500 0.411719 0.021875 0.026562
0 0.480469 0.381250 0.032813 0.031250
0 0.467187 0.355469 0.031250 0.029687
0 0.463281 0.330469 0.026562 0.032813
0 0.452344 0.294531 0.032813 0.039062
0 0.443750 0.257031 0.034375 0.029687
0 0.438281 0.226562 0.032813 0.031250
0 0.427344 0.187500 0.029687 0.031250
0 0.422656 0.157031 0.035937 0.032813
0 0.414844 0.124219 0.035937 0.029687
0 0.403906 0.088281 0.035937 0.035937
0 0.392969 0.049219 0.035937 0.035937
0 0.387500 0.014844 0.034375 0.029687
0 0.474219 0.191406 0.042188 0.039062
0 0.479687 0.228906 0.031250 0.026562
0 0.481250 0.254688 0.031250 0.025000
0 0.486719 0.279687 0.026562 0.025000
0 0.491406 0.302344 0.039062 0.029687
0 0.499219 0.336719 0.042188 0.039062
0 0.455469 0.121094 0.035937 0.032813
0 0.450000 0.083594 0.037500 0.035937
0 0.427344 0.049219 0.032813 0.032813
0 0.424219 0.014844 0.029687 0.029687
0 0.463281 0.017188 0.035937 0.028125
0 0.467969 0.053125 0.032813 0.028125
0 0.510156 0.373437 0.029687 0.034375
0 0.515625 0.402344 0.031250 0.032813
0 0.522656 0.432031 0.032813 0.035937
0 0.536719 0.505469 0.029687 0.035937
0 0.545312 0.535937 0.031250 0.028125
0 0.550781 0.567969 0.035937 0.032813
0 0.557031 0.599219 0.029687 0.032813
0 0.577344 0.697656 0.035937 0.039062
0 0.594531 0.767188 0.035937 0.043750
0 0.602344 0.802344 0.035937 0.029687
0 0.610938 0.832812 0.040625 0.034375
0 0.616406 0.875781 0.048438 0.045312
0 0.632031 0.939063 0.039062 0.043750
0 0.684375 0.982031 0.034375 0.026562
0 0.666406 0.920312 0.029687 0.028125
0 0.658594 0.876563 0.035937 0.034375
0 0.654687 0.842187 0.037500 0.040625
0 0.635156 0.794531 0.029687 0.035937
0 0.617188 0.720313 0.034375 0.037500
0 0.612500 0.681250 0.037500 0.031250
0 0.607031 0.633594 0.032813 0.042188
0 0.593750 0.581250 0.028125 0.031250
0 0.578125 0.542188 0.034375 0.037500
0 0.575000 0.501563 0.037500 0.037500
0 0.558594 0.428906 0.032813 0.035937
0 0.561719 0.460938 0.029687 0.034375
0 0.550000 0.385156 0.021875 0.029687
0 0.534375 0.321094 0.025000 0.023438
0 0.520312 0.280469 0.034375 0.042188
0 0.514844 0.246094 0.032813 0.035937
0 0.513281 0.210156 0.032813 0.029687
0 0.506250 0.167969 0.037500 0.039062
0 0.491406 0.101562 0.032813 0.034375
0 0.724219 0.981250 0.032813 0.028125
0 0.713281 0.961719 0.029687 0.032813
0 0.706250 0.921875 0.034375 0.037500
0 0.697656 0.884375 0.039062 0.040625
0 0.693750 0.849219 0.037500 0.039062
0 0.677344 0.788281 0.032813 0.042188
0 0.658594 0.722656 0.029687 0.035937
0 0.651563 0.679688 0.034375 0.040625
0 0.626563 0.557031 0.040625 0.045312
0 0.612500 0.507031 0.040625 0.039062
0 0.608594 0.465625 0.042188 0.037500
0 0.594531 0.424219 0.032813 0.032813
0 0.584375 0.389844 0.034375 0.032813
0 0.580469 0.351562 0.045312 0.037500
0 0.562500 0.314063 0.031250 0.031250
0 0.559375 0.281250 0.034375 0.031250
0 0.553906 0.242969 0.029687 0.035937
0 0.550000 0.201563 0.034375 0.040625
0 0.544531 0.161719 0.039062 0.039062
0 0.532813 0.129688 0.031250 0.046875
0 0.513281 0.088281 0.045312 0.039062
0 0.510156 0.055469 0.035937 0.042188
0 0.509375 0.020313 -0.046875 -0.031250
0 0.756250 0.967187 0.028125 0.031250
0 0.761719 0.990625 0.023438 0.021875
0 0.800000 0.986719 0.018750 0.020313
0 0.830469 0.967969 0.029687 0.029687
0 0.875000 0.983594 0.025000 0.023438
0 0.747656 0.921875 0.035937 0.040625
0 0.739062 0.876563 0.031250 0.034375
0 0.726562 0.818750 0.034375 0.046875
0 0.710938 0.753125 0.031250 0.040625
0 0.700781 0.717969 0.032813 0.035937
0 0.696875 0.682031 0.034375 0.042188
0 0.687500 0.645312 0.031250 0.037500
0 0.680469 0.604688 0.029687 0.043750
0 0.668750 0.548438 0.028125 0.043750
0 0.649219 0.474219 0.039062 0.035937
0 0.639844 0.438281 0.035937 0.039062
0 0.625781 0.387500 0.039062 0.043750
0 0.609375 0.312500 0.031250 0.040625
0 0.604688 0.276562 0.037500 0.040625
0 0.589844 0.241406 0.032813 0.042188
0 0.905469 0.959375 0.029687 0.040625
0 0.946094 0.958594 0.032813 0.035937
0 0.992969 0.971875 0.017188 0.018750
0 0.793750 0.950000 0.028125 0.028125
0 0.822656 0.937500 0.023438 0.018750
0 0.785156 0.919531 0.029687 0.029687
0 0.817187 0.912500 0.031250 0.018750
0 0.778125 0.885938 0.028125 0.025000
0 0.810937 0.884375 0.025000 0.028125
0 0.772656 0.853906 0.029687 0.029687
0 0.808594 0.850781 0.029687 0.029687
0 0.766406 0.821875 0.026562 0.025000
0 0.807031 0.817187 0.029687 0.028125
0 0.750000 0.753906 0.031250 0.039062
0 0.741406 0.711719 0.026562 0.032813
0 0.736719 0.675781 0.029687 0.029687
0 0.728906 0.646094 0.029687 0.032813
0 0.717969 0.607812 0.039062 0.037500
0 0.708594 0.567187 0.026562 0.034375
0 0.740625 0.530469 0.031250 0.029687
0 0.746875 0.567187 0.025000 0.031250
0 0.754687 0.596875 0.028125 0.028125
0 0.758594 0.625000 0.026562 0.021875
0 0.767969 0.653125 0.032813 0.034375
0 0.772656 0.693750 0.020313 0.028125
0 0.789844 0.745313 0.029687 0.031250
0 0.778125 0.717969 0.028125 0.032813
0 0.866406 0.935937 0.029687 0.037500
0 0.858594 0.887500 0.032813 0.031250
0 0.850781 0.848437 0.026562 0.031250
0 0.826562 0.780469 0.028125 0.026562
0 0.892969 0.891406 0.026562 0.035937
0 0.813281 0.491406 0.035937 0.026562
0 0.778125 0.521875 0.031250 0.031250
0 0.788281 0.557031 0.035937 0.029687
0 0.790625 0.597656 0.037500 0.026562
0 0.803125 0.623437 0.037500 0.025000
0 0.804688 0.653906 0.034375 0.032813
0 0.810937 0.681250 0.034375 0.028125
0 0.813281 0.708594 0.039062 0.026562
0 0.820312 0.739844 0.031250 0.032813
0 0.818750 0.525000 0.034375 0.025000
0 0.822656 0.555469 0.029687 0.029687
0 0.827344 0.582031 0.039062 0.029687
0 0.835938 0.610938 0.031250 0.034375
0 0.842187 0.640625 0.034375 0.031250
0 0.846875 0.667969 0.034375 0.026562
0 0.852344 0.695312 0.032813 0.031250
0 0.857031 0.721875 0.039062 0.028125
0 0.862500 0.744531 0.040625 0.032813
0 0.869531 0.783594 0.039062 0.032813
0 0.880469 0.814063 0.029687 0.031250
0 0.846094 0.810156 0.032813 0.029687
0 0.933594 0.919531 0.029687 0.029687
0 0.927344 0.864844 0.035937 0.026562
0 0.915625 0.821875 0.037500 0.031250
0 0.908594 0.782813 0.029687 0.031250
0 0.900781 0.747656 0.029687 0.026562
0 0.893750 0.710938 0.031250 0.031250
0 0.889844 0.680469 0.026562 0.029687
0 0.881250 0.650000 0.028125 0.028125
0 0.857812 0.494531 0.031250 0.026562
0 0.859375 0.525781 0.031250 0.032813
0 0.864844 0.559375 0.029687 0.028125
0 0.871875 0.600000 0.028125 0.031250
0 0.892969 0.519531 0.032813 0.032813
0 0.923438 0.496094 0.031250 0.026562
0 0.903125 0.553906 0.031250 0.023438
0 0.907031 0.581250 0.032813 0.031250
0 0.910937 0.610938 0.031250 0.028125
0 0.913281 0.639844 0.032813 0.029687
0 0.917969 0.667188 0.035937 0.037500
0 0.929688 0.707812 0.031250 0.034375
0 0.933594 0.741406 0.035937 0.029687
0 0.940625 0.775000 0.028125 0.040625
0 0.957031 0.817187 0.032813 0.034375
0 0.963281 0.851562 0.035937 0.034375
0 0.971094 0.889062 0.029687 0.028125
0 1.001562 0.860938 0.021875 0.028125
0 0.996094 0.823438 0.026562 0.028125
0 0.988281 0.790625 0.023438 0.025000
0 0.977344 0.753906 0.026562 0.032813
0 0.970313 0.714844 0.028125 0.023438
0 0.964063 0.677344 0.031250 0.023438
0 0.961719 0.650781 0.026562 0.026562
0 0.955469 0.617188 0.029687 0.025000
0 0.948438 0.587500 0.034375 0.031250
0 0.945312 0.557031 0.031250 0.032813
0 0.935156 0.529687 0.029687 0.025000
0 0.981250 0.474219 0.025000 0.023438
0 1.000781 0.628906 0.026562 0.039062
0 0.993750 0.583594 0.028125 0.029687
0 0.989844 0.550781 0.026562 0.029687
0 0.989844 0.520312 0.032813 0.031250
0 0.771875 0.464062 0.034375 0.028125
0 0.763281 0.436719 0.032813 0.032813
0 0.709375 0.375781 0.025000 0.039062
0 0.722656 0.410938 0.029687 0.028125
0 0.729688 0.448437 0.028125 0.031250
0 0.685156 0.464062 0.035937 0.040625
0 0.680469 0.410938 0.032813 0.034375
0 0.660937 0.348438 0.031250 0.037500
0 0.644531 0.307031 0.035937 0.042188
0 0.632031 0.243750 0.039062 0.043750
0 0.626563 0.201563 0.043750 0.037500
0 0.615625 0.165625 0.040625 0.040625
0 0.604688 0.128125 0.034375 0.037500
0 0.598437 0.094531 0.037500 0.029687
0 0.592969 0.066406 0.032813 0.035937
0 0.578125 0.033594 0.025000 0.029687
0 0.611719 0.019531 -0.026562 -0.035937
0 0.635156 0.081250 0.032813 0.037500
0 0.641406 0.111719 -0.026562 -0.035937
0 0.650000 0.148438 0.028125 0.031250
0 0.663281 0.184375 0.029687 0.025000
0 0.667969 0.212500 0.026562 0.034375
0 0.675781 0.239063 0.029687 0.037500
0 0.682813 0.277344 0.025000 0.039062
0 0.691406 0.316406 0.023438 0.032813
0 0.760938 0.407031 0.037500 0.032813
0 0.751563 0.374219 0.034375 0.029687
0 0.741406 0.339062 0.032813 0.034375
0 0.731250 0.310156 0.037500 0.035937
0 0.725000 0.275781 0.031250 0.039062
0 0.714844 0.245312 0.026562 0.034375
0 0.708594 0.212500 0.032813 0.034375
0 0.699219 0.181250 0.029687 0.034375
0 0.686719 0.151562 0.029687 0.037500
0 0.679688 0.120313 0.028125 0.034375
0 0.668750 0.083594 0.031250 0.032813
0 0.660156 0.047656 0.039062 0.032813
0 0.653906 0.017969 0.029687 0.032813
0 0.693750 0.017188 -0.034375 -0.034375
0 0.699219 0.038281 0.035937 0.032813
0 0.704688 0.069531 0.031250 0.039062
0 0.715625 0.097656 0.031250 0.039062
0 0.724219 0.128906 0.032813 0.039062
0 0.737500 0.165625 0.031250 0.034375
0 0.746094 0.203906 0.029687 0.039062
0 0.753906 0.241406 0.035937 0.035937
0 0.760938 0.275781 0.031250 0.035937
0 0.770312 0.300000 0.034375 0.031250
0 0.778125 0.329688 0.031250 0.031250
0 0.789062 0.360938 0.028125 0.034375
0 0.798438 0.393750 0.037500 0.034375
0 0.800781 0.425000 0.026562 0.031250
0 0.740625 0.022656 0.043750 0.039062
0 0.746875 0.052344 0.040625 0.029687
0 0.752344 0.078906 0.035937 0.029687
0 0.764844 0.110937 0.032813 0.031250
0 0.769531 0.137500 0.042188 0.034375
0 0.775781 0.170313 0.035937 0.031250
0 0.786719 0.203125 0.032813 0.034375
0 0.792969 0.233594 0.035937 0.039062
0 0.802344 0.268750 0.035937 0.031250
0 0.812500 0.300000 0.031250 0.034375
0 0.816406 0.328906 0.035937 0.026562
0 0.827344 0.356250 0.032813 0.031250
0 0.832031 0.386719 0.035937 0.029687
0 0.840625 0.417187 0.037500 0.031250
0 0.883594 0.445312 0.039062 0.031250
0 0.881250 0.419531 0.037500 0.029687
0 0.869531 0.385937 0.042188 0.028125
0 0.864062 0.353125 0.034375 0.028125
0 0.854688 0.318750 0.037500 0.037500
0 0.847656 0.285938 0.039062 0.034375
0 0.840625 0.250781 0.031250 0.035937
0 0.825000 0.214062 0.031250 0.025000
0 0.821875 0.185156 0.034375 0.032813
0 0.817969 0.150781 0.039062 0.032813
0 0.807813 0.114844 0.034375 0.029687
0 0.797656 0.082031 0.032813 0.026562
0 0.787500 0.049219 0.034375 0.032813
0 0.779687 0.018750 0.031250 0.028125
0 0.974219 0.026562 0.032813 0.028125
0 0.934375 0.023438 0.046875 0.028125
0 0.894531 0.021094 0.029687 0.029687
0 0.851562 0.017188 0.037500 0.028125
0 0.857031 0.042188 0.039062 0.028125
0 0.817969 0.015625 0.035937 0.025000
0 0.822656 0.045312 0.026562 0.037500
0 0.835156 0.083594 0.032813 0.026562
0 0.842187 0.114062 0.034375 0.031250
0 0.850781 0.153125 0.035937 0.037500
0 0.859375 0.185156 0.034375 0.035937
0 0.870313 0.225781 0.040625 0.029687
0 0.880469 0.258594 0.039062 0.029687
0 0.889844 0.289844 0.029687 0.026562
0 0.894531 0.321875 0.035937 0.028125
0 0.900781 0.347656 0.032813 0.026562
0 0.908594 0.373437 0.042188 0.031250
0 0.914062 0.405469 0.034375 0.026562
0 0.924219 0.437500 0.039062 0.028125
0 0.961719 0.436719 0.035937 0.023438
0 0.957812 0.410156 0.031250 0.026562
0 0.946875 0.375781 0.034375 0.032813
0 0.936719 0.339062 0.032813 0.031250
0 0.925781 0.301563 0.035937 0.031250
0 0.921094 0.259375 0.032813 0.028125
0 0.913281 0.217188 0.035937 0.034375
0 0.902344 0.181250 0.032813 0.034375
0 0.887500 0.143750 0.031250 0.028125
0 0.880469 0.108594 0.039062 0.035937
0 0.872656 0.071875 0.026562 0.031250
0 0.905469 0.059375 0.032813 0.034375
0 0.914062 0.103125 0.034375 0.031250
0 0.936719 0.174219 0.039062 0.029687
0 0.942187 0.207031 0.034375 0.032813
0 0.953125 0.249219 0.031250 0.035937
0 0.962500 0.285938 0.031250 0.031250
0 0.969531 0.317188 0.029687 0.034375
0 0.977344 0.353906 0.029687 0.029687
0 0.985938 0.390625 0.028125 0.025000
0 0.946094 0.065625 0.035937 0.031250
0 0.956250 0.103125 0.037500 0.028125
0 0.964063 0.138281 0.031250 0.032813
0 0.981250 0.175781 0.031250 0.032813
0 0.985938 0.231250 0.031250 0.031250
0 0.983594 0.066406 0.029687 0.035937
0 0.994531 0.107031 0.029687 0.032813
