0 0.023438 0.193750 -0.040625 -0.043750
0 0.023438 0.193750 -0.040625 -0.043750
0 0.018750 0.165625 -0.034375 -0.028125
0 0.023438 0.193750 -0.040625 -0.043750
0 0.018750 0.165625 -0.034375 -0.028125
0 0.015625 0.139063 -0.025000 -0.034375
0 0.023438 0.193750 -0.040625 -0.043750
0 0.018750 0.165625 -0.034375 -0.028125
0 0.015625 0.139063 -0.025000 -0.034375
0 0.012500 0.115625 -0.021875 -0.037500
0 0.023438 0.193750 -0.040625 -0.043750
0 0.018750 0.165625 -0.034375 -0.028125
0 0.015625 0.139063 -0.025000 -0.034375
0 0.012500 0.115625 -0.021875 -0.037500
0 0.014063 0.083594 -0.025000 -0.039062
0 0.023438 0.193750 -0.040625 -0.043750
0 0.018750 0.165625 -0.034375 -0.028125
0 0.015625 0.139063 -0.025000 -0.034375
0 0.012500 0.115625 -0.021875 -0.037500
0 0.014063 0.083594 -0.025000 -0.039062
0 0.068750 0.190625 0.037500 0.031250
0 0.023438 0.193750 -0.040625 -0.043750
0 0.018750 0.165625 -0.034375 -0.028125
0 0.015625 0.139063 -0.025000 -0.034375
0 0.012500 0.115625 -0.021875 -0.037500
0 0.014063 0.083594 -0.025000 -0.039062
0 0.068750 0.190625 0.037500 0.031250
0 0.064844 0.165625 0.023438 0.018750
0 0.023438 0.193750 -0.040625 -0.043750
0 0.018750 0.165625 -0.034375 -0.028125
0 0.015625 0.139063 -0.025000 -0.034375
0 0.012500 0.115625 -0.021875 -0.037500
0 0.014063 0.083594 -0.025000 -0.039062
0 0.068750 0.190625 0.037500 0.031250
0 0.064844 0.165625 0.023438 0.018750
0 0.057813 0.142969 0.043750 0.029687
0 0.023438 0.193750 -0.040625 -0.043750
0 0.018750 0.165625 -0.034375 -0.028125
0 0.015625 0.139063 -0.025000 -0.034375
0 0.012500 0.115625 -0.021875 -0.037500
0 0.014063 0.083594 -0.025000 -0.039062
0 0.068750 0.190625 0.037500 0.031250
0 0.064844 0.165625 0.023438 0.018750
0 0.057813 0.142969 0.043750 0.029687
0 0.056250 0.104688 0.043750 0.040625
0 0.023438 0.193750 -0.040625 -0.043750
0 0.018750 0.165625 -0.034375 -0.028125
0 0.015625 0.139063 -0.025000 -0.034375
0 0.012500 0.115625 -0.021875 -0.037500
0 0.014063 0.083594 -0.025000 -0.039062
0 0.068750 0.190625 0.037500 0.031250
0 0.064844 0.165625 0.023438 0.018750
0 0.057813 0.142969 0.043750 0.029687
0 0.056250 0.104688 0.043750 0.040625
0 0.053125 0.073438 0.043750 0.021875
0 0.023438 0.193750 -0.040625 -0.043750
0 0.018750 0.165625 -0.034375 -0.028125
0 0.015625 0.139063 -0.025000 -0.034375
0 0.012500 0.115625 -0.021875 -0.037500
0 0.014063 0.083594 -0.025000 -0.039062
0 0.068750 0.190625 0.037500 0.031250
0 0.064844 0.165625 0.023438 0.018750
0 0.057813 0.142969 0.043750 0.029687
0 0.056250 0.104688 0.043750 0.040625
0 0.053125 0.073438 0.043750 0.021875
0 0.043750 0.053125 -0.040625 -0.021875
0 0.023438 0.193750 -0.040625 -0.043750
0 0.018750 0.165625 -0.034375 -0.028125
0 0.015625 0.139063 -0.025000 -0.034375
0 0.012500 0.115625 -0.021875 -0.037500
0 0.014063 0.083594 -0.025000 -0.039062
0 0.068750 0.190625 0.037500 0.031250
0 0.064844 0.165625 0.023438 0.018750
0 0.057813 0.142969 0.043750 0.029687
0 0.056250 0.104688 0.043750 0.040625
0 0.053125 0.073438 0.043750 0.021875
0 0.043750 0.053125 -0.040625 -0.021875
0 0.049219 0.031250 0.026562 0.021875
0 0.023438 0.193750 -0.040625 -0.043750
0 0.018750 0.165625 -0.034375 -0.028125
0 0.015625 0.139063 -0.025000 -0.034375
0 0.012500 0.115625 -0.021875 -0.037500
0 0.014063 0.083594 -0.025000 -0.039062
0 0.068750 0.190625 0.037500 0.031250
0 0.064844 0.165625 0.023438 0.018750
0 0.057813 0.142969 0.043750 0.029687
0 0.056250 0.104688 0.043750 0.040625
0 0.053125 0.073438 0.043750 0.021875
0 0.043750 0.053125 -0.040625 -0.021875
0 0.049219 0.031250 0.026562 0.021875
0 0.021875 0.000000 0.000000 0.000000
0 0.023438 0.193750 -0.040625 -0.043750
0 0.018750 0.165625 -0.034375 -0.028125
0 0.015625 0.139063 -0.025000 -0.034375
0 0.012500 0.115625 -0.021875 -0.037500
0 0.014063 0.083594 -0.025000 -0.039062
0 0.068750 0.190625 0.037500 0.031250
0 0.064844 0.165625 0.023438 0.018750
0 0.057813 0.142969 0.043750 0.029687
0 0.056250 0.104688 0.043750 0.040625
0 0.053125 0.073438 0.043750 0.021875
0 0.043750 0.053125 -0.040625 -0.021875
0 0.049219 0.031250 0.026562 0.021875
0 0.021875 0.000000 0.000000 0.000000
0 0.046094 0.011719 -0.039062 -0.020313
0 0.023438 0.193750 -0.040625 -0.043750
0 0.018750 0.165625 -0.034375 -0.028125
0 0.015625 0.139063 -0.025000 -0.034375
0 0.012500 0.115625 -0.021875 -0.037500
0 0.014063 0.083594 -0.025000 -0.039062
0 0.068750 0.190625 0.037500 0.031250
0 0.064844 0.165625 0.023438 0.018750
0 0.057813 0.142969 0.043750 0.029687
0 0.056250 0.104688 0.043750 0.040625
0 0.053125 0.073438 0.043750 0.021875
0 0.043750 0.053125 -0.040625 -0.021875
0 0.049219 0.031250 0.026562 0.021875
0 0.021875 0.000000 0.000000 0.000000
0 0.046094 0.011719 -0.039062 -0.020313
0 0.068750 0.003125 0.000000 0.000000
0 0.023438 0.193750 -0.040625 -0.043750
0 0.018750 0.165625 -0.034375 -0.028125
0 0.015625 0.139063 -0.025000 -0.034375
0 0.012500 0.115625 -0.021875 -0.037500
0 0.014063 0.083594 -0.025000 -0.039062
0 0.068750 0.190625 0.037500 0.031250
0 0.064844 0.165625 0.023438 0.018750
0 0.057813 0.142969 0.043750 0.029687
0 0.056250 0.104688 0.043750 0.040625
0 0.053125 0.073438 0.043750 0.021875
0 0.043750 0.053125 -0.040625 -0.021875
0 0.049219 0.031250 0.026562 0.021875
0 0.021875 0.000000 0.000000 0.000000
0 0.046094 0.011719 -0.039062 -0.020313
0 0.068750 0.003125 0.000000 0.000000
0 0.096094 0.064844 -0.042188 -0.039062
0 0.023438 0.193750 -0.040625 -0.043750
0 0.018750 0.165625 -0.034375 -0.028125
0 0.015625 0.139063 -0.025000 -0.034375
0 0.012500 0.115625 -0.021875 -0.037500
0 0.014063 0.083594 -0.025000 -0.039062
0 0.068750 0.190625 0.037500 0.031250
0 0.064844 0.165625 0.023438 0.018750
0 0.057813 0.142969 0.043750 0.029687
0 0.056250 0.104688 0.043750 0.040625
0 0.053125 0.073438 0.043750 0.021875
0 0.043750 0.053125 -0.040625 -0.021875
0 0.049219 0.031250 0.026562 0.021875
0 0.021875 0.000000 0.000000 0.000000
0 0.046094 0.011719 -0.039062 -0.020313
0 0.068750 0.003125 0.000000 0.000000
0 0.096094 0.064844 -0.042188 -0.039062
0 0.087500 0.021875 -0.050000 -0.043750
0 0.023438 0.193750 -0.040625 -0.043750
0 0.018750 0.165625 -0.034375 -0.028125
0 0.015625 0.139063 -0.025000 -0.034375
0 0.012500 0.115625 -0.021875 -0.037500
0 0.014063 0.083594 -0.025000 -0.039062
0 0.068750 0.190625 0.037500 0.031250
0 0.064844 0.165625 0.023438 0.018750
0 0.057813 0.142969 0.043750 0.029687
0 0.056250 0.104688 0.043750 0.040625
0 0.053125 0.073438 0.043750 0.021875
0 0.043750 0.053125 -0.040625 -0.021875
0 0.049219 0.031250 0.026562 0.021875
0 0.021875 0.000000 0.000000 0.000000
0 0.046094 0.011719 -0.039062 -0.020313
0 0.068750 0.003125 0.000000 0.000000
0 0.096094 0.064844 -0.042188 -0.039062
0 0.087500 0.021875 -0.050000 -0.043750
0 0.100000 0.128125 -0.043750 -0.037500
0 0.023438 0.193750 -0.040625 -0.043750
0 0.018750 0.165625 -0.034375 -0.028125
0 0.015625 0.139063 -0.025000 -0.034375
0 0.012500 0.115625 -0.021875 -0.037500
0 0.014063 0.083594 -0.025000 -0.039062
0 0.068750 0.190625 0.037500 0.031250
0 0.064844 0.165625 0.023438 0.018750
0 0.057813 0.142969 0.043750 0.029687
0 0.056250 0.104688 0.043750 0.040625
0 0.053125 0.073438 0.043750 0.021875
0 0.043750 0.053125 -0.040625 -0.021875
0 0.049219 0.031250 0.026562 0.021875
0 0.021875 0.000000 0.000000 0.000000
0 0.046094 0.011719 -0.039062 -0.020313
0 0.068750 0.003125 0.000000 0.000000
0 0.096094 0.064844 -0.042188 -0.039062
0 0.087500 0.021875 -0.050000 -0.043750
0 0.100000 0.128125 -0.043750 -0.037500
0 0.100000 0.100000 -0.034375 -0.028125
0 0.023438 0.193750 -0.040625 -0.043750
0 0.018750 0.165625 -0.034375 -0.028125
0 0.015625 0.139063 -0.025000 -0.034375
0 0.012500 0.115625 -0.021875 -0.037500
0 0.014063 0.083594 -0.025000 -0.039062
0 0.068750 0.190625 0.037500 0.031250
0 0.064844 0.165625 0.023438 0.018750
0 0.057813 0.142969 0.043750 0.029687
0 0.056250 0.104688 0.043750 0.040625
0 0.053125 0.073438 0.043750 0.021875
0 0.043750 0.053125 -0.040625 -0.021875
0 0.049219 0.031250 0.026562 0.021875
0 0.021875 0.000000 0.000000 0.000000
0 0.046094 0.011719 -0.039062 -0.020313
0 0.068750 0.003125 0.000000 0.000000
0 0.096094 0.064844 -0.042188 -0.039062
0 0.087500 0.021875 -0.050000 -0.043750
0 0.100000 0.128125 -0.043750 -0.037500
0 0.100000 0.100000 -0.034375 -0.028125
0 0.102344 0.165625 0.029687 0.034375
0 0.023438 0.193750 -0.040625 -0.043750
0 0.018750 0.165625 -0.034375 -0.028125
0 0.015625 0.139063 -0.025000 -0.034375
0 0.012500 0.115625 -0.021875 -0.037500
0 0.014063 0.083594 -0.025000 -0.039062
0 0.068750 0.190625 0.037500 0.031250
0 0.064844 0.165625 0.023438 0.018750
0 0.057813 0.142969 0.043750 0.029687
0 0.056250 0.104688 0.043750 0.040625
0 0.053125 0.073438 0.043750 0.021875
0 0.043750 0.053125 -0.040625 -0.021875
0 0.049219 0.031250 0.026562 0.021875
0 0.021875 0.000000 0.000000 0.000000
0 0.046094 0.011719 -0.039062 -0.020313
0 0.068750 0.003125 0.000000 0.000000
0 0.096094 0.064844 -0.042188 -0.039062
0 0.087500 0.021875 -0.050000 -0.043750
0 0.100000 0.128125 -0.043750 -0.037500
0 0.100000 0.100000 -0.034375 -0.028125
0 0.102344 0.165625 0.029687 0.034375
0 0.160938 0.209375 -0.037500 -0.043750
0 0.023438 0.193750 -0.040625 -0.043750
0 0.018750 0.165625 -0.034375 -0.028125
0 0.015625 0.139063 -0.025000 -0.034375
0 0.012500 0.115625 -0.021875 -0.037500
0 0.014063 0.083594 -0.025000 -0.039062
0 0.068750 0.190625 0.037500 0.031250
0 0.064844 0.165625 0.023438 0.018750
0 0.057813 0.142969 0.043750 0.029687
0 0.056250 0.104688 0.043750 0.040625
0 0.053125 0.073438 0.043750 0.021875
0 0.043750 0.053125 -0.040625 -0.021875
0 0.049219 0.031250 0.026562 0.021875
0 0.021875 0.000000 0.000000 0.000000
0 0.046094 0.011719 -0.039062 -0.020313
0 0.068750 0.003125 0.000000 0.000000
0 0.096094 0.064844 -0.042188 -0.039062
0 0.087500 0.021875 -0.050000 -0.043750
0 0.100000 0.128125 -0.043750 -0.037500
0 0.100000 0.100000 -0.034375 -0.028125
0 0.102344 0.165625 0.029687 0.034375
0 0.160938 0.209375 -0.037500 -0.043750
0 0.139844 0.152344 -0.039062 -0.023438
0 0.023438 0.193750 -0.040625 -0.043750
0 0.018750 0.165625 -0.034375 -0.028125
0 0.015625 0.139063 -0.025000 -0.034375
0 0.012500 0.115625 -0.021875 -0.037500
0 0.014063 0.083594 -0.025000 -0.039062
0 0.068750 0.190625 0.037500 0.031250
0 0.064844 0.165625 0.023438 0.018750
0 0.057813 0.142969 0.043750 0.029687
0 0.056250 0.104688 0.043750 0.040625
0 0.053125 0.073438 0.043750 0.021875
0 0.043750 0.053125 -0.040625 -0.021875
0 0.049219 0.031250 0.026562 0.021875
0 0.021875 0.000000 0.000000 0.000000
0 0.046094 0.011719 -0.039062 -0.020313
0 0.068750 0.003125 0.000000 0.000000
0 0.096094 0.064844 -0.042188 -0.039062
0 0.087500 0.021875 -0.050000 -0.043750
0 0.100000 0.128125 -0.043750 -0.037500
0 0.100000 0.100000 -0.034375 -0.028125
0 0.102344 0.165625 0.029687 0.034375
0 0.160938 0.209375 -0.037500 -0.043750
0 0.139844 0.152344 -0.039062 -0.023438
0 0.139063 0.125000 0.037500 0.031250
0 0.023438 0.193750 -0.040625 -0.043750
0 0.018750 0.165625 -0.034375 -0.028125
0 0.015625 0.139063 -0.025000 -0.034375
0 0.012500 0.115625 -0.021875 -0.037500
0 0.014063 0.083594 -0.025000 -0.039062
0 0.068750 0.190625 0.037500 0.031250
0 0.064844 0.165625 0.023438 0.018750
0 0.057813 0.142969 0.043750 0.029687
0 0.056250 0.104688 0.043750 0.040625
0 0.053125 0.073438 0.043750 0.021875
0 0.043750 0.053125 -0.040625 -0.021875
0 0.049219 0.031250 0.026562 0.021875
0 0.021875 0.000000 0.000000 0.000000
0 0.046094 0.011719 -0.039062 -0.020313
0 0.068750 0.003125 0.000000 0.000000
0 0.096094 0.064844 -0.042188 -0.039062
0 0.087500 0.021875 -0.050000 -0.043750
0 0.100000 0.128125 -0.043750 -0.037500
0 0.100000 0.100000 -0.034375 -0.028125
0 0.102344 0.165625 0.029687 0.034375
0 0.160938 0.209375 -0.037500 -0.043750
0 0.139844 0.152344 -0.039062 -0.023438
0 0.139063 0.125000 0.037500 0.031250
0 0.134375 0.087500 0.025000 0.037500
0 0.023438 0.193750 -0.040625 -0.043750
0 0.018750 0.165625 -0.034375 -0.028125
0 0.015625 0.139063 -0.025000 -0.034375
0 0.012500 0.115625 -0.021875 -0.037500
0 0.014063 0.083594 -0.025000 -0.039062
0 0.068750 0.190625 0.037500 0.031250
0 0.064844 0.165625 0.023438 0.018750
0 0.057813 0.142969 0.043750 0.029687
0 0.056250 0.104688 0.043750 0.040625
0 0.053125 0.073438 0.043750 0.021875
0 0.043750 0.053125 -0.040625 -0.021875
0 0.049219 0.031250 0.026562 0.021875
0 0.021875 0.000000 0.000000 0.000000
0 0.046094 0.011719 -0.039062 -0.020313
0 0.068750 0.003125 0.000000 0.000000
0 0.096094 0.064844 -0.042188 -0.039062
0 0.087500 0.021875 -0.050000 -0.043750
0 0.100000 0.128125 -0.043750 -0.037500
0 0.100000 0.100000 -0.034375 -0.028125
0 0.102344 0.165625 0.029687 0.034375
0 0.160938 0.209375 -0.037500 -0.043750
0 0.139844 0.152344 -0.039062 -0.023438
0 0.139063 0.125000 0.037500 0.031250
0 0.134375 0.087500 0.025000 0.037500
0 0.136719 0.054688 0.042188 0.028125
0 0.023438 0.193750 -0.040625 -0.043750
0 0.018750 0.165625 -0.034375 -0.028125
0 0.015625 0.139063 -0.025000 -0.034375
0 0.012500 0.115625 -0.021875 -0.037500
0 0.014063 0.083594 -0.025000 -0.039062
0 0.068750 0.190625 0.037500 0.031250
0 0.064844 0.165625 0.023438 0.018750
0 0.057813 0.142969 0.043750 0.029687
0 0.056250 0.104688 0.043750 0.040625
0 0.053125 0.073438 0.043750 0.021875
0 0.043750 0.053125 -0.040625 -0.021875
0 0.049219 0.031250 0.026562 0.021875
0 0.021875 0.000000 0.000000 0.000000
0 0.046094 0.011719 -0.039062 -0.020313
0 0.068750 0.003125 0.000000 0.000000
0 0.096094 0.064844 -0.042188 -0.039062
0 0.087500 0.021875 -0.050000 -0.043750
0 0.100000 0.128125 -0.043750 -0.037500
0 0.100000 0.100000 -0.034375 -0.028125
0 0.102344 0.165625 0.029687 0.034375
0 0.160938 0.209375 -0.037500 -0.043750
0 0.139844 0.152344 -0.039062 -0.023438
0 0.139063 0.125000 0.037500 0.031250
0 0.134375 0.087500 0.025000 0.037500
0 0.136719 0.054688 0.042188 0.028125
0 0.134375 0.021875 -0.043750 -0.040625
0 0.023438 0.193750 -0.040625 -0.043750
0 0.018750 0.165625 -0.034375 -0.028125
0 0.015625 0.139063 -0.025000 -0.034375
0 0.012500 0.115625 -0.021875 -0.037500
0 0.014063 0.083594 -0.025000 -0.039062
0 0.068750 0.190625 0.037500 0.031250
0 0.064844 0.165625 0.023438 0.018750
0 0.057813 0.142969 0.043750 0.029687
0 0.056250 0.104688 0.043750 0.040625
0 0.053125 0.073438 0.043750 0.021875
0 0.043750 0.053125 -0.040625 -0.021875
0 0.049219 0.031250 0.026562 0.021875
0 0.021875 0.000000 0.000000 0.000000
0 0.046094 0.011719 -0.039062 -0.020313
0 0.068750 0.003125 0.000000 0.000000
0 0.096094 0.064844 -0.042188 -0.039062
0 0.087500 0.021875 -0.050000 -0.043750
0 0.100000 0.128125 -0.043750 -0.037500
0 0.100000 0.100000 -0.034375 -0.028125
0 0.102344 0.165625 0.029687 0.034375
0 0.160938 0.209375 -0.037500 -0.043750
0 0.139844 0.152344 -0.039062 -0.023438
0 0.139063 0.125000 0.037500 0.031250
0 0.134375 0.087500 0.025000 0.037500
0 0.136719 0.054688 0.042188 0.028125
0 0.134375 0.021875 -0.043750 -0.040625
0 0.196094 0.203125 0.029687 0.040625
0 0.023438 0.193750 -0.040625 -0.043750
0 0.018750 0.165625 -0.034375 -0.028125
0 0.015625 0.139063 -0.025000 -0.034375
0 0.012500 0.115625 -0.021875 -0.037500
0 0.014063 0.083594 -0.025000 -0.039062
0 0.068750 0.190625 0.037500 0.031250
0 0.064844 0.165625 0.023438 0.018750
0 0.057813 0.142969 0.043750 0.029687
0 0.056250 0.104688 0.043750 0.040625
0 0.053125 0.073438 0.043750 0.021875
0 0.043750 0.053125 -0.040625 -0.021875
0 0.049219 0.031250 0.026562 0.021875
0 0.021875 0.000000 0.000000 0.000000
0 0.046094 0.011719 -0.039062 -0.020313
0 0.068750 0.003125 0.000000 0.000000
0 0.096094 0.064844 -0.042188 -0.039062
0 0.087500 0.021875 -0.050000 -0.043750
0 0.100000 0.128125 -0.043750 -0.037500
0 0.100000 0.100000 -0.034375 -0.028125
0 0.102344 0.165625 0.029687 0.034375
0 0.160938 0.209375 -0.037500 -0.043750
0 0.139844 0.152344 -0.039062 -0.023438
0 0.139063 0.125000 0.037500 0.031250
0 0.134375 0.087500 0.025000 0.037500
0 0.136719 0.054688 0.042188 0.028125
0 0.134375 0.021875 -0.043750 -0.040625
0 0.196094 0.203125 0.029687 0.040625
0 0.181250 0.139844 -0.050000 -0.035937
0 0.023438 0.193750 -0.040625 -0.043750
0 0.018750 0.165625 -0.034375 -0.028125
0 0.015625 0.139063 -0.025000 -0.034375
0 0.012500 0.115625 -0.021875 -0.037500
0 0.014063 0.083594 -0.025000 -0.039062
0 0.068750 0.190625 0.037500 0.031250
0 0.064844 0.165625 0.023438 0.018750
0 0.057813 0.142969 0.043750 0.029687
0 0.056250 0.104688 0.043750 0.040625
0 0.053125 0.073438 0.043750 0.021875
0 0.043750 0.053125 -0.040625 -0.021875
0 0.049219 0.031250 0.026562 0.021875
0 0.021875 0.000000 0.000000 0.000000
0 0.046094 0.011719 -0.039062 -0.020313
0 0.068750 0.003125 0.000000 0.000000
0 0.096094 0.064844 -0.042188 -0.039062
0 0.087500 0.021875 -0.050000 -0.043750
0 0.100000 0.128125 -0.043750 -0.037500
0 0.100000 0.100000 -0.034375 -0.028125
0 0.102344 0.165625 0.029687 0.034375
0 0.160938 0.209375 -0.037500 -0.043750
0 0.139844 0.152344 -0.039062 -0.023438
0 0.139063 0.125000 0.037500 0.031250
0 0.134375 0.087500 0.025000 0.037500
0 0.136719 0.054688 0.042188 0.028125
0 0.134375 0.021875 -0.043750 -0.040625
0 0.196094 0.203125 0.029687 0.040625
0 0.181250 0.139844 -0.050000 -0.035937
0 0.178125 0.104688 -0.050000 -0.034375
0 0.023438 0.193750 -0.040625 -0.043750
0 0.018750 0.165625 -0.034375 -0.028125
0 0.015625 0.139063 -0.025000 -0.034375
0 0.012500 0.115625 -0.021875 -0.037500
0 0.014063 0.083594 -0.025000 -0.039062
0 0.068750 0.190625 0.037500 0.031250
0 0.064844 0.165625 0.023438 0.018750
0 0.057813 0.142969 0.043750 0.029687
0 0.056250 0.104688 0.043750 0.040625
0 0.053125 0.073438 0.043750 0.021875
0 0.043750 0.053125 -0.040625 -0.021875
0 0.049219 0.031250 0.026562 0.021875
0 0.021875 0.000000 0.000000 0.000000
0 0.046094 0.011719 -0.039062 -0.020313
0 0.068750 0.003125 0.000000 0.000000
0 0.096094 0.064844 -0.042188 -0.039062
0 0.087500 0.021875 -0.050000 -0.043750
0 0.100000 0.128125 -0.043750 -0.037500
0 0.100000 0.100000 -0.034375 -0.028125
0 0.102344 0.165625 0.029687 0.034375
0 0.160938 0.209375 -0.037500 -0.043750
0 0.139844 0.152344 -0.039062 -0.023438
0 0.139063 0.125000 0.037500 0.031250
0 0.134375 0.087500 0.025000 0.037500
0 0.136719 0.054688 0.042188 0.028125
0 0.134375 0.021875 -0.043750 -0.040625
0 0.196094 0.203125 0.029687 0.040625
0 0.181250 0.139844 -0.050000 -0.035937
0 0.178125 0.104688 -0.050000 -0.034375
0 0.175000 0.068750 -0.037500 -0.037500
0 0.023438 0.193750 -0.040625 -0.043750
0 0.018750 0.165625 -0.034375 -0.028125
0 0.015625 0.139063 -0.025000 -0.034375
0 0.012500 0.115625 -0.021875 -0.037500
0 0.014063 0.083594 -0.025000 -0.039062
0 0.068750 0.190625 0.037500 0.031250
0 0.064844 0.165625 0.023438 0.018750
0 0.057813 0.142969 0.043750 0.029687
0 0.056250 0.104688 0.043750 0.040625
0 0.053125 0.073438 0.043750 0.021875
0 0.043750 0.053125 -0.040625 -0.021875
0 0.049219 0.031250 0.026562 0.021875
0 0.021875 0.000000 0.000000 0.000000
0 0.046094 0.011719 -0.039062 -0.020313
0 0.068750 0.003125 0.000000 0.000000
0 0.096094 0.064844 -0.042188 -0.039062
0 0.087500 0.021875 -0.050000 -0.043750
0 0.100000 0.128125 -0.043750 -0.037500
0 0.100000 0.100000 -0.034375 -0.028125
0 0.102344 0.165625 0.029687 0.034375
0 0.160938 0.209375 -0.037500 -0.043750
0 0.139844 0.152344 -0.039062 -0.023438
0 0.139063 0.125000 0.037500 0.031250
0 0.134375 0.087500 0.025000 0.037500
0 0.136719 0.054688 0.042188 0.028125
0 0.134375 0.021875 -0.043750 -0.040625
0 0.196094 0.203125 0.029687 0.040625
0 0.181250 0.139844 -0.050000 -0.035937
0 0.178125 0.104688 -0.050000 -0.034375
0 0.175000 0.068750 -0.037500 -0.037500
0 0.174219 0.025000 -0.029687 -0.050000
0 0.264062 0.273438 0.000000 0.000000
0 0.228906 0.189062 0.026562 0.040625
0 0.214844 0.121875 -0.039062 -0.028125
0 0.214062 0.087500 -0.037500 -0.043750
0 0.207813 0.031250 -0.037500 -0.056250
0 0.275000 0.200000 0.025000 0.031250
0 0.264062 0.179688 0.028125 0.031250
0 0.258594 0.111719 -0.042188 -0.045312
0 0.253125 0.069531 -0.046875 -0.039062
0 0.246094 0.025781 -0.048438 -0.048438
0 0.316406 0.196094 -0.042188 -0.023438
0 0.306250 0.167969 -0.040625 -0.029687
0 0.299219 0.123438 0.029687 0.021875
0 0.293750 0.096094 -0.031250 -0.023438
0 0.292187 0.064844 -0.031250 -0.039062
0 0.289062 0.023438 -0.031250 -0.046875
0 0.310937 0.001563 0.000000 0.000000
0 0.329688 0.062500 -0.050000 -0.034375
0 0.324219 0.025000 -0.045312 -0.050000
0 0.335156 0.103125 -0.042188 -0.046875
0 0.341406 0.150781 -0.032813 -0.023438
0 0.348438 0.175000 -0.046875 -0.031250
0 0.389062 0.164062 -0.040625 -0.037500
0 0.386719 0.137500 -0.039062 -0.012500
0 0.378906 0.101562 -0.042188 -0.028125
0 0.371094 0.067969 -0.045312 -0.032813
0 0.364063 0.043750 -0.031250 -0.018750
0 0.363281 0.018750 -0.039062 -0.037500
0 0.428125 0.161719 -0.040625 -0.032813
0 0.432812 0.133594 -0.043750 -0.026562
0 0.420312 0.095312 0.037500 0.021875
0 0.415625 0.060156 -0.040625 -0.048438
0 0.387500 0.003125 0.000000 0.000000
0 0.467969 0.139063 -0.042188 -0.050000
0 0.454688 0.075000 -0.034375 -0.031250
0 0.451562 0.043750 -0.043750 -0.037500
0 0.423438 0.003125 0.000000 0.000000
0 0.403906 0.021094 -0.035937 -0.039062
0 0.446094 0.014063 -0.039062 -0.021875
0 0.507031 0.123438 -0.039062 -0.040625
0 0.496875 0.063281 -0.043750 -0.048438
0 0.489844 0.020313 -0.045312 -0.034375
0 0.551562 0.118750 -0.046875 -0.040625
0 0.543750 0.062500 0.040625 0.028125
0 0.510938 0.001563 0.000000 0.000000
0 0.596094 0.107031 -0.042188 -0.042188
0 0.535156 0.026562 -0.048438 -0.046875
0 0.583594 0.053125 -0.051562 -0.025000
0 0.579688 0.021094 -0.046875 -0.042188
0 0.632812 0.094531 -0.028125 -0.048438
0 0.619531 0.043750 -0.020313 -0.025000
0 0.615625 0.014844 -0.031250 -0.026562
0 0.673438 0.103125 0.028125 0.037500
0 0.667188 0.082812 -0.034375 -0.031250
0 0.657813 0.028125 -0.037500 -0.050000
0 0.703125 0.069531 -0.037500 -0.032813
0 0.670312 0.003125 0.000000 0.000000
0 0.736719 0.067969 -0.023438 -0.023438
0 0.690625 0.024219 -0.034375 -0.042188
0 0.727344 0.020313 -0.035937 -0.028125
0 0.771875 0.065625 -0.018750 -0.018750
0 0.950000 0.003125 0.000000 0.000000
0 0.960156 0.010156 -0.020313 -0.017188
0 0.960156 0.030469 -0.020313 -0.026562
0 0.904687 0.003125 0.000000 0.000000
0 0.917969 0.014844 -0.023438 -0.023438
0 0.921094 0.036719 -0.014063 -0.017188
0 0.797656 0.010937 -0.029687 -0.021875
0 0.771094 0.039844 0.014063 -0.010937
