0 0.896094 0.547656 0.035937 0.035937
0 0.936719 0.545312 0.039062 0.031250
0 0.913281 0.595313 0.032813 0.031250
0 0.947656 0.586719 0.039062 0.032813
0 0.916406 0.632812 0.035937 0.031250
0 0.959375 0.635156 0.034375 0.029687
0 0.961719 0.658594 0.042188 0.017188
0 0.966406 0.688281 0.035937 0.035937
0 0.923438 0.759375 0.040625 0.031250
0 0.912500 0.724219 0.034375 0.029687
0 0.896875 0.675781 0.037500 0.035937
0 0.882031 0.767188 0.026562 0.034375
0 0.866406 0.707031 0.035937 0.039062
0 0.858594 0.673438 0.035937 0.037500
0 0.853125 0.650000 0.031250 0.037500
0 0.845313 0.607031 0.031250 0.042188
0 0.835938 0.565625 0.031250 0.040625
0 0.865625 0.545312 0.028125 0.040625
0 0.875781 0.584375 0.032813 0.031250
0 0.879687 0.621094 0.031250 0.042188
0 0.686719 0.514844 0.039062 0.029687
0 0.744531 0.528906 0.042188 0.023438
0 0.704688 0.550781 0.040625 0.035937
0 0.712500 0.576562 0.040625 0.034375
0 0.725000 0.609375 0.040625 0.037500
0 0.738281 0.640625 0.039062 0.028125
0 0.746094 0.669531 0.042188 0.032813
0 0.755469 0.699219 0.045312 0.029687
0 0.759375 0.725000 0.040625 0.028125
0 0.767188 0.754687 0.034375 0.025000
0 0.778125 0.789062 0.031250 0.031250
0 0.811719 0.790625 0.032813 0.025000
0 0.846094 0.777344 0.039062 0.029687
0 0.800781 0.746094 0.029687 0.026562
0 0.836719 0.735156 0.029687 0.026562
0 0.795312 0.714063 0.037500 0.031250
0 0.826562 0.699219 0.034375 0.023438
0 0.787500 0.675781 0.034375 0.032813
0 0.816406 0.669531 0.032813 0.026562
0 0.782031 0.642969 0.035937 0.029687
0 0.811719 0.633594 0.035937 0.029687
0 0.769531 0.611719 0.035937 0.035937
0 0.807031 0.601562 0.032813 0.028125
0 0.759375 0.574219 0.034375 0.032813
0 0.800000 0.571094 0.034375 0.032813
0 0.976562 0.547656 0.037500 0.032813
0 0.986719 0.583594 0.035937 0.029687
0 0.996094 0.624219 0.029687 0.035937
0 0.735156 0.813281 0.035937 0.045312
0 0.728125 0.767188 0.034375 0.037500
0 0.721875 0.736719 0.034375 0.032813
0 0.714844 0.704688 0.035937 0.028125
0 0.707812 0.666406 0.040625 0.035937
0 0.696094 0.632812 0.039062 0.040625
0 0.682031 0.606250 0.039062 0.040625
0 0.667188 0.578906 0.037500 0.032813
0 0.661719 0.547656 0.039062 0.042188
0 0.624219 0.535156 0.042188 0.035937
0 0.632812 0.568750 0.040625 0.031250
0 0.640625 0.600781 0.046875 0.032813
0 0.652344 0.633594 0.042188 0.035937
0 0.657031 0.666406 0.039062 0.029687
0 0.667969 0.700000 0.035937 0.028125
0 0.677344 0.732031 0.032813 0.035937
0 0.686719 0.764844 0.035937 0.032813
0 0.692187 0.800781 0.040625 0.045312
0 0.578125 0.535937 0.046875 0.037500
0 0.590625 0.564844 0.043750 0.032813
0 0.598437 0.598437 0.043750 0.037500
0 0.606250 0.630469 0.043750 0.035937
0 0.617969 0.660937 0.045312 0.037500
0 0.629687 0.704688 0.040625 0.034375
0 0.642969 0.742969 0.042188 0.035937
0 0.650781 0.779687 0.045312 0.037500
0 0.654687 0.821094 0.037500 0.035937
0 0.604688 0.778125 0.040625 0.046875
0 0.597656 0.735156 0.042188 0.035937
0 0.589063 0.703906 0.046875 0.039062
0 0.574219 0.667188 0.032813 0.034375
0 0.567187 0.628906 0.031250 0.035937
0 0.557031 0.590625 0.032813 0.040625
0 0.545312 0.535156 0.034375 0.032813
0 0.506250 0.529687 0.046875 0.037500
0 0.511719 0.561719 0.042188 0.035937
0 0.521094 0.595313 0.039062 0.040625
0 0.532031 0.628125 0.039062 0.034375
0 0.535156 0.660937 0.042188 0.034375
0 0.546094 0.700000 0.035937 0.034375
0 0.554688 0.728125 0.037500 0.034375
0 0.560156 0.757031 0.035937 0.035937
0 0.568750 0.782031 0.037500 0.026562
0 0.578906 0.809375 0.039062 0.031250
0 0.589844 0.846875 0.032813 0.034375
0 0.462500 0.521875 0.034375 0.031250
0 0.471875 0.553906 0.028125 0.032813
0 0.478906 0.586719 0.032813 0.026562
0 0.482812 0.610938 0.037500 0.031250
0 0.492969 0.641406 0.035937 0.029687
0 0.498437 0.671875 0.034375 0.031250
0 0.507812 0.699219 0.037500 0.035937
0 0.516406 0.732031 0.035937 0.032813
0 0.526563 0.760156 0.037500 0.032813
0 0.534375 0.797656 0.040625 0.035937
0 0.550000 0.854688 0.034375 0.028125
0 0.388281 0.499219 0.029687 0.029687
0 0.428906 0.517188 0.032813 0.034375
0 0.438281 0.556250 0.039062 0.034375
0 0.441406 0.592187 0.039062 0.028125
0 0.452344 0.632031 0.039062 0.026562
0 0.463281 0.673438 0.035937 0.034375
0 0.472656 0.711719 0.039062 0.029687
0 0.484375 0.750781 0.034375 0.032813
0 0.492969 0.787500 0.039062 0.031250
0 0.496875 0.823438 0.040625 0.034375
0 0.510938 0.868750 0.037500 0.031250
0 0.392969 0.538281 0.039062 0.035937
0 0.398438 0.577344 0.037500 0.035937
0 0.407031 0.617969 0.045312 0.042188
0 0.416406 0.662500 0.051562 0.037500
0 0.428125 0.706250 0.043750 0.037500
0 0.437500 0.747656 0.037500 0.035937
0 0.456250 0.782813 0.040625 0.034375
0 0.459375 0.821094 0.034375 0.042188
0 0.473438 0.880469 0.037500 0.029687
0 0.351562 0.528125 0.043750 0.050000
0 0.356250 0.568750 0.040625 0.037500
0 0.362500 0.611719 0.040625 0.045312
0 0.374219 0.661719 0.039062 0.039062
0 0.389062 0.711719 0.037500 0.042188
0 0.397656 0.755469 0.039062 0.039062
0 0.410156 0.800000 0.039062 0.034375
0 0.416406 0.836719 0.045312 0.035937
0 0.311719 0.527344 0.042188 0.039062
0 0.317188 0.573438 0.040625 0.031250
0 0.323437 0.610156 0.043750 0.039062
0 0.329688 0.650781 0.040625 0.035937
0 0.339062 0.690625 0.037500 0.034375
0 0.345313 0.730469 0.040625 0.039062
0 0.359375 0.771094 0.040625 0.039062
0 0.369531 0.807813 0.042188 0.040625
0 0.379688 0.851562 0.037500 0.034375
0 0.264844 0.507031 0.045312 0.035937
0 0.273438 0.541406 0.040625 0.026562
0 0.276562 0.580469 0.043750 0.035937
0 0.284375 0.617188 0.040625 0.040625
0 0.289844 0.654687 0.045312 0.031250
0 0.300000 0.689844 0.040625 0.035937
0 0.307031 0.727344 0.039062 0.042188
0 0.320312 0.767188 0.043750 0.034375
0 0.328906 0.801562 0.039062 0.031250
0 0.332031 0.833594 0.035937 0.032813
0 0.342969 0.865625 0.035937 0.028125
0 0.356250 0.916406 0.034375 0.035937
0 0.395313 0.896094 0.034375 0.032813
0 0.434375 0.900781 0.037500 0.032813
0 0.232031 0.941406 0.035937 0.042188
0 0.270313 0.932031 0.037500 0.035937
0 0.309375 0.914844 0.040625 0.029687
0 0.035156 0.982812 0.039062 0.031250
0 0.078125 0.975781 0.031250 0.029687
0 0.129688 0.979688 0.040625 0.034375
0 0.118750 0.944531 0.031250 0.029687
0 0.068750 0.603125 0.031250 0.043750
0 0.079687 0.653125 0.037500 0.043750
0 0.088281 0.687500 0.032813 0.028125
0 0.095312 0.723437 0.037500 0.031250
0 0.103125 0.757812 0.037500 0.037500
0 0.110156 0.794531 0.039062 0.035937
0 0.124219 0.828906 0.039062 0.029687
0 0.130469 0.858594 0.045312 0.029687
0 0.140625 0.894531 0.034375 0.026562
0 0.156250 0.925781 0.037500 0.032813
0 0.064062 0.550000 0.031250 0.034375
0 0.057031 0.510156 0.035937 0.035937
0 0.054688 0.471875 0.034375 0.043750
0 0.012500 0.478125 -0.037500 -0.034375
0 0.021875 0.514844 0.028125 0.039062
0 0.022656 0.553125 0.032813 0.028125
0 0.027344 0.583594 0.042188 0.026562
0 0.030469 0.615625 0.039062 0.040625
0 0.040625 0.656250 0.037500 0.031250
0 0.050000 0.690625 0.037500 0.031250
0 0.060156 0.725000 0.032813 0.028125
0 0.071094 0.763281 0.032813 0.029687
0 0.079687 0.793750 0.031250 0.031250
0 0.085938 0.831250 0.040625 0.031250
0 0.090625 0.864062 0.031250 0.028125
0 0.096875 0.900000 0.034375 0.034375
0 0.022656 0.914062 0.035937 0.034375
0 0.067969 0.942187 0.032813 0.025000
0 0.061719 0.910937 0.029687 0.031250
0 0.062500 0.884375 0.034375 0.043750
0 0.017188 0.877344 0.034375 0.035937
0 0.050781 0.841406 0.032813 0.039062
0 0.012500 0.838281 -0.040625 -0.032813
0 0.010937 0.798438 -0.031250 -0.028125
0 0.047656 0.804688 0.032813 0.031250
0 0.010156 0.762500 -0.035937 -0.031250
0 0.029687 0.728125 0.031250 0.031250
0 0.011719 0.696094 -0.032813 -0.039062
0 0.007031 0.660156 -0.035937 -0.035937
0 0.092969 0.492188 0.039062 0.037500
0 0.100781 0.526563 0.039062 0.031250
0 0.104688 0.560937 0.037500 0.034375
0 0.110937 0.596875 0.034375 0.037500
0 0.122656 0.635938 0.045312 0.028125
0 0.126562 0.667188 0.046875 0.037500
0 0.132812 0.701562 0.040625 0.031250
0 0.135937 0.728125 0.040625 0.025000
0 0.143750 0.762500 0.040625 0.031250
0 0.150781 0.793750 0.035937 0.031250
0 0.163281 0.821094 0.035937 0.029687
0 0.174219 0.848437 0.032813 0.028125
0 0.181250 0.876563 0.040625 0.031250
0 0.188281 0.903125 0.032813 0.025000
0 0.228906 0.900000 0.032813 0.028125
0 0.221094 0.864062 0.039062 0.037500
0 0.214062 0.842969 0.034375 0.032813
0 0.207031 0.807813 0.035937 0.031250
0 0.191406 0.770312 0.032813 0.037500
0 0.182812 0.737500 0.037500 0.034375
0 0.175781 0.707812 0.032813 0.031250
0 0.170313 0.674219 0.040625 0.035937
0 0.167187 0.637500 0.040625 0.037500
0 0.152344 0.603906 0.045312 0.032813
0 0.154688 0.574219 0.040625 0.035937
0 0.142969 0.543750 0.035937 0.028125
0 0.142969 0.514062 0.042188 0.043750
0 0.136719 0.475000 0.035937 0.043750
0 0.178125 0.501563 0.043750 0.034375
0 0.186719 0.533594 0.039062 0.032813
0 0.196094 0.564844 0.039062 0.039062
0 0.203125 0.601562 0.037500 0.028125
0 0.210938 0.633594 0.037500 0.035937
0 0.214844 0.665625 0.035937 0.037500
0 0.223438 0.710938 0.034375 0.037500
0 0.228125 0.750000 0.037500 0.037500
0 0.237500 0.776563 0.037500 0.037500
0 0.247656 0.814063 0.032813 0.034375
0 0.257031 0.850000 0.035937 0.037500
0 0.266406 0.884375 0.035937 0.040625
0 0.306250 0.878125 0.037500 0.028125
0 0.295312 0.846094 0.037500 0.035937
0 0.288281 0.808594 0.039062 0.035937
0 0.281250 0.769531 0.037500 0.039062
0 0.268750 0.726562 0.037500 0.034375
0 0.265625 0.690625 0.037500 0.043750
0 0.253125 0.652344 0.034375 0.042188
0 0.246094 0.617188 0.032813 0.050000
0 0.236719 0.576562 0.035937 0.043750
0 0.231250 0.535937 0.037500 0.046875
0 0.876563 0.203906 0.037500 0.029687
0 0.886719 0.224219 0.035937 0.032813
0 0.894531 0.250781 0.029687 0.029687
0 0.901563 0.287500 0.031250 0.031250
0 0.908594 0.310937 0.032813 0.025000
0 0.912500 0.336719 0.028125 0.032813
0 0.925000 0.369531 0.037500 0.029687
0 0.937500 0.406250 0.034375 0.037500
0 0.943750 0.442188 0.028125 0.025000
0 0.955469 0.460938 0.035937 0.025000
0 0.957031 0.486719 0.032813 0.026562
0 0.969531 0.514062 0.035937 0.031250
0 0.917969 0.470313 0.035937 0.031250
0 0.908594 0.432031 0.032813 0.035937
0 0.896875 0.396094 0.031250 0.029687
0 0.885156 0.361719 0.035937 0.032813
0 0.878125 0.332813 0.034375 0.025000
0 0.870313 0.305469 0.034375 0.039062
0 0.863281 0.270313 0.032813 0.031250
0 0.854688 0.249219 0.025000 0.026562
0 0.842187 0.200781 0.031250 0.032813
0 0.833594 0.162500 0.032813 0.037500
0 0.823438 0.130469 0.034375 0.032813
0 0.807031 0.097656 0.029687 0.035937
0 0.795312 0.061719 0.031250 0.029687
0 0.849219 0.078125 0.039062 0.031250
0 0.860156 0.107813 0.035937 0.031250
0 0.863281 0.136719 0.032813 0.035937
0 0.909375 0.160156 0.034375 0.032813
0 0.900781 0.120313 0.026562 0.031250
0 0.888281 0.091406 0.029687 0.029687
0 0.917969 0.187500 0.039062 0.025000
0 0.921094 0.221094 0.042188 0.035937
0 0.932031 0.246875 0.042188 0.031250
0 0.940625 0.286719 0.050000 0.057813
0 0.946875 0.323437 0.031250 0.034375
0 0.962500 0.357812 0.037500 0.040625
0 0.969531 0.392188 0.039062 0.037500
0 0.985156 0.426563 0.032813 0.037500
0 0.992969 0.465625 0.029687 0.043750
0 0.876563 0.481250 0.037500 0.040625
0 0.869531 0.442969 0.035937 0.039062
0 0.863281 0.406250 0.035937 0.034375
0 0.851562 0.378125 0.031250 0.034375
0 0.842187 0.343750 0.031250 0.034375
0 0.834375 0.305469 0.031250 0.039062
0 0.826562 0.271094 0.034375 0.029687
0 0.814844 0.242969 0.032813 0.029687
0 0.805469 0.217969 0.035937 0.032813
0 0.796875 0.188281 0.034375 0.032813
0 0.789062 0.159375 0.031250 0.028125
0 0.781250 0.132812 0.031250 0.034375
0 0.775781 0.096094 0.032813 0.032813
0 0.761719 0.057031 0.032813 0.029687
0 0.753125 0.027344 0.028125 0.035937
0 0.784375 0.017188 -0.034375 -0.034375
0 0.835938 0.040625 0.037500 0.025000
0 0.826562 0.015625 0.034375 0.031250
0 0.862500 0.014063 0.031250 0.021875
0 0.873437 0.042188 0.031250 0.034375
0 0.904687 0.011719 0.034375 0.023438
0 0.910937 0.044531 0.034375 0.029687
0 0.924219 0.095312 0.026562 0.025000
0 0.936719 0.127344 0.032813 0.039062
0 0.953125 0.162500 0.034375 0.031250
0 0.959375 0.193750 0.031250 0.034375
0 0.968750 0.229687 0.028125 0.037500
0 0.983594 0.280469 0.026562 0.039062
0 0.985938 0.321875 0.025000 0.021875
0 1.001562 0.221094 0.025000 0.039062
0 0.996875 0.183594 0.028125 0.032813
0 0.981250 0.150781 0.031250 0.032813
0 0.968750 0.111719 0.031250 0.032813
0 0.960156 0.074219 0.032813 0.029687
0 0.950781 0.041406 0.032813 0.035937
0 0.947656 0.013281 0.029687 0.023438
0 0.987500 0.014844 0.037500 0.029687
0 0.988281 0.050000 0.029687 0.034375
0 0.996094 0.085938 0.020313 0.028125
0 0.644531 0.473438 0.039062 0.025000
0 0.635156 0.439844 0.029687 0.029687
0 0.627344 0.404687 0.029687 0.034375
0 0.619531 0.374219 0.032813 0.029687
0 0.616406 0.350000 0.023438 0.025000
0 0.608594 0.326562 0.032813 0.034375
0 0.604688 0.301563 0.028125 0.034375
0 0.603125 0.275781 0.034375 0.032813
0 0.596094 0.247656 0.032813 0.029687
0 0.590625 0.231250 0.034375 0.031250
0 0.581250 0.204687 0.037500 0.031250
0 0.574219 0.176563 0.035937 0.034375
0 0.572656 0.138281 0.035937 0.029687
0 0.563281 0.103906 0.032813 0.029687
0 0.549219 0.069531 0.029687 0.035937
0 0.542969 0.036719 0.035937 0.035937
0 0.582031 0.021094 0.039062 0.029687
0 0.586719 0.054688 0.039062 0.031250
0 0.597656 0.082031 0.042188 0.023438
0 0.604688 0.101562 0.037500 0.028125
0 0.613281 0.149219 0.039062 0.035937
0 0.619531 0.182031 0.042188 0.029687
0 0.628125 0.207031 0.040625 0.023438
0 0.633594 0.235937 0.032813 0.025000
0 0.639844 0.261719 0.032813 0.029687
0 0.646094 0.295312 0.035937 0.031250
0 0.654687 0.323437 0.037500 0.028125
0 0.660937 0.346094 0.037500 0.026562
0 0.664844 0.378125 0.039062 0.028125
0 0.671094 0.405469 0.039062 0.029687
0 0.672656 0.435156 0.029687 0.035937
0 0.719531 0.465625 0.035937 0.040625
0 0.711719 0.416406 0.032813 0.039062
0 0.700000 0.365625 0.031250 0.031250
0 0.693750 0.346094 0.031250 0.039062
0 0.686719 0.308594 0.026562 0.032813
0 0.676562 0.264062 0.028125 0.034375
0 0.667969 0.227344 0.032813 0.035937
0 0.659375 0.192188 0.031250 0.034375
0 0.651563 0.154688 0.028125 0.034375
0 0.633594 0.114062 0.035937 0.037500
0 0.626563 0.075781 0.037500 0.032813
0 0.617969 0.042969 0.032813 0.032813
0 0.610938 0.016406 0.034375 0.032813
0 0.643750 0.010937 -0.031250 -0.034375
0 0.657031 0.036719 0.035937 0.035937
0 0.660937 0.060937 0.037500 0.040625
0 0.667969 0.096094 0.045312 0.048438
0 0.678906 0.134375 0.032813 0.034375
0 0.685937 0.159375 0.037500 0.034375
0 0.694531 0.185156 0.039062 0.039062
0 0.708594 0.217188 0.035937 0.034375
0 0.714063 0.242969 0.034375 0.045312
0 0.722656 0.287500 0.039062 0.031250
0 0.728906 0.321094 0.032813 0.032813
0 0.738281 0.353906 0.029687 0.035937
0 0.745313 0.385156 0.034375 0.032813
0 0.752344 0.415625 0.039062 0.028125
0 0.757031 0.441406 0.039062 0.032813
0 0.765625 0.471875 0.034375 0.031250
0 0.693750 0.024219 0.037500 0.035937
0 0.698438 0.055469 0.034375 0.039062
0 0.709375 0.091406 0.037500 0.039062
0 0.716406 0.124219 0.035937 0.039062
0 0.727344 0.152344 0.032813 0.035937
0 0.737500 0.180469 0.037500 0.032813
0 0.743750 0.206250 0.037500 0.034375
0 0.750781 0.241406 0.035937 0.035937
0 0.760156 0.274219 0.032813 0.035937
0 0.764062 0.304688 0.040625 0.043750
0 0.775000 0.347656 0.034375 0.045312
0 0.792969 0.412500 0.039062 0.034375
0 0.805469 0.442969 0.042188 0.032813
0 0.809375 0.471094 0.028125 0.029687
0 0.840625 0.470313 0.031250 0.028125
0 0.832812 0.442188 0.031250 0.031250
0 0.821875 0.404687 0.037500 0.040625
0 0.810937 0.369531 0.037500 0.039062
0 0.803125 0.328906 0.031250 0.039062
0 0.796094 0.292187 0.029687 0.037500
0 0.784375 0.257812 0.028125 0.031250
0 0.777344 0.232031 0.035937 0.032813
0 0.775781 0.207813 0.032813 0.031250
0 0.768750 0.182812 0.028125 0.028125
0 0.755469 0.142187 0.032813 0.034375
0 0.745313 0.106250 0.028125 0.031250
0 0.735938 0.075781 0.031250 0.029687
0 0.724219 0.047656 0.029687 0.029687
0 0.011719 0.425781 -0.035937 -0.042188
0 0.053125 0.414062 0.040625 0.034375
0 0.096094 0.417187 0.042188 0.034375
0 0.012500 0.380469 -0.043750 -0.039062
0 0.051562 0.380469 0.046875 0.035937
0 0.092969 0.379688 0.042188 0.031250
0 0.101562 0.337500 0.031250 0.031250
0 0.094531 0.308594 0.039062 0.035937
0 0.082812 0.275781 0.037500 0.039062
0 0.071094 0.239844 0.039062 0.039062
0 0.060937 0.203906 0.040625 0.032813
0 0.043750 0.177344 0.037500 0.032813
0 0.033594 0.150781 0.032813 0.039062
0 0.040625 0.128125 0.043750 0.031250
0 0.033594 0.099219 0.042188 0.032813
0 0.017188 0.049219 -0.040625 -0.026562
0 0.028125 0.081250 0.037500 0.040625
0 0.010937 0.182812 -0.031250 -0.031250
0 0.019531 0.210156 -0.045312 -0.020313
0 0.032813 0.242188 -0.037500 -0.031250
0 0.042969 0.273438 -0.035937 -0.025000
0 0.053125 0.305469 -0.034375 -0.032813
0 0.065625 0.339844 -0.034375 -0.026562
0 0.024219 0.338281 -0.039062 -0.023438
0 0.022656 0.316406 -0.032813 -0.039062
0 0.013281 0.289844 -0.032813 -0.039062
0 0.249219 0.464844 0.042188 0.032813
0 0.339844 0.475000 0.035937 0.037500
0 0.384375 0.461719 0.031250 0.029687
0 0.235937 0.425781 0.043750 0.029687
0 0.234375 0.388281 0.034375 0.032813
0 0.228906 0.341406 0.035937 0.032813
0 0.218750 0.303906 0.034375 0.029687
0 0.213281 0.274219 0.035937 0.026562
0 0.207031 0.243750 0.042188 0.028125
0 0.195312 0.210938 0.040625 0.034375
0 0.181250 0.178906 0.040625 0.032813
0 0.171094 0.143750 0.035937 0.034375
0 0.161719 0.111719 0.045312 0.026562
0 0.147656 0.080469 0.051562 0.035937
0 0.144531 0.052344 0.048438 0.026562
0 0.137500 0.028906 0.043750 0.035937
0 0.091406 0.023438 -0.045312 -0.034375
0 0.102344 0.050781 0.042188 0.032813
0 0.103125 0.084375 0.034375 0.031250
0 0.117188 0.110937 0.050000 0.040625
0 0.129688 0.138281 0.043750 0.039062
0 0.139063 0.167187 0.040625 0.031250
0 0.143750 0.191406 0.040625 0.039062
0 0.156250 0.225781 0.043750 0.035937
0 0.160938 0.253906 0.040625 0.035937
0 0.171875 0.282813 0.043750 0.034375
0 0.178125 0.314063 0.043750 0.040625
0 0.187500 0.346094 0.043750 0.039062
0 0.193750 0.378125 0.043750 0.037500
0 0.205469 0.410156 0.042188 0.032813
0 0.203906 0.438281 0.032813 0.026562
0 0.007812 0.013281 -0.031250 -0.026562
0 0.054688 0.022656 0.043750 0.032813
0 0.065625 0.050781 0.040625 0.032813
0 0.074219 0.078906 0.039062 0.029687
0 0.078125 0.105469 0.040625 0.035937
0 0.089063 0.139844 0.043750 0.035937
0 0.100000 0.174219 0.043750 0.035937
0 0.106250 0.208594 0.037500 0.029687
0 0.118750 0.242188 0.043750 0.040625
0 0.127344 0.271875 0.045312 0.031250
0 0.135937 0.300000 0.034375 0.034375
0 0.141406 0.327344 0.035937 0.032813
0 0.148438 0.360156 0.037500 0.035937
0 0.156250 0.408594 0.043750 0.039062
0 0.296875 0.457813 0.040625 0.034375
0 0.279687 0.426563 0.040625 0.031250
0 0.272656 0.400781 0.032813 0.023438
0 0.261719 0.334375 0.032813 0.031250
0 0.253906 0.306250 0.035937 0.031250
0 0.249219 0.271875 0.039062 0.037500
0 0.241406 0.233594 0.039062 0.029687
0 0.232813 0.203125 0.037500 0.034375
0 0.218750 0.167969 0.034375 0.032813
0 0.209375 0.139844 0.037500 0.029687
0 0.201563 0.114844 0.031250 0.029687
0 0.193750 0.089063 0.037500 0.028125
0 0.189062 0.060937 0.037500 0.031250
0 0.179688 0.033594 0.031250 0.035937
0 0.212500 0.015625 0.031250 0.025000
0 0.228125 0.070312 0.031250 0.034375
0 0.237500 0.096094 0.037500 0.035937
0 0.246094 0.127344 0.035937 0.029687
0 0.253125 0.152344 0.034375 0.032813
0 0.263281 0.176563 0.042188 0.028125
0 0.269531 0.200000 0.032813 0.031250
0 0.277344 0.225000 0.039062 0.040625
0 0.284375 0.254688 0.034375 0.031250
0 0.289844 0.280469 0.039062 0.032813
0 0.292969 0.308594 0.051562 0.029687
0 0.300781 0.330469 0.042188 0.026562
0 0.306250 0.357031 0.040625 0.029687
0 0.269531 0.367969 0.039062 0.029687
0 0.314844 0.382812 0.042188 0.034375
0 0.321875 0.414062 0.040625 0.028125
0 0.328125 0.439063 0.034375 0.031250
0 0.259375 0.028906 0.043750 0.032813
0 0.270313 0.054688 0.046875 0.028125
0 0.277344 0.082812 0.042188 0.031250
0 0.280469 0.110937 0.048438 0.037500
0 0.286719 0.139063 0.039062 0.034375
0 0.289062 0.164062 0.037500 0.031250
0 0.307031 0.194531 0.045312 0.035937
0 0.317969 0.227344 0.039062 0.039062
0 0.324219 0.257031 0.035937 0.029687
0 0.325781 0.282031 0.039062 0.029687
0 0.341406 0.309375 0.048438 0.037500
0 0.348438 0.345313 0.046875 0.034375
0 0.360938 0.373437 0.043750 0.034375
0 0.364844 0.406250 0.039062 0.034375
0 0.368750 0.440625 0.043750 0.028125
0 0.298438 0.016406 0.037500 0.029687
0 0.303125 0.046875 0.043750 0.040625
0 0.311719 0.085156 0.042188 0.032813
0 0.321094 0.114844 0.039062 0.032813
0 0.328906 0.144531 0.035937 0.032813
0 0.330469 0.168750 0.035937 0.028125
0 0.340625 0.191406 0.034375 0.035937
0 0.346875 0.221875 0.037500 0.034375
0 0.359375 0.253906 0.053125 0.039062
0 0.371875 0.282031 0.037500 0.032813
0 0.382031 0.310937 0.042188 0.031250
0 0.398438 0.373437 0.040625 0.031250
0 0.389844 0.342187 0.042188 0.034375
0 0.408594 0.406250 0.042188 0.037500
0 0.413281 0.439844 0.039062 0.042188
0 0.333594 0.015625 -0.035937 -0.018750
0 0.339844 0.039844 0.032813 0.035937
0 0.347656 0.073438 0.032813 0.037500
0 0.365625 0.114062 0.031250 0.034375
0 0.374219 0.151562 0.045312 0.043750
0 0.388281 0.189062 0.048438 0.043750
0 0.396875 0.222656 0.040625 0.035937
0 0.406250 0.253906 0.043750 0.039062
0 0.413281 0.286719 0.045312 0.039062
0 0.425781 0.317969 0.045312 0.035937
0 0.426563 0.353125 0.034375 0.037500
0 0.432031 0.381250 0.035937 0.031250
0 0.439844 0.407031 0.042188 0.032813
0 0.450000 0.440625 0.037500 0.034375
0 0.488281 0.469531 0.042188 0.029687
0 0.486719 0.439844 0.039062 0.035937
0 0.482031 0.410938 0.039062 0.037500
0 0.474219 0.374219 0.042188 0.039062
0 0.471094 0.337500 0.039062 0.040625
0 0.464844 0.300000 0.039062 0.037500
0 0.443750 0.267969 0.034375 0.029687
0 0.435156 0.236719 0.039062 0.039062
0 0.429688 0.205469 0.046875 0.039062
0 0.422656 0.173437 0.039062 0.037500
0 0.416406 0.142187 0.039062 0.037500
0 0.409375 0.118750 0.034375 0.025000
0 0.400781 0.088281 0.039062 0.032813
0 0.390625 0.064844 0.040625 0.032813
0 0.385937 0.043750 0.037500 0.037500
0 0.374219 0.017188 0.032813 0.028125
0 0.420312 0.010937 0.037500 0.018750
0 0.428906 0.030469 0.045312 0.026562
0 0.434375 0.056250 0.053125 0.034375
0 0.442188 0.085156 0.043750 0.035937
0 0.456250 0.117188 0.040625 0.034375
0 0.461719 0.146094 0.035937 0.032813
0 0.466406 0.172656 0.042188 0.026562
0 0.471094 0.195312 0.045312 0.034375
0 0.474219 0.227344 0.042188 0.032813
0 0.486719 0.258594 0.035937 0.035937
0 0.497656 0.290625 0.039062 0.043750
0 0.508594 0.325781 0.039062 0.035937
0 0.514062 0.358594 0.040625 0.035937
0 0.517188 0.388281 0.043750 0.029687
0 0.524219 0.411719 0.042188 0.032813
0 0.530469 0.442969 0.032813 0.029687
0 0.532031 0.467187 0.026562 0.028125
0 0.564063 0.471875 0.034375 0.028125
0 0.562500 0.439844 0.037500 0.029687
0 0.553125 0.407813 0.034375 0.028125
0 0.543750 0.382031 0.031250 0.029687
0 0.542188 0.349219 0.031250 0.029687
0 0.535156 0.314063 0.035937 0.034375
0 0.532031 0.280469 0.035937 0.029687
0 0.524219 0.255469 0.045312 0.029687
0 0.516406 0.227344 0.032813 0.026562
0 0.511719 0.203125 0.035937 0.028125
0 0.506250 0.175781 0.037500 0.023438
0 0.499219 0.154688 0.039062 0.031250
0 0.493750 0.128906 0.034375 0.026562
0 0.489844 0.107031 0.039062 0.032813
0 0.475000 0.075781 0.034375 0.032813
0 0.469531 0.048438 0.032813 0.028125
0 0.461719 0.021094 0.032813 0.029687
0 0.500000 0.014844 0.034375 0.020313
0 0.510156 0.042188 0.039062 0.025000
0 0.517188 0.077344 0.037500 0.032813
0 0.532031 0.114844 0.035937 0.026562
0 0.534375 0.144531 0.034375 0.029687
0 0.546094 0.172656 0.032813 0.032813
0 0.545312 0.207031 0.034375 0.026562
0 0.565625 0.260937 0.031250 0.025000
0 0.571875 0.283594 0.037500 0.029687
0 0.571875 0.307031 0.034375 0.029687
0 0.576562 0.331250 0.034375 0.021875
0 0.583594 0.357031 0.039062 0.023438
0 0.585156 0.382031 0.039062 0.023438
0 0.592969 0.408594 0.039062 0.026562
0 0.600781 0.432031 0.039062 0.020313
0 0.597656 0.457813 0.035937 0.031250
