0 0.973437 0.014844 0.043750 0.029687
0 0.982031 0.045312 0.032813 0.021875
0 0.987500 0.071875 0.018750 0.018750
0 0.990625 0.095312 0.012500 0.015625
0 0.932031 0.018750 0.035937 0.028125
0 0.942969 0.051562 0.042188 0.031250
0 0.952344 0.080469 0.035937 0.026562
0 0.968750 0.114844 0.031250 0.032813
0 0.978125 0.147656 0.031250 0.026562
0 0.982812 0.178906 0.021875 0.029687
0 0.985156 0.202344 0.023438 0.029687
0 0.992188 0.119531 0.006250 0.026562
0 0.889844 0.018750 -0.032813 -0.031250
0 0.900000 0.048438 0.025000 0.021875
0 0.905469 0.068750 0.020313 0.015625
0 0.918750 0.088281 0.031250 0.026562
0 0.925781 0.116406 0.029687 0.026562
0 0.937500 0.152344 0.021875 0.020313
0 0.950781 0.175000 0.029687 0.021875
0 0.955469 0.193750 0.023438 0.021875
0 0.967187 0.218750 0.028125 0.021875
0 0.975781 0.247656 0.035937 0.029687
0 0.981250 0.274219 0.025000 0.020313
0 0.985156 0.299219 0.023438 0.026562
0 0.989062 0.325781 0.015625 0.023438
0 0.992969 0.352344 0.010937 0.023438
0 0.854688 0.014844 -0.031250 -0.026562
0 0.863281 0.042188 0.035937 0.031250
0 0.875000 0.068750 0.031250 0.028125
0 0.886719 0.094531 0.026562 0.023438
0 0.889844 0.118750 0.029687 0.021875
0 0.897656 0.148438 0.032813 0.028125
0 0.910156 0.177344 0.032813 0.023438
0 0.924219 0.200781 0.039062 0.023438
0 0.933594 0.226562 0.042188 0.021875
0 0.937500 0.257031 0.037500 0.032813
0 0.946094 0.289844 0.035937 0.023438
0 0.953906 0.311719 0.042188 0.026562
0 0.964844 0.340625 0.045312 0.025000
0 0.971094 0.368750 0.042188 0.031250
0 0.977344 0.400000 0.039062 0.028125
0 0.983594 0.426563 0.029687 0.021875
0 0.987500 0.445312 0.018750 0.021875
0 0.991406 0.469531 0.010937 0.023438
0 0.993750 0.495312 0.006250 0.028125
0 0.817187 0.013281 -0.040625 -0.023438
0 0.822656 0.042188 -0.035937 -0.031250
0 0.833594 0.073438 0.045312 0.037500
0 0.846094 0.112500 0.039062 0.037500
0 0.859375 0.146094 0.040625 0.032813
0 0.868750 0.182031 0.037500 0.035937
0 0.882031 0.219531 0.048438 0.032813
0 0.894531 0.257031 0.045312 0.032813
0 0.909375 0.294531 0.037500 0.032813
0 0.916406 0.326562 0.035937 0.025000
0 0.921875 0.353906 0.034375 0.035937
0 0.935937 0.387500 0.031250 0.025000
0 0.945312 0.414844 0.028125 0.029687
0 0.954688 0.446875 0.037500 0.031250
0 0.964063 0.475000 0.031250 0.021875
0 0.771875 0.019531 -0.046875 -0.035937
0 0.782813 0.056250 0.043750 0.034375
0 0.793750 0.093750 0.034375 0.031250
0 0.806250 0.124219 0.031250 0.035937
0 0.815625 0.153125 0.034375 0.034375
0 0.828125 0.185938 0.034375 0.040625
0 0.842969 0.228906 0.042188 0.045312
0 0.860156 0.268750 0.032813 0.031250
0 0.872656 0.298438 0.032813 0.031250
0 0.876563 0.331250 0.021875 0.028125
0 0.889062 0.357031 0.034375 0.023438
0 0.886719 0.328125 0.023438 0.028125
0 0.897656 0.385937 0.035937 0.028125
0 0.910156 0.416406 0.039062 0.032813
0 0.917969 0.451562 0.035937 0.034375
0 0.928906 0.485938 0.048438 0.031250
0 0.935937 0.516406 0.040625 0.032813
0 0.970313 0.501563 0.037500 0.031250
0 0.734375 0.011719 -0.028125 -0.020313
0 0.742969 0.033594 0.026562 0.026562
0 0.747656 0.060156 0.032813 0.026562
0 0.761719 0.087500 0.032813 0.028125
0 0.767969 0.116406 0.035937 0.026562
0 0.780469 0.149219 0.032813 0.026562
0 0.791406 0.180469 0.035937 0.032813
0 0.800000 0.208594 0.018750 0.026562
0 0.814063 0.237500 0.031250 0.034375
0 0.825000 0.265625 0.031250 0.031250
0 0.837500 0.298438 0.031250 0.028125
0 0.850000 0.328906 0.028125 0.029687
0 0.855469 0.354687 0.039062 0.028125
0 0.864062 0.379688 0.031250 0.031250
0 0.871875 0.411719 0.031250 0.029687
0 0.878906 0.440625 0.035937 0.028125
0 0.883594 0.469531 0.032813 0.029687
0 0.891406 0.505469 0.039062 0.032813
0 0.700000 0.016406 -0.037500 -0.029687
0 0.707031 0.043750 0.039062 0.031250
0 0.712500 0.075000 0.037500 0.025000
0 0.723437 0.101562 0.034375 0.028125
0 0.730469 0.128906 0.035937 0.023438
0 0.735156 0.151562 0.032813 0.025000
0 0.750781 0.180469 0.035937 0.032813
0 0.767969 0.215625 0.032813 0.037500
0 0.782031 0.252344 0.032813 0.029687
0 0.787500 0.282031 0.037500 0.035937
0 0.799219 0.317969 0.039062 0.032813
0 0.807813 0.350781 0.037500 0.029687
0 0.815625 0.378906 0.031250 0.029687
0 0.826562 0.407031 0.037500 0.026562
0 0.834375 0.439844 0.040625 0.029687
0 0.841406 0.471875 0.042188 0.031250
0 0.856250 0.502344 0.031250 0.023438
0 0.653906 0.017188 -0.045312 -0.031250
0 0.660937 0.050781 0.040625 0.035937
0 0.674219 0.084375 0.035937 0.031250
0 0.690625 0.118750 0.034375 0.028125
0 0.699219 0.150781 0.032813 0.035937
0 0.710938 0.185938 0.043750 0.031250
0 0.721875 0.221094 0.040625 0.029687
0 0.738281 0.254688 0.039062 0.034375
0 0.747656 0.288281 0.035937 0.032813
0 0.759375 0.320312 0.040625 0.028125
0 0.769531 0.346875 0.032813 0.034375
0 0.779687 0.379688 0.034375 0.028125
0 0.789062 0.413281 0.043750 0.032813
0 0.800781 0.445312 0.035937 0.028125
0 0.811719 0.482031 0.039062 0.035937
0 0.819531 0.509375 0.035937 0.025000
0 0.609375 0.012500 -0.031250 -0.025000
0 0.617969 0.040625 0.042188 0.031250
0 0.625000 0.070312 0.037500 0.028125
0 0.637500 0.098437 0.040625 0.028125
0 0.648438 0.125000 0.031250 0.025000
0 0.657813 0.147656 0.031250 0.029687
0 0.665625 0.178125 0.037500 0.034375
0 0.674219 0.211719 0.042188 0.042188
0 0.692187 0.257031 0.037500 0.045312
0 0.708594 0.293750 0.039062 0.040625
0 0.722656 0.326562 0.035937 0.028125
0 0.730469 0.356250 0.039062 0.028125
0 0.741406 0.386719 0.039062 0.029687
0 0.748437 0.418750 0.043750 0.028125
0 0.758594 0.445312 0.051562 0.028125
0 0.765625 0.475781 0.046875 0.026562
0 0.782813 0.510938 0.040625 0.034375
0 0.567969 0.011719 -0.035937 -0.020313
0 0.576562 0.038281 0.034375 0.029687
0 0.588281 0.069531 0.035937 0.029687
0 0.595313 0.093750 0.021875 0.018750
0 0.609375 0.117188 0.028125 0.025000
0 0.616406 0.139844 0.032813 0.023438
0 0.625781 0.164062 0.023438 0.025000
0 0.635938 0.189062 0.031250 0.025000
0 0.645312 0.223438 0.040625 0.034375
0 0.651563 0.260156 0.040625 0.035937
0 0.664062 0.296094 0.043750 0.032813
0 0.680469 0.331250 0.042188 0.034375
0 0.689844 0.369531 0.042188 0.039062
0 0.700781 0.408594 0.042188 0.032813
0 0.710938 0.441406 0.034375 0.035937
0 0.723437 0.475000 0.037500 0.028125
0 0.738281 0.507812 0.048438 0.025000
0 0.529687 0.013281 -0.037500 -0.023438
0 0.535937 0.039062 0.046875 0.028125
0 0.543750 0.066406 0.037500 0.032813
0 0.558594 0.095312 0.045312 0.028125
0 0.568750 0.125781 0.043750 0.032813
0 0.582812 0.160938 0.043750 0.028125
0 0.595313 0.191406 0.040625 0.029687
0 0.600781 0.221875 0.032813 0.031250
0 0.610938 0.248438 0.031250 0.028125
0 0.619531 0.277344 0.029687 0.026562
0 0.628125 0.308594 0.031250 0.029687
0 0.641406 0.337500 0.042188 0.028125
0 0.647656 0.370312 0.039062 0.031250
0 0.662500 0.404687 0.037500 0.040625
0 0.671875 0.439844 0.031250 0.032813
0 0.682813 0.473438 0.037500 0.025000
0 0.695312 0.503906 0.043750 0.032813
0 0.711719 0.533594 0.032813 0.032813
0 0.494531 0.014844 -0.035937 -0.029687
0 0.500000 0.042969 0.031250 0.029687
0 0.511719 0.072656 0.023438 0.026562
0 0.520312 0.103125 0.037500 0.031250
0 0.531250 0.135156 0.031250 0.029687
0 0.549219 0.169531 0.032813 0.029687
0 0.552344 0.201563 0.032813 0.028125
0 0.566406 0.232031 0.035937 0.035937
0 0.577344 0.267969 0.039062 0.032813
0 0.590625 0.303125 0.031250 0.034375
0 0.596094 0.336719 0.023438 0.029687
0 0.605469 0.361719 0.035937 0.020313
0 0.614062 0.388281 0.034375 0.032813
0 0.624219 0.415625 0.032813 0.025000
0 0.637500 0.446094 0.034375 0.026562
0 0.650000 0.473438 0.037500 0.025000
0 0.655469 0.500781 0.029687 0.032813
0 0.666406 0.530469 0.035937 0.026562
0 0.673438 0.560156 0.037500 0.026562
0 0.679688 0.582031 0.034375 0.014063
0 0.454688 0.021875 0.000000 0.000000
0 0.454688 0.017969 -0.037500 -0.032813
0 0.464062 0.048438 0.046875 0.034375
0 0.477344 0.082812 0.039062 0.040625
0 0.485938 0.110937 0.031250 0.031250
0 0.498437 0.135937 0.034375 0.040625
0 0.510156 0.171094 0.042188 0.039062
0 0.517969 0.207031 0.035937 0.029687
0 0.532813 0.240625 0.037500 0.031250
0 0.539844 0.268750 0.032813 0.031250
0 0.551562 0.300000 0.028125 0.031250
0 0.564844 0.335156 0.039062 0.039062
0 0.577344 0.375000 0.045312 0.034375
0 0.584375 0.409375 0.037500 0.034375
0 0.598437 0.441406 0.031250 0.026562
0 0.612500 0.470313 0.034375 0.028125
0 0.620313 0.501563 0.034375 0.028125
0 0.631250 0.533594 0.034375 0.029687
0 0.639062 0.566406 0.034375 0.029687
0 0.416406 0.017969 -0.032813 -0.035937
0 0.421875 0.048438 0.031250 0.031250
0 0.434375 0.080469 0.046875 0.032813
0 0.446875 0.111719 0.034375 0.023438
0 0.458594 0.137500 0.042188 0.028125
0 0.468750 0.168750 0.037500 0.028125
0 0.477344 0.194531 0.039062 0.023438
0 0.482812 0.217969 0.037500 0.032813
0 0.490625 0.252344 0.043750 0.029687
0 0.506250 0.283594 0.043750 0.026562
0 0.519531 0.312500 0.048438 0.028125
0 0.528125 0.345313 0.043750 0.031250
0 0.539844 0.378906 0.048438 0.032813
0 0.547656 0.412500 0.039062 0.034375
0 0.557813 0.447656 0.043750 0.029687
0 0.571094 0.473438 0.045312 0.025000
0 0.580469 0.500000 0.045312 0.025000
0 0.588281 0.525000 0.045312 0.018750
0 0.596094 0.547656 0.039062 0.032813
0 0.603906 0.578906 0.035937 0.026562
0 0.378125 0.014844 -0.037500 -0.026562
0 0.385937 0.044531 0.037500 0.026562
0 0.389062 0.076563 0.034375 0.031250
0 0.400781 0.110937 0.035937 0.037500
0 0.412500 0.138281 0.037500 0.026562
0 0.423438 0.172656 0.031250 0.032813
0 0.437500 0.202344 0.031250 0.023438
0 0.447656 0.184375 0.014063 0.012500
0 0.444531 0.224219 0.029687 0.026562
0 0.452344 0.251563 0.029687 0.025000
0 0.463281 0.274219 0.029687 0.023438
0 0.471094 0.298438 0.039062 0.025000
0 0.478906 0.322656 0.032813 0.023438
0 0.491406 0.349219 0.029687 0.026562
0 0.503125 0.380469 0.034375 0.026562
0 0.513281 0.410938 0.026562 0.028125
0 0.524219 0.441406 0.023438 0.032813
0 0.534375 0.470313 0.034375 0.025000
0 0.541406 0.500000 0.032813 0.028125
0 0.546875 0.528906 0.034375 0.026562
0 0.553906 0.557031 0.035937 0.026562
0 0.566406 0.589063 0.035937 0.028125
0 0.342969 0.017188 -0.048438 -0.034375
0 0.350000 0.051562 0.037500 0.031250
0 0.358594 0.083594 0.029687 0.026562
0 0.372656 0.116406 0.029687 0.032813
0 0.378906 0.150000 0.032813 0.025000
0 0.393750 0.177344 0.034375 0.026562
0 0.403125 0.206250 0.031250 0.028125
0 0.410938 0.229687 0.037500 0.028125
0 0.419531 0.257812 0.032813 0.025000
0 0.425781 0.285156 0.042188 0.029687
0 0.438281 0.317188 0.039062 0.031250
0 0.450000 0.346875 0.034375 0.028125
0 0.464844 0.375781 0.045312 0.032813
0 0.475000 0.410156 0.043750 0.039062
0 0.482812 0.443750 0.046875 0.028125
0 0.494531 0.476562 0.042188 0.028125
0 0.500781 0.508594 0.045312 0.032813
0 0.513281 0.539062 0.035937 0.021875
0 0.521875 0.562500 0.034375 0.021875
0 0.532813 0.587500 0.037500 0.021875
0 0.296094 0.017188 -0.032813 -0.031250
0 0.304688 0.046875 0.043750 0.028125
0 0.315625 0.076563 0.034375 0.025000
0 0.321094 0.105469 0.042188 0.029687
0 0.336719 0.136719 0.032813 0.026562
0 0.346094 0.169531 0.035937 0.029687
0 0.358594 0.197656 0.042188 0.023438
0 0.368750 0.221875 0.040625 0.028125
0 0.371875 0.175000 -0.018750 -0.021875
0 0.375000 0.253906 0.043750 0.029687
0 0.387500 0.284375 0.043750 0.031250
0 0.402344 0.316406 0.039062 0.035937
0 0.408594 0.351562 0.035937 0.034375
0 0.422656 0.385156 0.035937 0.029687
0 0.431250 0.415625 0.040625 0.031250
0 0.442969 0.446875 0.039062 0.028125
0 0.454688 0.483594 0.037500 0.035937
0 0.463281 0.517188 0.039062 0.031250
0 0.477344 0.549219 0.039062 0.026562
0 0.490625 0.579688 0.034375 0.025000
0 0.261719 0.015625 -0.042188 -0.028125
0 0.266406 0.044531 0.035937 0.029687
0 0.276562 0.075000 0.034375 0.037500
0 0.283594 0.103125 0.032813 0.025000
0 0.297656 0.131250 0.035937 0.028125
0 0.306250 0.161719 0.037500 0.026562
0 0.314844 0.190625 0.035937 0.031250
0 0.324219 0.225000 0.039062 0.034375
0 0.332031 0.257031 0.032813 0.026562
0 0.349219 0.286719 0.032813 0.026562
0 0.356250 0.317188 0.037500 0.025000
0 0.368750 0.351562 0.034375 0.031250
0 0.384375 0.386719 0.037500 0.023438
0 0.394531 0.417187 0.032813 0.034375
0 0.408594 0.449219 0.032813 0.029687
0 0.417187 0.480469 0.031250 0.026562
0 0.425781 0.507812 0.032813 0.031250
0 0.434375 0.538281 0.034375 0.029687
0 0.443750 0.563281 0.043750 0.039062
0 0.218750 0.014844 -0.046875 -0.029687
0 0.170313 0.014844 -0.050000 -0.029687
0 0.123438 0.017188 -0.046875 -0.031250
0 0.221875 0.044531 0.040625 0.035937
0 0.178125 0.047656 0.040625 0.032813
0 0.136719 0.050000 0.042188 0.028125
0 0.236719 0.077344 0.042188 0.029687
0 0.190625 0.076563 0.043750 0.028125
0 0.148438 0.079687 0.043750 0.025000
0 0.112500 0.075781 -0.043750 -0.026562
0 0.117188 0.105469 0.043750 0.029687
0 0.163281 0.105469 0.048438 0.026562
0 0.205469 0.103906 0.032813 0.029687
0 0.244531 0.104688 0.045312 0.031250
0 0.128125 0.140625 0.046875 0.028125
0 0.172656 0.135156 0.048438 0.029687
0 0.215625 0.132031 0.037500 0.026562
0 0.253906 0.132812 0.035937 0.031250
0 0.103906 0.183594 -0.032813 -0.029687
0 0.140625 0.170313 0.040625 0.025000
0 0.180469 0.165625 0.051562 0.028125
0 0.225000 0.160156 0.037500 0.026562
0 0.233594 0.179688 0.029687 0.015625
0 0.267188 0.164062 0.034375 0.034375
0 0.272656 0.200000 0.045312 0.031250
0 0.235156 0.200781 -0.020313 -0.017188
0 0.247656 0.219531 0.020313 0.020313
0 0.195312 0.190625 -0.037500 -0.021875
0 0.156250 0.194531 -0.053125 -0.026562
0 0.112500 0.201563 -0.040625 -0.015625
0 0.117969 0.223438 0.039062 0.031250
0 0.164062 0.219531 0.046875 0.023438
0 0.207031 0.214062 0.039062 0.025000
0 0.285938 0.228125 0.034375 0.028125
0 0.253125 0.239844 -0.043750 -0.023438
0 0.215625 0.244531 -0.043750 -0.029687
0 0.178125 0.245312 -0.046875 -0.028125
0 0.133594 0.250781 -0.054688 -0.023438
0 0.099219 0.265625 -0.032813 -0.031250
0 0.102344 0.296094 0.032813 0.026562
0 0.144531 0.277344 0.042188 0.032813
0 0.189844 0.275781 0.048438 0.026562
0 0.225781 0.275000 0.039062 0.031250
0 0.260156 0.268750 0.045312 0.037500
0 0.303125 0.264844 0.037500 0.039062
0 0.313281 0.298438 0.039062 0.028125
0 0.319531 0.324219 0.045312 0.029687
0 0.326562 0.350000 0.040625 0.028125
0 0.341406 0.378125 0.039062 0.031250
0 0.348438 0.406250 0.040625 0.028125
0 0.361719 0.436719 0.042188 0.026562
0 0.371875 0.464844 0.043750 0.029687
0 0.381250 0.495312 0.034375 0.034375
0 0.396094 0.531250 0.035937 0.031250
0 0.403125 0.567969 0.018750 0.032813
0 0.414062 0.602344 0.037500 0.032813
0 0.272656 0.299219 0.039062 0.023438
0 0.282813 0.322656 0.034375 0.020313
0 0.296094 0.351562 0.032813 0.028125
0 0.307812 0.382031 0.037500 0.035937
0 0.317188 0.410938 0.034375 0.025000
0 0.321875 0.438281 0.031250 0.026562
0 0.332813 0.464062 0.034375 0.034375
0 0.342187 0.492969 0.037500 0.023438
0 0.239844 0.303906 0.035937 0.029687
0 0.199219 0.307031 0.042188 0.029687
0 0.153906 0.309375 0.051562 0.031250
0 0.114062 0.320312 0.034375 0.021875
0 0.106250 0.340625 0.034375 0.021875
0 0.127344 0.341406 0.032813 0.023438
0 0.165625 0.339062 0.040625 0.031250
0 0.207031 0.336719 0.045312 0.032813
0 0.249219 0.334375 0.042188 0.034375
0 0.260937 0.370312 0.037500 0.028125
0 0.218750 0.367969 0.040625 0.029687
0 0.179688 0.370312 0.043750 0.031250
0 0.143750 0.369531 0.037500 0.032813
0 0.075000 0.344531 0.025000 0.023438
0 0.099219 0.366406 0.051562 0.029687
0 0.104688 0.394531 0.040625 0.026562
0 0.143750 0.398438 0.034375 0.028125
0 0.190625 0.400781 0.050000 0.023438
0 0.235937 0.403906 0.037500 0.026562
0 0.273438 0.403906 0.037500 0.035937
0 0.117188 0.421875 -0.028125 -0.028125
0 0.980469 0.525781 0.035937 0.026562
0 0.987500 0.548438 0.021875 0.021875
0 0.944531 0.544531 0.032813 0.026562
0 0.956250 0.566406 0.037500 0.032813
0 0.988281 0.575000 0.020313 0.028125
0 0.963281 0.593750 0.023438 0.028125
0 0.990625 0.604688 0.012500 0.025000
0 0.967187 0.621094 0.034375 0.023438
0 0.978906 0.643750 0.029687 0.031250
0 0.993750 0.630469 0.009375 0.023438
0 0.982812 0.667969 0.028125 0.029687
0 0.985938 0.692187 0.021875 0.021875
0 0.992188 0.712500 0.012500 0.025000
0 0.896875 0.531250 0.040625 0.028125
0 0.914062 0.556250 0.031250 0.021875
0 0.916406 0.578125 0.032813 0.025000
0 0.927344 0.602344 0.045312 0.026562
0 0.939063 0.635156 0.040625 0.032813
0 0.943750 0.664844 0.040625 0.026562
0 0.955469 0.694531 0.042188 0.026562
0 0.962500 0.717187 0.043750 0.028125
0 0.972656 0.744531 0.048438 0.026562
0 0.977344 0.773438 0.039062 0.031250
0 0.985938 0.805469 0.025000 0.035937
0 0.991406 0.835156 0.010937 0.029687
0 0.864062 0.528125 0.031250 0.028125
0 0.875781 0.557813 0.023438 0.034375
0 0.886719 0.587500 0.029687 0.025000
0 0.889844 0.615625 0.029687 0.037500
0 0.900781 0.648438 0.032813 0.031250
0 0.903125 0.673438 0.037500 0.031250
0 0.915625 0.699219 0.034375 0.026562
0 0.926562 0.723437 0.037500 0.028125
0 0.935156 0.752344 0.032813 0.032813
0 0.947656 0.781250 0.032813 0.034375
0 0.953125 0.814063 0.034375 0.031250
0 0.970313 0.846875 0.037500 0.034375
0 0.975781 0.875000 0.026562 0.037500
0 0.984375 0.900000 0.021875 0.034375
0 0.986719 0.924219 0.017188 0.035937
0 0.992969 0.960938 0.007812 0.031250
0 0.827344 0.532031 0.032813 0.035937
0 0.842187 0.567969 0.037500 0.035937
0 0.846875 0.599219 0.040625 0.032813
0 0.856250 0.628125 0.034375 0.028125
0 0.867969 0.658594 0.039062 0.029687
0 0.877344 0.691406 0.032813 0.032813
0 0.889844 0.726562 0.048438 0.037500
0 0.900000 0.757812 0.040625 0.034375
0 0.912500 0.788281 0.040625 0.045312
0 0.925781 0.823438 0.039062 0.031250
0 0.931250 0.853125 0.037500 0.031250
0 0.939844 0.881250 0.051562 0.034375
0 0.949219 0.911719 0.048438 0.032813
0 0.957031 0.939063 0.039062 0.025000
0 0.966406 0.963281 0.039062 0.023438
0 0.976562 0.985938 0.034375 0.018750
0 0.789062 0.546094 0.040625 0.026562
0 0.798438 0.574219 0.040625 0.035937
0 0.814063 0.607812 0.037500 0.034375
0 0.825781 0.642188 0.035937 0.031250
0 0.833594 0.668750 0.035937 0.031250
0 0.836719 0.694531 0.039062 0.029687
0 0.847656 0.721875 0.035937 0.028125
0 0.860938 0.753906 0.037500 0.029687
0 0.868750 0.782813 0.040625 0.034375
0 0.878906 0.816406 0.039062 0.032813
0 0.889844 0.846094 0.042188 0.029687
0 0.892969 0.874219 0.035937 0.032813
0 0.902344 0.904687 0.039062 0.031250
0 0.914844 0.935937 0.039062 0.031250
0 0.926562 0.963281 0.046875 0.026562
0 0.937500 0.987500 0.037500 0.021875
0 0.746094 0.538281 0.035937 0.029687
0 0.753906 0.567187 0.029687 0.028125
0 0.764062 0.592187 0.037500 0.031250
0 0.775781 0.625000 0.039062 0.028125
0 0.785937 0.652344 0.034375 0.026562
0 0.792969 0.682031 0.039062 0.026562
0 0.801562 0.707812 0.037500 0.031250
0 0.810937 0.740625 0.034375 0.034375
0 0.819531 0.764062 0.035937 0.025000
0 0.830469 0.787500 0.035937 0.025000
0 0.835156 0.817187 0.042188 0.028125
0 0.849219 0.850000 0.042188 0.037500
0 0.861719 0.882031 0.035937 0.029687
0 0.874219 0.914062 0.045312 0.028125
0 0.878906 0.938281 0.045312 0.035937
0 0.893750 0.966406 0.043750 0.023438
0 0.896094 0.985156 0.039062 0.026562
0 0.716406 0.564844 0.035937 0.026562
0 0.725000 0.582812 0.040625 0.031250
0 0.732812 0.610938 0.034375 0.034375
0 0.743750 0.640625 0.031250 0.025000
0 0.746875 0.664844 0.040625 0.035937
0 0.755469 0.695312 0.035937 0.028125
0 0.767969 0.726562 0.039062 0.028125
0 0.775781 0.750781 0.035937 0.029687
0 0.782031 0.775000 0.039062 0.028125
0 0.794531 0.796875 0.035937 0.025000
0 0.803125 0.825781 0.028125 0.032813
0 0.814844 0.851562 0.026562 0.028125
0 0.824219 0.877344 0.023438 0.029687
0 0.829688 0.901563 0.028125 0.028125
0 0.839063 0.927344 0.028125 0.029687
0 0.847656 0.951562 0.029687 0.025000
0 0.854688 0.971875 0.034375 0.028125
0 0.852344 0.985938 0.042188 0.021875
0 0.682031 0.599219 0.039062 0.029687
0 0.690625 0.628906 0.046875 0.029687
0 0.706250 0.660937 0.040625 0.031250
0 0.717969 0.693750 0.032813 0.028125
0 0.727344 0.725000 0.035937 0.028125
0 0.736719 0.758594 0.035937 0.039062
0 0.750781 0.792188 0.032813 0.031250
0 0.764062 0.818750 0.037500 0.028125
0 0.771875 0.847656 0.037500 0.026562
0 0.780469 0.875000 0.051562 0.031250
0 0.792188 0.907813 0.043750 0.031250
0 0.800000 0.936719 0.043750 0.023438
0 0.810937 0.960938 0.053125 0.028125
0 0.814844 0.984375 0.039062 0.025000
0 0.645312 0.596875 0.034375 0.028125
0 0.654687 0.623437 0.034375 0.031250
0 0.664844 0.648438 0.039062 0.031250
0 0.670312 0.679688 0.046875 0.028125
0 0.681250 0.706250 0.034375 0.028125
0 0.690625 0.735156 0.037500 0.029687
0 0.697656 0.762500 0.039062 0.034375
0 0.715625 0.796875 0.040625 0.031250
0 0.728125 0.828125 0.037500 0.028125
0 0.732812 0.855469 0.031250 0.026562
0 0.743750 0.879687 0.028125 0.025000
0 0.751563 0.907031 0.034375 0.023438
0 0.755469 0.928125 0.035937 0.025000
0 0.768750 0.955469 0.040625 0.029687
0 0.775781 0.981250 0.042188 0.031250
0 0.605469 0.601562 0.035937 0.021875
0 0.614844 0.621094 0.042188 0.023438
0 0.624219 0.647656 0.032813 0.026562
0 0.632812 0.677344 0.034375 0.029687
0 0.642969 0.703906 0.039062 0.035937
0 0.653906 0.735156 0.029687 0.026562
0 0.659375 0.760938 0.037500 0.021875
0 0.667188 0.786719 0.034375 0.026562
0 0.680469 0.814063 0.042188 0.025000
0 0.689844 0.839844 0.039062 0.029687
0 0.696875 0.871094 0.040625 0.026562
0 0.707812 0.896875 0.040625 0.025000
0 0.716406 0.924219 0.032813 0.026562
0 0.725781 0.952344 0.048438 0.023438
0 0.737500 0.971094 0.043750 0.023438
0 0.739062 0.989062 0.034375 0.018750
0 0.573438 0.610938 0.031250 0.025000
0 0.575781 0.635156 0.039062 0.023438
0 0.583594 0.660156 0.042188 0.026562
0 0.592969 0.686719 0.039062 0.026562
0 0.601562 0.712500 0.031250 0.025000
0 0.612500 0.737500 0.040625 0.028125
0 0.621094 0.765625 0.042188 0.025000
0 0.632031 0.792188 0.032813 0.028125
0 0.640625 0.818750 0.034375 0.025000
0 0.653125 0.846875 0.037500 0.031250
0 0.660937 0.875781 0.034375 0.020313
0 0.672656 0.899219 0.023438 0.029687
0 0.685156 0.928125 0.032813 0.021875
0 0.685937 0.957031 0.031250 0.032813
0 0.692187 0.980469 0.040625 0.020313
0 0.696875 0.990625 0.040625 0.015625
0 0.534375 0.610938 0.034375 0.021875
0 0.546875 0.637500 0.037500 0.031250
0 0.550781 0.660937 0.035937 0.028125
0 0.558594 0.690625 0.042188 0.028125
0 0.570312 0.719531 0.040625 0.026562
0 0.577344 0.750000 0.039062 0.031250
0 0.588281 0.775000 0.026562 0.028125
0 0.594531 0.800000 0.035937 0.025000
0 0.607031 0.828125 0.042188 0.031250
0 0.622656 0.859375 0.039062 0.031250
0 0.630469 0.888281 0.045312 0.026562
0 0.635156 0.914062 0.054688 0.028125
0 0.652344 0.944531 0.042188 0.023438
0 0.657031 0.967187 0.035937 0.031250
0 0.662500 0.987500 0.031250 0.018750
0 0.498437 0.609375 0.034375 0.025000
0 0.502344 0.636719 0.032813 0.026562
0 0.512500 0.660156 0.037500 0.026562
0 0.520312 0.690625 0.031250 0.028125
0 0.531250 0.719531 0.034375 0.029687
0 0.539844 0.749219 0.035937 0.023438
0 0.549219 0.773438 0.045312 0.021875
0 0.558594 0.800000 0.042188 0.025000
0 0.568750 0.828125 0.037500 0.028125
0 0.578906 0.857031 0.035937 0.026562
0 0.586719 0.886719 0.035937 0.023438
0 0.594531 0.910937 0.032813 0.025000
0 0.603906 0.935937 0.039062 0.028125
0 0.613281 0.965625 0.039062 0.025000
0 0.617969 0.988281 0.035937 0.020313
0 0.455469 0.596875 0.039062 0.031250
0 0.460938 0.628125 0.043750 0.037500
0 0.471094 0.661719 0.032813 0.032813
0 0.483594 0.692969 0.035937 0.029687
0 0.495312 0.722656 0.034375 0.032813
0 0.504687 0.755469 0.037500 0.026562
0 0.513281 0.786719 0.035937 0.029687
0 0.525781 0.817969 0.045312 0.032813
0 0.538281 0.854688 0.042188 0.037500
0 0.543750 0.885156 0.043750 0.029687
0 0.556250 0.914062 0.046875 0.028125
0 0.562500 0.939844 0.037500 0.026562
0 0.568750 0.961719 0.043750 0.023438
0 0.575781 0.985938 0.039062 0.025000
0 0.418750 0.628906 0.037500 0.029687
0 0.428125 0.657813 0.034375 0.028125
0 0.438281 0.678125 0.039062 0.015625
0 0.442188 0.697656 0.031250 0.020313
0 0.450781 0.720313 0.048438 0.028125
0 0.457813 0.745313 0.046875 0.025000
0 0.464062 0.772656 0.040625 0.029687
0 0.482031 0.800781 0.045312 0.026562
0 0.489063 0.825781 0.037500 0.023438
0 0.496094 0.850781 0.039062 0.029687
0 0.503125 0.879687 0.034375 0.031250
0 0.511719 0.907813 0.032813 0.031250
0 0.521875 0.936719 0.034375 0.026562
0 0.530469 0.963281 0.039062 0.029687
0 0.538281 0.987500 0.035937 0.018750
0 0.345313 0.516406 0.040625 0.026562
0 0.353906 0.544531 0.042188 0.032813
0 0.361719 0.575000 0.045312 0.034375
0 0.375781 0.607812 0.039062 0.031250
0 0.383594 0.642188 0.032813 0.025000
0 0.395313 0.670312 0.028125 0.028125
0 0.407031 0.696875 0.026562 0.018750
0 0.410938 0.721875 0.034375 0.028125
0 0.426563 0.750781 0.037500 0.032813
0 0.431250 0.781250 0.034375 0.031250
0 0.442188 0.814844 0.040625 0.035937
0 0.451562 0.846875 0.040625 0.028125
0 0.464062 0.878125 0.040625 0.028125
0 0.469531 0.903906 0.029687 0.026562
0 0.481250 0.932031 0.034375 0.026562
0 0.494531 0.958594 0.039062 0.026562
0 0.498437 0.984375 0.037500 0.028125
0 0.284375 0.436719 0.040625 0.023438
0 0.294531 0.466406 0.042188 0.029687
0 0.302344 0.494531 0.035937 0.029687
0 0.314844 0.521875 0.032813 0.031250
0 0.326562 0.550781 0.028125 0.026562
0 0.332813 0.582031 0.034375 0.029687
0 0.338281 0.613281 0.035937 0.023438
0 0.357031 0.645312 0.032813 0.028125
0 0.361719 0.672656 0.026562 0.029687
0 0.374219 0.695312 0.035937 0.031250
0 0.376563 0.727344 0.034375 0.029687
0 0.398438 0.755469 0.031250 0.035937
0 0.400781 0.782813 0.029687 0.025000
0 0.403125 0.812500 0.037500 0.037500
0 0.414062 0.848437 0.034375 0.031250
0 0.423438 0.875781 0.034375 0.026562
0 0.432812 0.905469 0.034375 0.035937
0 0.443750 0.938281 0.031250 0.029687
0 0.453906 0.964844 0.035937 0.020313
0 0.460938 0.986719 0.034375 0.023438
0 0.244531 0.429688 0.035937 0.021875
0 0.250781 0.455469 0.035937 0.029687
0 0.260937 0.482812 0.037500 0.028125
0 0.271875 0.511719 0.040625 0.026562
0 0.280469 0.534375 0.039062 0.028125
0 0.289062 0.557031 0.040625 0.026562
0 0.295312 0.582031 0.034375 0.029687
0 0.302344 0.611719 0.035937 0.026562
0 0.315625 0.641406 0.043750 0.029687
0 0.332031 0.670312 0.035937 0.028125
0 0.346094 0.704688 0.032813 0.028125
0 0.350781 0.735156 0.029687 0.032813
0 0.366406 0.761719 0.035937 0.032813
0 0.368750 0.791406 0.034375 0.026562
0 0.376563 0.823438 0.031250 0.037500
0 0.381250 0.850000 0.031250 0.025000
0 0.394531 0.876563 0.026562 0.028125
0 0.399219 0.904687 0.029687 0.028125
0 0.405469 0.934375 0.035937 0.025000
0 0.414844 0.960156 0.032813 0.023438
0 0.425781 0.985938 0.032813 0.025000
0 0.202344 0.425000 0.042188 0.021875
0 0.216406 0.449219 0.045312 0.032813
0 0.223438 0.478906 0.040625 0.032813
0 0.230469 0.507812 0.039062 0.028125
0 0.241406 0.539062 0.042188 0.028125
0 0.249219 0.566406 0.032813 0.026562
0 0.259375 0.596094 0.034375 0.026562
0 0.267969 0.625000 0.035937 0.025000
0 0.279687 0.654687 0.034375 0.028125
0 0.296875 0.685156 0.037500 0.032813
0 0.307812 0.702344 0.040625 0.029687
0 0.314063 0.732812 0.034375 0.025000
0 0.321875 0.762500 0.050000 0.028125
0 0.329688 0.785156 0.043750 0.026562
0 0.335938 0.811719 0.040625 0.026562
0 0.342187 0.839844 0.037500 0.029687
0 0.351562 0.867969 0.040625 0.023438
0 0.358594 0.891406 0.039062 0.029687
0 0.368750 0.917969 0.031250 0.026562
0 0.375000 0.945312 0.034375 0.025000
0 0.381250 0.970313 0.037500 0.021875
0 0.392188 0.986719 0.031250 0.020313
0 0.157031 0.425781 0.039062 0.023438
0 0.169531 0.450000 0.039062 0.028125
0 0.180469 0.475000 0.035937 0.034375
0 0.190625 0.505469 0.037500 0.032813
0 0.206250 0.539062 0.034375 0.034375
0 0.215625 0.570312 0.037500 0.040625
0 0.222656 0.603125 0.035937 0.034375
0 0.234375 0.638281 0.040625 0.029687
0 0.242188 0.668750 0.046875 0.031250
0 0.257812 0.700000 0.043750 0.028125
0 0.266406 0.731250 0.051562 0.034375
0 0.274219 0.764844 0.045312 0.032813
0 0.286719 0.796875 0.039062 0.034375
0 0.301563 0.832812 0.037500 0.031250
0 0.312500 0.868750 0.037500 0.034375
0 0.321875 0.903906 0.037500 0.026562
0 0.334375 0.931250 0.037500 0.028125
0 0.342969 0.959375 0.029687 0.028125
0 0.347656 0.982812 0.035937 0.031250
0 0.130469 0.449219 0.035937 0.032813
0 0.143750 0.482031 0.031250 0.032813
0 0.155469 0.508594 0.032813 0.035937
0 0.167969 0.539062 0.039062 0.043750
0 0.175000 0.570312 0.034375 0.037500
0 0.182031 0.599219 0.032813 0.029687
0 0.192969 0.625000 0.032813 0.025000
0 0.196875 0.656250 0.040625 0.025000
0 0.204687 0.685937 0.037500 0.037500
0 0.213281 0.720313 0.039062 0.037500
0 0.227344 0.755469 0.039062 0.032813
0 0.238281 0.789844 0.048438 0.032813
0 0.257031 0.826562 0.045312 0.031250
0 0.266406 0.852344 0.039062 0.023438
0 0.271875 0.878906 0.043750 0.026562
0 0.280469 0.906250 0.039062 0.028125
0 0.293750 0.934375 0.043750 0.025000
0 0.300781 0.959375 0.051562 0.025000
0 0.307031 0.984375 0.045312 0.028125
0 0.079687 0.423438 0.040625 0.021875
0 0.088281 0.448437 0.045312 0.025000
0 0.095312 0.476562 0.053125 0.037500
0 0.107031 0.508594 0.051562 0.029687
0 0.117969 0.542188 0.054688 0.040625
0 0.127344 0.580469 0.051562 0.029687
0 0.138281 0.612500 0.051562 0.031250
0 0.153906 0.646094 0.035937 0.029687
0 0.164062 0.678906 0.034375 0.029687
0 0.171875 0.708594 0.034375 0.032813
0 0.182812 0.740625 0.031250 0.025000
0 0.199219 0.769531 0.029687 0.029687
0 0.205469 0.804688 0.035937 0.028125
0 0.220312 0.837500 0.031250 0.034375
0 0.230469 0.869531 0.042188 0.026562
0 0.237500 0.900000 0.034375 0.028125
0 0.251563 0.930469 0.028125 0.029687
0 0.259375 0.962500 0.037500 0.034375
0 0.267188 0.985156 0.037500 0.020313
0 0.070312 0.519531 0.037500 0.032813
0 0.074219 0.550781 0.035937 0.032813
0 0.086719 0.582031 0.026562 0.029687
0 0.071094 0.578906 0.010937 0.023438
0 0.096094 0.612500 0.035937 0.034375
0 0.111719 0.644531 0.042188 0.032813
0 0.122656 0.676562 0.039062 0.034375
0 0.131250 0.706250 0.031250 0.025000
0 0.149219 0.733594 0.029687 0.023438
0 0.160156 0.763281 0.035937 0.035937
0 0.163281 0.792188 0.029687 0.031250
0 0.170313 0.821875 0.046875 0.040625
0 0.182031 0.855469 0.039062 0.029687
0 0.194531 0.882031 0.035937 0.032813
0 0.207813 0.914062 0.037500 0.034375
0 0.221875 0.949219 0.034375 0.035937
0 0.225781 0.978906 0.032813 0.039062
0 0.056250 0.615625 0.037500 0.037500
0 0.068750 0.647656 0.040625 0.023438
0 0.079687 0.679688 0.040625 0.034375
0 0.091406 0.709375 0.048438 0.028125
0 0.107813 0.742188 0.025000 0.037500
0 0.123438 0.778906 0.040625 0.035937
0 0.130469 0.812500 0.045312 0.034375
0 0.141406 0.850000 0.035937 0.034375
0 0.153906 0.889844 0.039062 0.039062
0 0.174219 0.924219 0.035937 0.035937
0 0.182812 0.946875 0.031250 0.028125
0 0.186719 0.973437 0.032813 0.021875
0 0.195312 0.986719 0.028125 0.020313
0 0.038281 0.682031 0.039062 0.035937
0 0.054688 0.710156 0.034375 0.026562
0 0.065625 0.742188 0.043750 0.028125
0 0.082031 0.773438 0.035937 0.028125
0 0.090625 0.796875 0.031250 0.018750
0 0.095312 0.818750 0.034375 0.028125
0 0.104688 0.846094 0.034375 0.023438
0 0.110156 0.869531 0.014063 0.014063
0 0.116406 0.891406 0.029687 0.026562
0 0.129688 0.917969 0.037500 0.029687
0 0.134375 0.943750 0.040625 0.025000
0 0.142187 0.960938 0.040625 0.025000
0 0.150781 0.985156 0.045312 0.026562
0 0.035156 0.750781 0.042188 0.029687
0 0.046094 0.785156 0.051562 0.026562
0 0.051562 0.811719 0.037500 0.032813
0 0.059375 0.843750 0.037500 0.031250
0 0.072656 0.872656 0.032813 0.035937
0 0.077344 0.903906 0.039062 0.029687
0 0.093750 0.933594 0.031250 0.020313
0 0.101562 0.958594 0.031250 0.026562
0 0.108594 0.985938 0.032813 0.021875
0 0.020313 0.829688 0.018750 0.015625
0 0.023438 0.851562 0.037500 0.031250
0 0.030469 0.879687 0.042188 0.028125
0 0.035937 0.907031 0.043750 0.032813
0 0.049219 0.942187 0.048438 0.031250
0 0.067969 0.969531 0.048438 0.026562
0 0.068750 0.983594 0.043750 0.026562
0 0.018750 0.947656 -0.037500 -0.035937
0 0.024219 0.978906 0.039062 0.035937
