0 0.024219 0.966406 0.029687 0.032813
0 0.017188 0.932813 -0.031250 -0.031250
0 0.007812 0.903906 -0.015625 -0.026562
0 0.056250 0.948438 0.028125 0.018750
0 0.051562 0.923438 0.037500 0.028125
0 0.042969 0.900781 0.045312 0.026562
0 0.031250 0.877344 0.040625 0.026562
0 0.008594 0.864062 -0.014063 -0.046875
0 0.033594 0.860156 0.029687 0.023438
0 0.028125 0.837500 0.031250 0.028125
0 0.015625 0.814844 -0.028125 -0.029687
0 0.012500 0.789844 -0.018750 -0.029687
0 0.007812 0.751563 -0.012500 -0.043750
0 0.009375 0.720313 -0.012500 -0.021875
0 0.091406 0.922656 0.035937 0.026562
0 0.086719 0.894531 0.039062 0.029687
0 0.072656 0.865625 0.045312 0.028125
0 0.056250 0.809375 0.043750 0.034375
0 0.067969 0.839844 0.026562 0.020313
0 0.046094 0.778125 0.039062 0.031250
0 0.042969 0.750000 0.045312 0.034375
0 0.034375 0.717187 0.034375 0.031250
0 0.031250 0.686719 0.043750 0.032813
0 0.019531 0.654687 -0.035937 -0.031250
0 0.018750 0.621094 -0.031250 -0.032813
0 0.013281 0.591406 -0.023438 -0.032813
0 0.013281 0.565625 -0.020313 -0.021875
0 0.010937 0.543750 -0.018750 -0.021875
0 0.006250 0.520312 -0.009375 -0.031250
0 0.128906 0.929688 0.042188 0.028125
0 0.125000 0.902344 0.037500 0.029687
0 0.123438 0.875781 0.031250 0.017188
0 0.115625 0.851562 0.037500 0.034375
0 0.100781 0.815625 0.039062 0.040625
0 0.093750 0.780469 0.037500 0.039062
0 0.089063 0.750000 0.043750 0.031250
0 0.067969 0.679688 0.039062 0.031250
0 0.078906 0.716406 0.045312 0.039062
0 0.061719 0.649219 0.042188 0.032813
0 0.053906 0.618750 0.032813 0.031250
0 0.048438 0.586719 0.040625 0.029687
0 0.042969 0.555469 0.032813 0.035937
0 0.034375 0.522656 0.040625 0.032813
0 0.027344 0.494531 -0.042188 -0.023438
0 0.034375 0.469531 -0.034375 -0.029687
0 0.062500 0.474219 0.021875 0.017188
0 0.063281 0.492188 0.023438 0.021875
0 0.078906 0.539844 0.042188 0.032813
0 0.074219 0.513281 0.029687 0.020313
0 0.085938 0.569531 0.046875 0.039062
0 0.100000 0.609375 0.043750 0.034375
0 0.102344 0.639062 0.045312 0.031250
0 0.109375 0.675000 0.037500 0.040625
0 0.117188 0.710938 0.043750 0.037500
0 0.128906 0.746875 0.048438 0.031250
0 0.144531 0.816406 0.042188 0.032813
0 0.135156 0.779687 0.039062 0.034375
0 0.157812 0.879687 0.034375 0.025000
0 0.148438 0.846875 0.034375 0.034375
0 0.167187 0.901563 0.040625 0.025000
0 0.167187 0.927344 0.046875 0.026562
0 0.088281 0.483594 0.029687 0.032813
0 0.109375 0.505469 0.031250 0.029687
0 0.120313 0.532813 0.034375 0.031250
0 0.130469 0.553906 0.035937 0.017188
0 0.130469 0.578125 0.032813 0.028125
0 0.138281 0.614844 0.023438 0.032813
0 0.142969 0.646094 0.029687 0.042188
0 0.151562 0.687500 0.034375 0.040625
0 0.158594 0.714063 0.035937 0.028125
0 0.167969 0.746094 0.029687 0.035937
0 0.173437 0.779687 0.028125 0.031250
0 0.182812 0.813281 0.034375 0.039062
0 0.187500 0.840625 0.040625 0.034375
0 0.194531 0.870313 0.042188 0.028125
0 0.206250 0.900781 0.034375 0.029687
0 0.152344 0.509375 0.035937 0.034375
0 0.163281 0.541406 0.029687 0.029687
0 0.173437 0.610156 0.037500 0.026562
0 0.167187 0.575000 -0.043750 -0.037500
0 0.182031 0.642969 0.039062 0.032813
0 0.199219 0.709375 0.035937 0.031250
0 0.190625 0.679688 -0.040625 -0.040625
0 0.204687 0.746094 0.037500 0.035937
0 0.217188 0.782031 0.040625 0.032813
0 0.223438 0.815625 0.040625 0.034375
0 0.235937 0.871094 0.037500 0.029687
0 0.231250 0.845313 -0.037500 -0.028125
0 0.246875 0.903125 0.034375 0.034375
0 0.198437 0.526563 0.043750 0.037500
0 0.204687 0.557813 0.037500 0.028125
0 0.210938 0.589844 0.043750 0.039062
0 0.217188 0.628906 0.040625 0.042188
0 0.226562 0.661719 0.046875 0.029687
0 0.236719 0.694531 0.045312 0.035937
0 0.244531 0.728906 0.035937 0.035937
0 0.253125 0.762500 0.043750 0.028125
0 0.261719 0.795312 0.045312 0.034375
0 0.271094 0.831250 0.045312 0.034375
0 0.283594 0.867969 0.048438 0.039062
0 0.288281 0.896875 0.026562 0.021875
0 0.329688 0.896094 0.037500 0.023438
0 0.329688 0.867969 0.037500 0.029687
0 0.314844 0.833594 0.042188 0.032813
0 0.306250 0.803125 0.034375 0.028125
0 0.289844 0.735938 0.035937 0.037500
0 0.300000 0.769531 0.043750 0.035937
0 0.281250 0.700781 0.034375 0.035937
0 0.273438 0.665625 0.037500 0.025000
0 0.259375 0.635938 0.031250 0.028125
0 0.253906 0.604688 0.039062 0.034375
0 0.246875 0.567969 0.031250 0.035937
0 0.246094 0.531250 0.039062 0.037500
0 0.279687 0.503906 0.034375 0.032813
0 0.085938 0.395313 0.000000 0.000000
0 0.012500 0.417969 -0.025000 -0.032813
0 0.007812 0.382812 -0.012500 -0.034375
0 0.050781 0.400781 0.035937 0.035937
0 0.044531 0.367188 0.045312 0.031250
0 0.089063 0.360938 0.037500 0.031250
0 0.088281 0.392188 0.035937 0.034375
0 0.093750 0.430469 0.034375 0.035937
0 0.121094 0.355469 0.029687 0.026562
0 0.121094 0.376563 0.029687 0.021875
0 0.129688 0.406250 0.028125 0.028125
0 0.135937 0.446094 0.043750 0.054688
0 0.157031 0.357812 0.032813 0.037500
0 0.164062 0.396875 0.037500 0.034375
0 0.176563 0.428125 0.031250 0.028125
0 0.194531 0.351562 0.035937 0.028125
0 0.203906 0.382812 0.035937 0.031250
0 0.213281 0.410156 0.042188 0.026562
0 0.222656 0.439063 0.035937 0.034375
0 0.231250 0.473438 0.034375 0.037500
0 0.186719 0.450000 0.035937 0.031250
0 0.239844 0.346094 0.039062 0.023438
0 0.246875 0.373437 0.043750 0.031250
0 0.250000 0.400781 0.034375 0.020313
0 0.260156 0.425000 0.032813 0.028125
0 0.268750 0.450000 0.034375 0.021875
0 0.278906 0.464844 0.023438 0.020313
0 0.287500 0.538281 0.037500 0.032813
0 0.286719 0.574219 0.039062 0.032813
0 0.293750 0.610156 0.043750 0.035937
0 0.303906 0.647656 0.048438 0.035937
0 0.314844 0.682031 0.042188 0.032813
0 0.324219 0.714844 0.039062 0.035937
0 0.335938 0.753906 0.043750 0.042188
0 0.344531 0.795312 0.039062 0.040625
0 0.353906 0.832031 0.035937 0.035937
0 0.365625 0.868750 0.037500 0.034375
0 0.400781 0.867969 0.032813 0.029687
0 0.396875 0.836719 0.037500 0.032813
0 0.385156 0.800000 0.039062 0.037500
0 0.377344 0.760938 0.039062 0.040625
0 0.371094 0.723437 0.042188 0.031250
0 0.360938 0.682813 0.040625 0.037500
0 0.350000 0.642188 0.037500 0.040625
0 0.333594 0.603125 0.042188 0.040625
0 0.323437 0.532031 -0.040625 -0.029687
0 0.315625 0.504687 -0.021875 -0.025000
0 0.300000 0.439844 0.043750 0.035937
0 0.292187 0.402344 0.037500 0.029687
0 0.286719 0.373437 0.035937 0.031250
0 0.282813 0.342187 0.043750 0.028125
0 0.320312 0.339062 -0.034375 -0.021875
0 0.323437 0.365625 0.034375 0.028125
0 0.330469 0.399219 0.035937 0.029687
0 0.339062 0.433594 0.031250 0.032813
0 0.352344 0.459375 0.017188 0.031250
0 0.353125 0.516406 0.034375 0.032813
0 0.361719 0.548438 0.032813 0.034375
0 0.368750 0.587500 0.031250 0.040625
0 0.380469 0.625000 0.035937 0.037500
0 0.389062 0.660156 0.034375 0.039062
0 0.402344 0.700781 0.042188 0.045312
0 0.413281 0.740625 0.039062 0.040625
0 0.420312 0.776563 0.037500 0.034375
0 0.428125 0.806250 0.043750 0.037500
0 0.440625 0.842187 0.043750 0.040625
0 0.479687 0.841406 0.040625 0.039062
0 0.471875 0.806250 0.034375 0.031250
0 0.456250 0.775000 0.031250 0.031250
0 0.445312 0.738281 0.018750 0.039062
0 0.435156 0.704688 0.023438 0.028125
0 0.426563 0.675000 0.025000 0.037500
0 0.420312 0.641406 0.031250 0.032813
0 0.407813 0.610938 0.028125 0.031250
0 0.396094 0.545312 0.042188 0.043750
0 0.395313 0.513281 0.031250 0.023438
0 0.378906 0.460938 0.032813 0.050000
0 0.361719 0.378906 0.035937 0.035937
0 0.355469 0.339062 0.035937 0.034375
0 0.503125 0.822656 -0.012500 -0.035937
0 0.493750 0.771875 -0.037500 -0.046875
0 0.479687 0.730469 -0.053125 -0.039062
0 0.466406 0.695312 0.048438 0.025000
0 0.453125 0.630469 0.043750 0.026562
0 0.463281 0.667188 0.045312 0.037500
0 0.444531 0.596875 0.042188 0.037500
0 0.436719 0.560156 0.042188 0.039062
0 0.436719 0.530469 -0.026562 -0.039062
0 0.420312 0.468750 0.028125 0.037500
0 0.409375 0.436719 0.034375 0.026562
0 0.403906 0.406250 0.039062 0.037500
0 0.401562 0.371875 0.037500 0.034375
0 0.394531 0.336719 0.045312 0.035937
0 0.374219 0.419531 0.035937 0.039062
0 0.387500 0.306250 0.028125 0.021875
0 0.012500 0.339062 -0.021875 -0.040625
0 0.038281 0.338281 0.045312 0.026562
0 0.030469 0.313281 0.042188 0.029687
0 0.081250 0.334375 0.028125 0.025000
0 0.066406 0.307812 0.042188 0.028125
0 0.114062 0.325781 0.037500 0.029687
0 0.107813 0.299219 0.037500 0.026562
0 0.153906 0.327344 0.032813 0.029687
0 0.144531 0.300000 0.042188 0.028125
0 0.192188 0.325000 0.037500 0.028125
0 0.178906 0.300000 0.045312 0.031250
0 0.235156 0.322656 0.042188 0.026562
0 0.214062 0.295312 0.028125 0.025000
0 0.239844 0.294531 0.017188 0.023438
0 0.274219 0.312500 0.032813 0.034375
0 0.315625 0.313281 0.037500 0.026562
0 0.355469 0.307031 0.029687 0.032813
0 0.425781 0.306250 0.035937 0.034375
0 0.437500 0.342187 0.028125 0.031250
0 0.435937 0.364844 0.025000 0.017188
0 0.446875 0.391406 0.028125 0.026562
0 0.446875 0.410938 0.028125 0.018750
0 0.454688 0.442969 0.040625 0.029687
0 0.463281 0.476562 0.039062 0.034375
0 0.475000 0.532813 0.034375 0.034375
0 0.483594 0.569531 0.032813 0.032813
0 0.492969 0.603125 0.042188 0.031250
0 0.503125 0.636719 0.040625 0.032813
0 0.513281 0.670312 0.039062 0.034375
0 0.520312 0.705469 0.040625 0.035937
0 0.533594 0.740625 0.039062 0.031250
0 0.539844 0.771094 0.045312 0.032813
0 0.544531 0.804688 0.039062 0.037500
0 0.463281 0.307812 0.035937 0.031250
0 0.469531 0.340625 0.029687 0.031250
0 0.470313 0.372656 0.028125 0.029687
0 0.478125 0.401562 0.037500 0.040625
0 0.489844 0.435156 0.029687 0.029687
0 0.492188 0.458594 0.021875 0.023438
0 0.508594 0.527344 0.032813 0.023438
0 0.516406 0.558594 0.035937 0.039062
0 0.524219 0.592969 0.039062 0.029687
0 0.535937 0.623437 0.043750 0.040625
0 0.544531 0.660156 0.029687 0.035937
0 0.558594 0.691406 0.042188 0.032813
0 0.564063 0.723437 0.043750 0.028125
0 0.576562 0.752344 0.034375 0.023438
0 0.578906 0.782031 0.035937 0.042188
0 0.581250 0.806250 0.012500 0.009375
0 0.592969 0.825000 0.017188 0.015625
0 0.631250 0.820312 0.021875 0.025000
0 0.625000 0.798438 -0.031250 -0.031250
0 0.618750 0.759375 -0.040625 -0.037500
0 0.609375 0.727344 -0.043750 -0.029687
0 0.600781 0.698438 -0.042188 -0.034375
0 0.591406 0.667969 -0.045312 -0.035937
0 0.580469 0.638281 -0.042188 -0.029687
0 0.567187 0.609375 -0.046875 -0.034375
0 0.558594 0.580469 -0.039062 -0.032813
0 0.541406 0.515625 -0.039062 -0.028125
0 0.548438 0.549219 0.037500 0.035937
0 0.534375 0.463281 0.031250 0.023438
0 0.523438 0.432031 0.034375 0.042188
0 0.519531 0.397656 -0.035937 -0.023438
0 0.508594 0.360938 -0.039062 -0.043750
0 0.497656 0.328125 -0.023438 -0.031250
0 0.494531 0.303906 -0.026562 -0.023438
0 0.535156 0.301563 0.042188 0.028125
0 0.537500 0.328906 0.037500 0.026562
0 0.546094 0.356250 0.042188 0.031250
0 0.557813 0.391406 0.043750 0.039062
0 0.565625 0.432812 0.040625 0.043750
0 0.583594 0.514844 0.032813 0.026562
0 0.595313 0.551562 0.043750 0.037500
0 0.608594 0.591406 0.039062 0.039062
0 0.618750 0.631250 0.043750 0.040625
0 0.632812 0.670312 0.037500 0.034375
0 0.645312 0.703125 0.037500 0.034375
0 0.651563 0.736719 0.040625 0.032813
0 0.664844 0.773438 0.039062 0.034375
0 0.667969 0.801562 0.042188 0.028125
0 0.703125 0.781250 0.025000 0.034375
0 0.695312 0.753125 0.028125 0.028125
0 0.685937 0.724219 0.031250 0.029687
0 0.678906 0.693750 0.039062 0.034375
0 0.663281 0.657031 0.035937 0.039062
0 0.657813 0.617969 0.028125 0.045312
0 0.646875 0.585156 0.040625 0.039062
0 0.639844 0.548438 0.035937 0.043750
0 0.626563 0.528125 -0.037500 -0.031250
0 0.614062 0.458594 0.034375 0.042188
0 0.603125 0.418750 0.031250 0.037500
0 0.593750 0.382031 0.025000 0.032813
0 0.581250 0.347656 0.037500 0.039062
0 0.578125 0.314844 0.031250 0.032813
0 0.613281 0.304688 0.039062 0.043750
0 0.622656 0.342187 0.035937 0.034375
0 0.630469 0.379688 0.035937 0.031250
0 0.639844 0.414844 0.029687 0.029687
0 0.649219 0.447656 0.035937 0.029687
0 0.659375 0.476562 0.034375 0.028125
0 0.671094 0.539062 0.020313 0.021875
0 0.685156 0.535156 0.029687 0.023438
0 0.680469 0.563281 0.042188 0.029687
0 0.691406 0.594531 0.042188 0.032813
0 0.696094 0.628125 0.048438 0.028125
0 0.705469 0.658594 0.048438 0.032813
0 0.717187 0.696094 0.034375 0.039062
0 0.728125 0.733594 0.037500 0.035937
0 0.735156 0.773438 0.039062 0.040625
0 0.771875 0.767969 0.034375 0.035937
0 0.764844 0.731250 0.023438 0.034375
0 0.749219 0.694531 0.032813 0.039062
0 0.742969 0.651563 0.029687 0.043750
0 0.729688 0.564063 0.037500 0.034375
0 0.720313 0.532813 0.037500 0.028125
0 0.750000 0.532813 0.028125 0.034375
0 0.761719 0.573438 0.023438 0.037500
0 0.732812 0.604688 0.034375 0.043750
0 0.763281 0.609375 0.026562 0.037500
0 0.772656 0.642188 0.026562 0.028125
0 0.782813 0.674219 0.034375 0.039062
0 0.793750 0.703906 0.034375 0.029687
0 0.802344 0.742188 0.048438 0.046875
0 0.689844 0.460938 0.035937 0.050000
0 0.724219 0.456250 0.032813 0.046875
0 0.713281 0.406250 0.032813 0.053125
0 0.674219 0.407813 -0.042188 -0.053125
0 0.663281 0.360938 -0.035937 -0.040625
0 0.691406 0.358594 0.029687 0.039062
0 0.652344 0.316406 -0.032813 -0.042188
0 0.693750 0.311719 0.034375 0.048438
0 0.726562 0.311719 0.028125 0.035937
0 0.735156 0.345313 0.039062 0.025000
0 0.735156 0.381250 0.029687 0.028125
0 0.757031 0.448437 0.035937 0.028125
0 0.753125 0.414844 0.031250 0.032813
0 0.763281 0.479687 0.032813 0.034375
0 0.789062 0.540625 0.034375 0.037500
0 0.793750 0.578125 0.034375 0.031250
0 0.803906 0.614062 0.039062 0.031250
0 0.823438 0.682031 0.034375 0.032813
0 0.814844 0.645312 0.042188 0.034375
0 0.829688 0.711719 0.034375 0.026562
0 0.845313 0.736719 0.021875 0.023438
0 0.878125 0.749219 0.028125 0.026562
0 0.871875 0.722656 -0.034375 -0.032813
0 0.864844 0.692187 -0.045312 -0.028125
0 0.857812 0.670312 -0.028125 -0.021875
0 0.847656 0.642969 -0.032813 -0.029687
0 0.845313 0.615625 -0.040625 -0.031250
0 0.835938 0.582031 -0.043750 -0.035937
0 0.827344 0.543750 -0.035937 -0.050000
0 0.805469 0.474219 0.026562 0.029687
0 0.792188 0.414062 0.040625 0.040625
0 0.776563 0.378125 0.037500 0.040625
0 0.767969 0.340625 0.029687 0.037500
0 0.756250 0.310156 0.034375 0.039062
0 0.752344 0.275781 0.029687 0.039062
0 0.745313 0.241406 0.021875 0.032813
0 0.732031 0.212500 0.032813 0.037500
0 0.724219 0.178906 0.029687 0.029687
0 0.718750 0.150000 0.034375 0.028125
0 0.753906 0.143750 0.026562 0.028125
0 0.767188 0.171094 0.025000 0.026562
0 0.770312 0.196094 0.034375 0.026562
0 0.775781 0.225000 0.026562 0.031250
0 0.786719 0.250000 0.029687 0.025000
0 0.792969 0.286719 0.029687 0.026562
0 0.797656 0.304688 0.032813 0.021875
0 0.801562 0.335156 0.037500 0.035937
0 0.817969 0.367188 0.035937 0.025000
0 0.825781 0.398438 0.032813 0.034375
0 0.836719 0.433594 0.032813 0.026562
0 0.846094 0.459375 0.032813 0.031250
0 0.849219 0.490625 0.035937 0.031250
0 0.855469 0.515625 0.039062 0.018750
0 0.864844 0.539062 0.029687 0.025000
0 0.872656 0.564844 0.035937 0.029687
0 0.881250 0.589844 0.034375 0.023438
0 0.889844 0.620313 0.039062 0.034375
0 0.892188 0.652344 0.037500 0.029687
0 0.905469 0.685156 0.048438 0.032813
0 0.913281 0.709375 0.032813 0.021875
0 0.923438 0.735938 0.034375 0.028125
0 0.967969 0.721094 0.035937 0.026562
0 0.959375 0.696094 0.028125 0.029687
0 0.950000 0.671094 0.031250 0.035937
0 0.932031 0.633594 -0.039062 -0.035937
0 0.924219 0.598437 -0.032813 -0.031250
0 0.910937 0.564063 0.037500 0.037500
0 0.902344 0.528125 0.039062 0.031250
0 0.892969 0.493750 0.039062 0.031250
0 0.882812 0.460938 0.040625 0.031250
0 0.873437 0.425000 0.031250 0.037500
0 0.857031 0.386719 0.032813 0.032813
0 0.851562 0.353125 0.037500 0.037500
0 0.841406 0.321094 0.032813 0.029687
0 0.830469 0.281250 0.039062 0.046875
0 0.822656 0.242969 0.026562 0.020313
0 0.811719 0.217969 0.035937 0.029687
0 0.803906 0.191406 0.029687 0.023438
0 0.798438 0.164062 0.040625 0.028125
0 0.834375 0.137500 0.031250 0.025000
0 0.844531 0.167969 0.039062 0.035937
0 0.857812 0.233594 0.040625 0.026562
0 0.849219 0.205469 0.042188 0.029687
0 0.865625 0.264844 0.037500 0.032813
0 0.873437 0.292969 0.031250 0.017188
0 0.883594 0.322656 0.042188 0.035937
0 0.903906 0.400781 0.032813 0.026562
0 0.917188 0.429688 0.043750 0.028125
0 0.926562 0.462500 0.037500 0.028125
0 0.935156 0.493750 0.035937 0.028125
0 0.946094 0.525781 0.039062 0.029687
0 0.958594 0.576562 0.029687 0.025000
0 0.967969 0.596875 0.051562 0.028125
0 0.979688 0.634375 0.037500 0.040625
0 0.984375 0.673438 0.028125 0.043750
0 0.984375 0.534375 0.025000 0.040625
0 0.960938 0.553125 0.031250 0.028125
0 0.971875 0.491406 0.034375 0.048438
0 0.960938 0.450000 0.031250 0.034375
0 0.953906 0.421875 0.035937 0.034375
0 0.943750 0.390625 0.037500 0.028125
0 0.937500 0.364063 0.034375 0.021875
0 0.989844 0.450781 0.014063 0.042188
0 0.983594 0.411719 0.023438 0.026562
0 0.978906 0.375000 0.032813 0.040625
0 0.927344 0.336719 0.042188 0.029687
0 0.994531 0.319531 0.007812 0.035937
0 0.970313 0.332813 0.040625 0.037500
0 0.961719 0.294531 0.039062 0.032813
0 0.919531 0.303906 0.035937 0.032813
0 0.909375 0.276562 0.040625 0.034375
0 0.901563 0.242969 0.034375 0.029687
0 0.978125 0.261719 0.034375 0.026562
0 0.977344 0.242969 0.035937 0.026562
0 0.940625 0.254688 0.040625 0.056250
0 0.935937 0.209375 0.028125 0.031250
0 0.966406 0.203906 0.032813 0.048438
0 0.883594 0.171094 0.039062 0.035937
0 0.894531 0.207031 0.039062 0.042188
0 0.874219 0.135937 0.039062 0.034375
0 0.921875 0.172656 0.040625 0.042188
0 0.907031 0.127344 0.029687 0.042188
0 0.954688 0.161719 0.034375 0.035937
0 0.942969 0.128906 0.032813 0.026562
0 0.935937 0.090625 0.031250 0.034375
0 0.928906 0.057813 0.035937 0.031250
0 0.925000 0.028125 0.025000 0.025000
0 0.925000 0.020313 0.000000 0.000000
0 0.895312 0.048438 0.000000 0.000000
0 0.945312 0.001563 0.000000 0.000000
0 0.966406 0.030469 0.039062 0.032813
0 0.961719 0.012500 -0.045312 -0.021875
0 0.972656 0.061719 0.029687 0.035937
0 0.992188 0.114062 0.000000 0.000000
0 0.986719 0.121094 0.023438 0.029687
0 0.980469 0.088281 0.032813 0.042188
0 0.990625 0.150000 0.012500 0.028125
0 0.993750 0.177344 0.006250 0.020313
0 0.991406 0.035937 0.007812 0.068750
0 0.902344 0.093750 0.035937 0.037500
0 0.884375 0.025000 0.040625 0.031250
0 0.890625 0.056250 0.040625 0.040625
0 0.915625 0.010937 -0.028125 -0.021875
0 0.854688 0.001563 0.000000 0.000000
0 0.860156 0.100781 0.042188 0.042188
0 0.849219 0.065625 0.042188 0.034375
0 0.845313 0.038281 0.037500 0.032813
0 0.835938 0.014844 -0.053125 -0.029687
0 0.885156 0.010937 -0.035937 -0.018750
0 0.826562 0.051562 0.000000 0.000000
0 0.793750 0.014063 -0.031250 -0.025000
0 0.815625 0.032031 0.021875 0.026562
0 0.815625 0.096094 0.043750 0.051562
0 0.806250 0.049219 0.034375 0.048438
0 0.755469 0.012500 -0.026562 -0.025000
0 0.765625 0.046875 0.037500 0.050000
0 0.782031 0.094531 0.029687 0.020313
0 0.785156 0.122656 0.032813 0.029687
0 0.716406 0.013281 -0.035937 -0.023438
0 0.725781 0.032031 0.042188 0.032813
0 0.734375 0.065625 0.040625 0.040625
0 0.748437 0.102344 0.031250 0.035937
0 0.754687 0.126562 0.025000 0.018750
0 0.675781 0.017188 -0.029687 -0.031250
0 0.682031 0.054688 0.029687 0.028125
0 0.694531 0.085156 0.032813 0.032813
0 0.708594 0.113281 0.045312 0.039062
0 0.642188 0.008594 -0.031250 -0.017188
0 0.648438 0.027344 0.021875 0.026562
0 0.660156 0.083594 0.026562 0.035937
0 0.649219 0.052344 -0.026562 -0.035937
0 0.668750 0.118750 0.028125 0.021875
0 0.678906 0.159375 0.026562 0.018750
0 0.685156 0.179688 0.026562 0.025000
0 0.674219 0.139063 -0.026562 -0.015625
0 0.691406 0.204687 0.023438 0.028125
0 0.700781 0.230469 0.029687 0.026562
0 0.712500 0.257031 0.034375 0.026562
0 0.717969 0.279687 0.029687 0.021875
0 0.678906 0.270313 0.026562 0.034375
0 0.667969 0.235937 0.029687 0.031250
0 0.662500 0.208594 0.031250 0.026562
0 0.658594 0.189062 -0.023438 -0.025000
0 0.650781 0.173437 -0.017188 -0.018750
0 0.641406 0.132031 0.026562 0.042188
0 0.635938 0.089844 0.028125 0.035937
0 0.621094 0.054688 0.023438 0.031250
0 0.613281 0.018750 -0.032813 -0.037500
0 0.571094 0.009375 -0.032813 -0.018750
0 0.578906 0.035156 0.032813 0.039062
0 0.589063 0.067969 0.037500 0.035937
0 0.601562 0.103125 0.037500 0.037500
0 0.603906 0.135937 0.042188 0.040625
0 0.617969 0.175781 0.039062 0.035937
0 0.639844 0.241406 0.026562 0.029687
0 0.647656 0.277344 0.032813 0.035937
0 0.603125 0.270313 0.040625 0.031250
0 0.597656 0.239844 0.042188 0.035937
0 0.587500 0.207813 0.043750 0.028125
0 0.578125 0.183594 0.037500 0.029687
0 0.572656 0.155469 0.035937 0.032813
0 0.553906 0.100000 0.042188 0.050000
0 0.548438 0.068750 0.031250 0.025000
0 0.567187 0.127344 0.031250 0.035937
0 0.540625 0.039844 0.040625 0.029687
0 0.535937 0.015625 -0.040625 -0.028125
0 0.489844 0.009375 -0.026562 -0.018750
0 0.503125 0.031250 0.031250 0.034375
0 0.508594 0.058594 0.020313 0.029687
0 0.515625 0.079687 0.025000 0.018750
0 0.523438 0.104688 0.025000 0.031250
0 0.533594 0.122656 0.029687 0.026562
0 0.539062 0.153125 0.037500 0.028125
0 0.544531 0.182031 0.026562 0.029687
0 0.553906 0.211719 0.029687 0.029687
0 0.562500 0.235937 0.031250 0.031250
0 0.565625 0.275781 0.034375 0.051562
0 0.528125 0.275000 0.028125 0.025000
0 0.525781 0.250781 0.020313 0.026562
0 0.518750 0.232031 0.028125 0.023438
0 0.510156 0.198437 0.032813 0.034375
0 0.500781 0.173437 0.029687 0.028125
0 0.500781 0.147656 0.029687 0.026562
0 0.488281 0.115625 0.032813 0.037500
0 0.482031 0.087500 -0.039062 -0.028125
0 0.473438 0.062500 -0.034375 -0.028125
0 0.465625 0.035937 -0.034375 -0.021875
0 0.459375 0.014844 -0.037500 -0.029687
0 0.422656 0.017188 -0.032813 -0.031250
0 0.428906 0.046875 0.035937 0.031250
0 0.431250 0.075000 0.025000 0.021875
0 0.444531 0.097656 -0.035937 -0.026562
0 0.453125 0.125000 -0.031250 -0.025000
0 0.457813 0.144531 0.034375 0.020313
0 0.460156 0.160938 0.026562 0.021875
0 0.466406 0.187500 0.020313 0.021875
0 0.471875 0.210156 0.028125 0.026562
0 0.489063 0.269531 0.031250 0.042188
0 0.458594 0.278125 0.029687 0.037500
0 0.438281 0.210156 0.026562 0.035937
0 0.449219 0.243750 0.029687 0.034375
0 0.482031 0.233594 0.032813 0.029687
0 0.428125 0.177344 0.031250 0.035937
0 0.421094 0.142187 0.032813 0.034375
0 0.412500 0.104688 0.031250 0.040625
0 0.403125 0.073438 0.028125 0.025000
0 0.392188 0.046094 0.034375 0.035937
0 0.385156 0.017969 -0.035937 -0.029687
0 0.352344 0.018750 -0.042188 -0.031250
0 0.364063 0.053125 0.040625 0.031250
0 0.367188 0.078125 0.037500 0.031250
0 0.375781 0.105469 0.039062 0.035937
0 0.382812 0.135156 0.037500 0.029687
0 0.389062 0.162500 0.028125 0.025000
0 0.395313 0.192188 0.028125 0.028125
0 0.404687 0.217969 0.031250 0.029687
0 0.408594 0.244531 0.039062 0.023438
0 0.421094 0.270313 0.035937 0.031250
0 0.373437 0.275781 0.050000 0.039062
0 0.365625 0.239063 0.037500 0.034375
0 0.357812 0.203906 0.034375 0.026562
0 0.352344 0.174219 0.042188 0.035937
0 0.335156 0.103125 0.032813 0.021875
0 0.341406 0.134375 -0.045312 -0.040625
0 0.327344 0.077344 -0.039062 -0.032813
0 0.320312 0.018750 -0.012500 -0.034375
0 0.319531 0.049219 -0.035937 -0.026562
0 0.300000 0.021094 -0.028125 -0.035937
0 0.332813 0.282031 0.031250 0.026562
0 0.328125 0.257031 0.028125 0.023438
0 0.322656 0.208594 -0.032813 -0.035937
0 0.310937 0.172656 -0.031250 -0.029687
0 0.301563 0.143750 -0.037500 -0.031250
0 0.293750 0.113281 -0.031250 -0.039062
0 0.286719 0.080469 -0.035937 -0.035937
0 0.275000 0.053906 -0.034375 -0.029687
0 0.278906 0.069531 -0.042188 -0.045312
0 0.248438 0.001563 0.000000 0.000000
0 0.304688 0.282031 0.021875 0.032813
0 0.291406 0.246094 0.023438 0.029687
0 0.286719 0.212500 0.026562 0.028125
0 0.281250 0.179688 0.028125 0.031250
0 0.268750 0.150781 -0.034375 -0.032813
0 0.246875 0.090625 -0.034375 -0.040625
0 0.258594 0.118750 0.032813 0.034375
0 0.232813 0.031250 -0.025000 -0.028125
0 0.241406 0.053906 -0.026562 -0.032813
0 0.225000 0.014063 -0.031250 -0.021875
0 0.264844 0.021094 -0.035937 -0.035937
0 0.187500 0.014844 -0.037500 -0.026562
0 0.196875 0.039844 -0.037500 -0.026562
0 0.210156 0.094531 -0.032813 -0.032813
0 0.203906 0.066406 -0.042188 -0.029687
0 0.221875 0.125781 -0.034375 -0.026562
0 0.226562 0.158594 -0.037500 -0.026562
0 0.246875 0.206250 -0.037500 -0.021875
0 0.233594 0.184375 0.048438 0.025000
0 0.254688 0.232813 0.040625 0.031250
0 0.258594 0.260156 0.039062 0.026562
0 0.268750 0.284375 0.040625 0.025000
0 0.218750 0.271094 -0.046875 -0.020313
0 0.212500 0.246094 -0.046875 -0.020313
0 0.197656 0.198437 0.035937 0.021875
0 0.207813 0.222656 0.043750 0.029687
0 0.189844 0.171094 0.032813 0.026562
0 0.187500 0.142969 0.034375 0.026562
0 0.168750 0.116406 0.034375 0.029687
0 0.163281 0.084375 0.039062 0.034375
0 0.151562 0.054688 0.037500 0.028125
0 0.149219 0.029687 0.039062 0.025000
0 0.141406 0.012500 -0.039062 -0.025000
0 0.103125 0.014844 -0.037500 -0.023438
0 0.110156 0.039844 0.029687 0.023438
0 0.119531 0.067969 0.029687 0.032813
0 0.124219 0.099219 0.035937 0.032813
0 0.132812 0.125781 0.034375 0.029687
0 0.146875 0.157031 0.034375 0.029687
0 0.154688 0.185156 0.031250 0.026562
0 0.160156 0.214844 0.029687 0.029687
0 0.168750 0.242188 0.031250 0.028125
0 0.176563 0.271094 0.031250 0.029687
0 0.139844 0.269531 0.039062 0.029687
0 0.128906 0.242969 0.035937 0.023438
0 0.125781 0.221094 0.032813 0.020313
0 0.123438 0.196094 0.034375 0.026562
0 0.114062 0.167969 0.031250 0.026562
0 0.099219 0.139844 0.029687 0.029687
0 0.093750 0.114844 0.031250 0.026562
0 0.084375 0.084375 0.037500 0.034375
0 0.073438 0.037500 0.037500 0.028125
0 0.063281 0.014844 -0.035937 -0.026562
0 0.023438 0.017188 -0.043750 -0.031250
0 0.027344 0.043750 -0.039062 -0.025000
0 0.039062 0.070312 -0.037500 -0.031250
0 0.046094 0.101562 0.039062 0.025000
0 0.060937 0.153125 0.043750 0.031250
0 0.058594 0.127344 0.048438 0.026562
0 0.075000 0.183594 0.046875 0.026562
0 0.092188 0.242969 0.043750 0.032813
0 0.085938 0.212500 0.040625 0.025000
0 0.101562 0.273438 0.034375 0.031250
0 0.064062 0.282031 -0.040625 -0.029687
0 0.043750 0.229687 -0.043750 -0.028125
0 0.046094 0.254688 -0.039062 -0.028125
0 0.041406 0.204687 -0.035937 -0.025000
0 0.023438 0.183594 -0.040625 -0.020313
0 0.017969 0.133594 -0.032813 -0.023438
0 0.020313 0.159375 -0.034375 -0.031250
0 0.011719 0.076563 -0.020313 -0.028125
0 0.005469 0.055469 -0.010937 -0.014063
0 0.016406 0.107031 -0.026562 -0.029687
0 0.013281 0.211719 -0.017188 -0.029687
0 0.014844 0.243750 -0.020313 -0.031250
0 0.021875 0.285156 -0.037500 -0.029687
0 0.015625 0.262500 -0.021875 -0.021875
