0 0.870313 0.103125 0.021875 0.034375
0 0.890625 0.150781 0.025000 0.051562
0 0.903125 0.212500 0.018750 0.034375
0 0.916406 0.047656 -0.020313 -0.020313
0 0.921094 0.067187 0.023438 0.025000
0 0.920312 0.101562 -0.021875 -0.021875
0 0.927344 0.133594 0.023438 0.029687
0 0.936719 0.171094 0.029687 0.042188
0 0.990625 0.221875 0.012500 0.012500
0 0.979688 0.189062 0.034375 0.046875
0 0.976562 0.156250 0.015625 0.015625
0 0.964844 0.125781 0.042188 0.039062
0 0.964844 0.090625 0.039062 0.028125
0 0.964063 0.064062 -0.034375 -0.021875
0 0.955469 0.029687 -0.023438 -0.053125
0 0.982812 0.020313 0.025000 0.037500
0 0.989844 0.050781 0.014063 0.026562
0 0.995313 0.103906 0.006250 0.064062
