0 0.925781 0.974219 0.045312 0.048438
0 0.932813 0.866406 0.043750 0.048438
0 0.948438 0.915625 0.050000 0.043750
0 0.971875 0.970313 0.046875 0.056250
0 0.943750 0.768750 0.040625 0.040625
0 0.958594 0.817187 0.039062 0.043750
0 0.977344 0.866406 0.039062 0.048438
0 0.993750 0.935937 0.000000 0.000000
0 0.946875 0.703906 0.037500 0.039062
0 0.977344 0.760156 0.042188 0.054688
0 0.989062 0.817187 0.015625 0.046875
0 0.961719 0.636719 0.051562 0.042188
0 0.982031 0.696094 0.026562 0.067187
0 0.973437 0.536719 0.043750 0.045312
0 0.992188 0.589063 0.000000 0.000000
0 0.983594 0.602344 0.026562 0.020313
0 0.981250 0.575781 0.028125 0.023438
0 0.981250 0.471094 0.028125 0.079687
0 0.982812 0.389062 0.028125 0.068750
0 0.991406 0.300781 0.010937 0.057813
