0 0.932031 0.967969 0.029687 0.039062
0 0.940625 0.987500 0.031250 0.018750
0 0.942187 0.877344 0.040625 0.039062
0 0.951562 0.916406 0.040625 0.035937
0 0.970313 0.960156 0.037500 0.051562
0 0.981250 0.981250 0.031250 0.034375
0 0.950781 0.766406 0.035937 0.045312
0 0.957812 0.809375 0.062500 0.040625
0 0.971094 0.839844 0.045312 0.042188
0 0.980469 0.872656 0.035937 0.042188
0 0.987500 0.915625 0.021875 0.043750
0 0.955469 0.680469 0.048438 0.039062
0 0.974219 0.717187 0.039062 0.040625
0 0.981250 0.758594 0.034375 0.067187
0 0.976562 0.614844 0.040625 0.082812
0 0.989062 0.671875 0.015625 0.034375
0 0.974219 0.489844 0.039062 0.045312
0 0.979688 0.541406 0.034375 0.064062
