0 0.013281 0.968750 -0.023438 -0.043750
0 0.036719 0.983594 0.032813 0.026562
0 0.035156 0.957031 0.029687 0.029687
0 0.020313 0.923438 -0.031250 -0.028125
0 0.021875 0.893750 -0.037500 -0.025000
0 0.045312 0.923438 -0.018750 -0.034375
0 0.057813 0.982812 0.015625 0.028125
0 0.055469 0.954688 -0.014063 -0.028125
0 0.082812 0.982812 0.037500 0.028125
0 0.110156 0.974219 -0.001563 -0.001563
0 0.082812 0.954688 -0.040625 -0.031250
0 0.074219 0.927344 -0.042188 -0.032813
0 0.064062 0.900000 -0.046875 -0.031250
0 0.057031 0.877344 -0.039062 -0.023438
0 0.046875 0.855469 -0.037500 -0.026562
0 0.126562 0.981250 0.037500 0.031250
0 0.120313 0.955469 -0.031250 -0.026562
0 0.114062 0.932031 -0.025000 -0.023438
0 0.105469 0.910937 -0.026562 -0.025000
0 0.102344 0.888281 -0.035937 -0.026562
0 0.095312 0.867188 -0.037500 -0.018750
0 0.084375 0.850000 -0.037500 -0.021875
0 0.161719 0.983594 0.039062 0.026562
0 0.158594 0.957812 0.035937 0.025000
0 0.142187 0.908594 0.031250 0.020313
0 0.139844 0.888281 0.029687 0.020313
0 0.132812 0.870313 -0.034375 -0.021875
0 0.121094 0.850000 -0.042188 -0.018750
0 0.150781 0.931250 -0.039062 -0.028125
0 0.117188 0.829688 -0.015625 -0.018750
0 0.150781 0.840625 0.035937 0.025000
0 0.162500 0.869531 0.040625 0.026562
0 0.178125 0.896875 0.034375 0.028125
0 0.186719 0.924219 0.035937 0.026562
0 0.193750 0.949219 0.034375 0.023438
0 0.197656 0.971094 0.045312 0.026562
0 0.203906 0.991406 0.035937 0.014063
0 0.182812 0.820312 -0.043750 -0.034375
0 0.195312 0.850000 0.034375 0.031250
0 0.221875 0.908594 0.040625 0.032813
0 0.232031 0.939844 0.039062 0.029687
0 0.240625 0.967187 0.037500 0.021875
0 0.243750 0.986719 0.034375 0.020313
0 0.209375 0.874219 -0.046875 -0.029687
0 0.218750 0.801562 -0.031250 -0.028125
0 0.227344 0.829688 0.039062 0.025000
0 0.234375 0.850000 0.043750 0.018750
0 0.252344 0.874219 0.017188 0.026562
0 0.256250 0.895312 0.031250 0.018750
0 0.264844 0.915625 0.035937 0.025000
0 0.271094 0.940625 0.039062 0.028125
0 0.279687 0.964844 0.040625 0.020313
0 0.282813 0.982812 0.037500 0.031250
0 0.328906 0.985156 0.042188 0.026562
0 0.322656 0.971094 0.035937 0.020313
0 0.310156 0.949219 -0.029687 -0.029687
0 0.295312 0.913281 -0.021875 -0.032813
0 0.310156 0.918750 -0.010937 -0.028125
0 0.289062 0.882031 -0.050000 -0.029687
0 0.271094 0.824219 -0.045312 -0.026562
0 0.260156 0.795312 -0.045312 -0.028125
0 0.285938 0.768750 -0.043750 -0.031250
0 0.296875 0.795312 0.034375 0.025000
0 0.309375 0.824219 0.046875 0.035937
0 0.319531 0.857812 0.045312 0.037500
0 0.281250 0.855469 -0.056250 -0.032813
0 0.334375 0.889844 0.043750 0.029687
0 0.338281 0.917188 0.048438 0.031250
0 0.346094 0.945312 0.051562 0.034375
0 0.363281 0.971094 0.042188 0.026562
0 0.367969 0.988281 0.039062 0.017188
0 0.325781 0.751563 -0.039062 -0.028125
0 0.338281 0.782813 0.051562 0.034375
0 0.351562 0.814063 0.046875 0.031250
0 0.362500 0.845313 0.056250 0.034375
0 0.373437 0.875000 0.046875 0.028125
0 0.381250 0.901563 0.034375 0.025000
0 0.396094 0.925000 0.039062 0.025000
0 0.396875 0.946094 0.040625 0.026562
0 0.407813 0.972656 0.050000 0.026562
0 0.409375 0.989844 0.046875 0.017188
0 0.457031 0.984375 0.048438 0.028125
0 0.449219 0.955469 -0.045312 -0.029687
0 0.436719 0.930469 -0.045312 -0.029687
0 0.426563 0.903125 -0.043750 -0.028125
0 0.417969 0.878906 -0.029687 -0.023438
0 0.411719 0.859375 -0.029687 -0.021875
0 0.396094 0.835938 -0.026562 -0.021875
0 0.401562 0.805469 -0.018750 -0.032813
0 0.382031 0.809375 -0.023438 -0.028125
0 0.367969 0.742188 -0.042188 -0.034375
0 0.496094 0.982031 0.035937 0.029687
0 0.480469 0.924219 0.035937 0.020313
0 0.492969 0.953125 0.029687 0.028125
0 0.464844 0.896094 -0.045312 -0.035937
0 0.452344 0.866406 -0.045312 -0.029687
0 0.446094 0.841406 -0.045312 -0.029687
0 0.438281 0.812500 -0.045312 -0.031250
0 0.418750 0.760156 -0.037500 -0.023438
0 0.410156 0.728906 -0.051562 -0.035937
0 0.383594 0.772656 -0.042188 -0.026562
0 0.421875 0.780469 0.034375 0.023438
0 0.431250 0.713281 -0.040625 -0.026562
0 0.446875 0.739844 0.040625 0.026562
0 0.455469 0.768750 0.029687 0.037500
0 0.469531 0.796094 0.039062 0.032813
0 0.476562 0.823438 0.037500 0.025000
0 0.485938 0.846875 0.031250 0.028125
0 0.496875 0.869531 0.037500 0.026562
0 0.503125 0.892188 0.040625 0.031250
0 0.515625 0.917969 0.034375 0.023438
0 0.526563 0.940625 0.037500 0.021875
0 0.530469 0.963281 0.032813 0.023438
0 0.537500 0.983594 0.037500 0.026562
0 0.483594 0.680469 0.026562 0.029687
0 0.488281 0.714063 0.042188 0.034375
0 0.499219 0.745313 0.042188 0.034375
0 0.514062 0.775781 0.031250 0.026562
0 0.517188 0.796094 0.043750 0.032813
0 0.527344 0.829688 0.064062 0.028125
0 0.538281 0.862500 0.048438 0.031250
0 0.551562 0.896875 0.043750 0.040625
0 0.558594 0.931250 0.029687 0.028125
0 0.567187 0.948438 0.037500 0.021875
0 0.570312 0.964063 0.028125 0.018750
0 0.575000 0.984375 0.037500 0.025000
0 0.610938 0.979688 0.037500 0.034375
0 0.604688 0.946875 0.031250 0.028125
0 0.592969 0.916406 0.039062 0.032813
0 0.589844 0.884375 0.035937 0.028125
0 0.579688 0.853125 0.034375 0.028125
0 0.560937 0.798438 0.040625 0.034375
0 0.550781 0.763281 0.048438 0.029687
0 0.578125 0.821094 0.037500 0.032813
0 0.537500 0.726562 0.040625 0.031250
0 0.537500 0.692969 0.040625 0.023438
0 0.555469 0.625781 -0.035937 -0.035937
0 0.525000 0.654687 -0.040625 -0.040625
0 0.570312 0.666406 -0.040625 -0.029687
0 0.577344 0.694531 -0.035937 -0.026562
0 0.582031 0.725000 -0.042188 -0.037500
0 0.586719 0.756250 -0.032813 -0.034375
0 0.599219 0.784375 -0.039062 -0.034375
0 0.610156 0.816406 -0.029687 -0.029687
0 0.617188 0.843750 -0.028125 -0.028125
0 0.618750 0.867188 -0.031250 -0.028125
0 0.630469 0.898438 -0.032813 -0.028125
0 0.639062 0.921875 -0.037500 -0.031250
0 0.647656 0.950781 0.039062 0.029687
0 0.651563 0.972656 0.034375 0.017188
0 0.651563 0.989062 0.037500 0.018750
0 0.694531 0.984375 0.035937 0.025000
0 0.688281 0.961719 -0.035937 -0.023438
0 0.682031 0.941406 -0.035937 -0.026562
0 0.672656 0.883594 -0.045312 -0.032813
0 0.677344 0.915625 0.035937 0.028125
0 0.657031 0.853125 -0.042188 -0.028125
0 0.650781 0.814063 -0.051562 -0.031250
0 0.657813 0.835938 0.043750 0.021875
0 0.646875 0.790625 -0.050000 -0.021875
0 0.627344 0.737500 -0.039062 -0.028125
0 0.628906 0.767188 -0.042188 -0.031250
0 0.657031 0.767188 0.017188 0.018750
0 0.642969 0.712500 0.010937 0.015625
0 0.625781 0.716406 -0.032813 -0.017188
0 0.621875 0.689063 -0.034375 -0.037500
0 0.610156 0.647656 0.039062 0.035937
0 0.600781 0.610938 -0.032813 -0.046875
0 0.634375 0.579688 -0.034375 -0.040625
0 0.646094 0.614062 0.039062 0.040625
0 0.657813 0.691406 0.028125 0.042188
0 0.664844 0.725781 0.035937 0.039062
0 0.675000 0.757812 0.046875 0.040625
0 0.696094 0.828125 0.035937 0.043750
0 0.692187 0.793750 0.034375 0.031250
0 0.702344 0.867969 0.045312 0.042188
0 0.714844 0.902344 0.039062 0.032813
0 0.725000 0.934375 0.040625 0.031250
0 0.737500 0.985938 0.053125 0.025000
0 0.671875 0.560156 -0.037500 -0.032813
0 0.677344 0.586719 0.039062 0.032813
0 0.689844 0.647656 0.039062 0.035937
0 0.692969 0.678906 0.032813 0.023438
0 0.700781 0.706250 0.032813 0.034375
0 0.712500 0.737500 0.046875 0.037500
0 0.724219 0.775781 0.045312 0.039062
0 0.734375 0.813281 0.040625 0.039062
0 0.744531 0.846875 0.039062 0.037500
0 0.754687 0.883594 0.040625 0.029687
0 0.758594 0.914062 0.039062 0.034375
0 0.769531 0.943750 0.039062 0.034375
0 0.725000 0.957812 0.046875 0.028125
0 0.774219 0.959375 0.039062 0.025000
0 0.789062 0.982812 0.040625 0.031250
0 0.829688 0.981250 0.037500 0.031250
0 0.812500 0.954688 -0.046875 -0.025000
0 0.808594 0.927344 -0.039062 -0.029687
0 0.802344 0.903125 -0.039062 -0.031250
0 0.793750 0.877344 -0.034375 -0.032813
0 0.784375 0.850781 -0.034375 -0.032813
0 0.769531 0.794531 -0.035937 -0.026562
0 0.777344 0.817187 -0.029687 -0.034375
0 0.781250 0.827344 -0.034375 -0.029687
0 0.754687 0.725000 -0.025000 -0.028125
0 0.762500 0.762500 -0.034375 -0.043750
0 0.735156 0.667188 -0.035937 -0.034375
0 0.728125 0.639062 -0.037500 -0.034375
0 0.739062 0.700000 0.037500 0.034375
0 0.724219 0.610938 0.035937 0.028125
0 0.720313 0.591406 -0.043750 -0.017188
0 0.711719 0.559375 -0.039062 -0.050000
0 0.748437 0.528906 -0.050000 -0.032813
0 0.749219 0.557813 0.045312 0.028125
0 0.758594 0.587500 0.039062 0.034375
0 0.764062 0.619531 0.040625 0.029687
0 0.770312 0.647656 0.040625 0.026562
0 0.772656 0.676562 0.042188 0.028125
0 0.781250 0.704688 0.037500 0.028125
0 0.787500 0.728125 0.043750 0.028125
0 0.800000 0.756250 0.040625 0.028125
0 0.817187 0.816406 0.050000 0.026562
0 0.810937 0.788281 -0.046875 -0.035937
0 0.821875 0.843750 0.031250 0.031250
0 0.832031 0.870313 0.032813 0.025000
0 0.842187 0.920312 0.028125 0.021875
0 0.839063 0.892969 -0.031250 -0.026562
0 0.850000 0.943750 0.028125 0.031250
0 0.858594 0.976562 0.029687 0.040625
0 0.890625 0.982812 0.034375 0.028125
0 0.890625 0.957812 -0.037500 -0.028125
0 0.894531 0.961719 -0.020313 -0.017188
0 0.878125 0.900000 -0.040625 -0.037500
0 0.883594 0.932813 -0.032813 -0.034375
0 0.873437 0.871094 -0.040625 -0.029687
0 0.861719 0.839063 -0.039062 -0.031250
0 0.857812 0.810156 -0.037500 -0.032813
0 0.851562 0.779687 -0.031250 -0.040625
0 0.842969 0.750000 -0.045312 -0.034375
0 0.832812 0.719531 -0.046875 -0.039062
0 0.824219 0.690625 -0.051562 -0.031250
0 0.814063 0.660937 -0.046875 -0.028125
0 0.803125 0.610156 -0.043750 -0.032813
0 0.810156 0.636719 -0.039062 -0.035937
0 0.799219 0.580469 -0.035937 -0.029687
0 0.796094 0.550781 -0.039062 -0.029687
0 0.789062 0.514844 -0.043750 -0.048438
0 0.819531 0.483594 -0.039062 -0.023438
0 0.829688 0.514062 0.043750 0.031250
0 0.832031 0.544531 0.045312 0.026562
0 0.839844 0.575000 0.045312 0.025000
0 0.846875 0.605469 0.037500 0.026562
0 0.854688 0.634375 0.040625 0.025000
0 0.865625 0.682031 0.037500 0.029687
0 0.859375 0.657813 0.031250 0.025000
0 0.875000 0.712500 0.040625 0.028125
0 0.882031 0.741406 0.039062 0.023438
0 0.889844 0.768750 0.035937 0.025000
0 0.899219 0.797656 0.045312 0.026562
0 0.901563 0.825781 0.040625 0.026562
0 0.907031 0.853125 0.035937 0.025000
0 0.918750 0.878906 0.034375 0.023438
0 0.921094 0.903906 0.035937 0.026562
0 0.921875 0.930469 0.034375 0.026562
0 0.923438 0.953906 0.031250 0.023438
0 0.933594 0.982031 0.032813 0.029687
0 0.962500 0.978906 0.021875 0.035937
0 0.985938 0.978906 0.021875 0.032813
0 0.955469 0.946094 0.026562 0.029687
0 0.984375 0.941406 0.025000 0.039062
0 0.954688 0.919531 0.028125 0.029687
0 0.979688 0.903906 0.021875 0.026562
0 0.992188 0.899219 0.009375 0.042188
0 0.950000 0.885156 -0.025000 -0.032813
0 0.976562 0.878906 -0.009375 -0.014063
0 0.953906 0.853125 -0.042188 -0.028125
0 0.988281 0.859375 0.014063 0.034375
0 0.953906 0.823438 -0.042188 -0.028125
0 0.942187 0.792969 0.037500 0.029687
0 0.929688 0.764844 0.037500 0.026562
0 0.921875 0.735156 0.043750 0.029687
0 0.912500 0.705469 0.043750 0.032813
0 0.909375 0.675781 0.043750 0.029687
0 0.896094 0.641406 0.048438 0.039062
0 0.889062 0.603906 0.040625 0.029687
0 0.883594 0.571875 -0.048438 -0.037500
0 0.881250 0.539062 -0.043750 -0.034375
0 0.867969 0.506250 -0.042188 -0.034375
0 0.901563 0.457031 -0.046875 -0.039062
0 0.860156 0.471875 -0.042188 -0.040625
0 0.907813 0.493750 -0.046875 -0.034375
0 0.915625 0.520312 -0.040625 -0.021875
0 0.921875 0.540625 -0.043750 -0.025000
0 0.930469 0.566406 -0.039062 -0.035937
0 0.935156 0.592187 -0.042188 -0.028125
0 0.939844 0.621094 -0.042188 -0.039062
0 0.942969 0.649219 -0.042188 -0.029687
0 0.955469 0.676562 -0.039062 -0.031250
0 0.961719 0.702344 -0.048438 -0.032813
0 0.968750 0.727344 -0.040625 -0.032813
0 0.972656 0.754687 0.042188 0.031250
0 0.979688 0.784375 0.034375 0.037500
0 0.985938 0.821094 0.021875 0.035937
0 0.930469 0.417969 -0.039062 -0.017188
0 0.939063 0.441406 0.043750 0.023438
0 0.947656 0.470313 0.035937 0.031250
0 0.953906 0.496875 0.042188 0.021875
0 0.960156 0.522656 0.035937 0.026562
0 0.967187 0.553906 0.037500 0.026562
0 0.974219 0.582812 0.042188 0.028125
0 0.979688 0.607812 0.034375 0.018750
0 0.977344 0.628906 0.039062 0.032813
0 0.982812 0.662500 0.028125 0.031250
0 0.988281 0.699219 0.014063 0.032813
0 0.973437 0.417187 0.040625 0.018750
0 0.980469 0.442969 0.032813 0.029687
0 0.982031 0.471094 0.029687 0.026562
0 0.989062 0.496094 0.018750 0.020313
0 0.990625 0.521094 0.012500 0.023438
0 0.994531 0.553125 0.004687 0.028125
