0 0.033594 0.659375 -0.032813 -0.025000
0 0.023438 0.635156 -0.043750 -0.026562
0 0.020313 0.610156 -0.037500 -0.026562
0 0.017188 0.584375 -0.028125 -0.028125
0 0.017188 0.554688 -0.031250 -0.028125
0 0.011719 0.528906 -0.020313 -0.026562
0 0.008594 0.503125 -0.007812 -0.028125
0 0.009375 0.474219 -0.012500 -0.020313
0 0.075000 0.656250 0.031250 0.028125
0 0.064844 0.624219 0.035937 0.032813
0 0.057031 0.594531 0.039062 0.026562
0 0.057813 0.567187 0.028125 0.025000
0 0.046094 0.541406 -0.042188 -0.029687
0 0.044531 0.514844 -0.026562 -0.026562
0 0.042969 0.492969 -0.039062 -0.020313
0 0.038281 0.471094 -0.020313 -0.020313
0 0.028906 0.449219 -0.026562 -0.029687
0 0.024219 0.420312 -0.026562 -0.018750
0 0.021094 0.397656 -0.035937 -0.029687
0 0.016406 0.372656 -0.026562 -0.032813
0 0.014844 0.337500 -0.026562 -0.034375
0 0.019531 0.299219 -0.029687 -0.026562
0 0.016406 0.271094 -0.023438 -0.020313
0 0.013281 0.251563 -0.020313 -0.018750
0 0.009375 0.232813 -0.015625 -0.021875
0 0.007812 0.215625 -0.009375 -0.015625
0 0.111719 0.655469 0.039062 0.029687
0 0.107813 0.630469 0.037500 0.023438
0 0.103906 0.607812 0.032813 0.028125
0 0.095312 0.582812 -0.040625 -0.028125
0 0.088281 0.560156 -0.042188 -0.029687
0 0.082031 0.535937 -0.039062 -0.028125
0 0.073438 0.514844 -0.028125 -0.023438
0 0.078906 0.516406 -0.039062 -0.023438
0 0.078125 0.492188 -0.037500 -0.031250
0 0.067969 0.468750 -0.035937 -0.025000
0 0.062500 0.450000 -0.028125 -0.028125
0 0.061719 0.428125 -0.035937 -0.034375
0 0.057813 0.400781 -0.025000 -0.023438
0 0.050000 0.374219 -0.025000 -0.029687
0 0.040625 0.351562 -0.031250 -0.031250
0 0.036719 0.322656 -0.026562 -0.026562
0 0.014844 0.142969 -0.026562 -0.029687
0 0.010156 0.118750 -0.010937 -0.028125
0 0.022656 0.175781 -0.039062 -0.032813
0 0.026562 0.202344 -0.043750 -0.023438
0 0.035937 0.228125 0.043750 0.025000
0 0.042969 0.253906 0.039062 0.026562
0 0.050000 0.278906 0.040625 0.026562
0 0.060156 0.307812 0.035937 0.031250
0 0.070312 0.335156 0.031250 0.023438
0 0.078906 0.356250 0.029687 0.021875
0 0.085938 0.382031 0.034375 0.023438
0 0.089844 0.406250 0.023438 0.028125
0 0.099219 0.438281 0.035937 0.026562
0 0.108594 0.467187 0.035937 0.025000
0 0.117188 0.492969 0.034375 0.026562
0 0.122656 0.518750 0.032813 0.025000
0 0.128906 0.543750 0.035937 0.028125
0 0.135937 0.570312 0.037500 0.028125
0 0.142969 0.598437 0.039062 0.025000
0 0.146875 0.617188 0.040625 0.021875
0 0.157031 0.637500 0.035937 0.015625
0 0.155469 0.659375 0.032813 0.018750
0 0.196875 0.657031 -0.031250 -0.039062
0 0.189844 0.628906 -0.017188 -0.014063
0 0.180469 0.609375 -0.029687 -0.034375
0 0.176563 0.585156 -0.040625 -0.026562
0 0.164844 0.559375 -0.032813 -0.034375
0 0.156250 0.532031 -0.031250 -0.032813
0 0.146094 0.489844 -0.026562 -0.020313
0 0.142969 0.465625 -0.029687 -0.040625
0 0.135937 0.437500 -0.031250 -0.034375
0 0.125000 0.403125 -0.034375 -0.034375
0 0.117188 0.370312 -0.040625 -0.031250
0 0.110937 0.346094 -0.043750 -0.035937
0 0.102344 0.309375 -0.035937 -0.034375
0 0.089063 0.287500 -0.037500 -0.034375
0 0.082031 0.254688 -0.029687 -0.031250
0 0.080469 0.230469 -0.039062 -0.035937
0 0.071094 0.197656 -0.029687 -0.029687
0 0.060156 0.165625 -0.048438 -0.040625
0 0.047656 0.139063 -0.035937 -0.028125
0 0.036719 0.112500 -0.045312 -0.034375
0 0.027344 0.080469 -0.045312 -0.035937
0 0.024219 0.050000 -0.039062 -0.031250
0 0.016406 0.021094 -0.026562 -0.035937
0 0.046875 0.010156 -0.037500 -0.017188
0 0.044531 0.025000 0.032813 0.015625
0 0.051562 0.040625 0.034375 0.025000
0 0.067187 0.079687 0.031250 0.034375
0 0.082031 0.114062 0.023438 0.021875
0 0.088281 0.142187 0.029687 0.031250
0 0.096094 0.168750 0.029687 0.031250
0 0.107031 0.203125 0.029687 0.034375
0 0.121094 0.239844 0.035937 0.029687
0 0.120313 0.270313 0.043750 0.028125
0 0.130469 0.301563 0.032813 0.028125
0 0.139063 0.326562 0.031250 0.025000
0 0.150000 0.354687 0.025000 0.025000
0 0.159375 0.379688 0.025000 0.028125
0 0.171094 0.413281 0.026562 0.017188
0 0.172656 0.435937 0.026562 0.028125
0 0.178906 0.467187 0.020313 0.025000
0 0.189062 0.496875 0.021875 0.025000
0 0.196094 0.534375 0.035937 0.031250
0 0.205469 0.564063 0.035937 0.028125
0 0.217188 0.590625 0.031250 0.021875
0 0.225781 0.616406 0.042188 0.026562
0 0.229687 0.645312 0.034375 0.031250
0 0.237500 0.674219 0.031250 0.032813
0 0.283594 0.689063 0.026562 0.021875
0 0.278906 0.658594 -0.035937 -0.032813
0 0.266406 0.629687 -0.032813 -0.028125
0 0.370312 0.981250 0.034375 0.034375
0 0.362500 0.950000 0.028125 0.025000
0 0.354687 0.922656 0.028125 0.029687
0 0.338281 0.907031 -0.014063 -0.035937
0 0.351562 0.900000 -0.031250 -0.021875
0 0.340625 0.874219 -0.031250 -0.026562
0 0.335938 0.853125 -0.037500 -0.031250
0 0.328906 0.824219 -0.035937 -0.032813
0 0.321094 0.796094 -0.035937 -0.042188
0 0.314063 0.769531 -0.037500 -0.035937
0 0.300000 0.735938 -0.028125 -0.040625
0 0.254688 0.593750 -0.037500 -0.028125
0 0.250000 0.569531 -0.034375 -0.029687
0 0.242969 0.540625 -0.042188 -0.025000
0 0.230469 0.514062 -0.032813 -0.031250
0 0.222656 0.483594 -0.045312 -0.035937
0 0.217188 0.457031 -0.040625 -0.032813
0 0.203125 0.427344 -0.031250 -0.032813
0 0.194531 0.394531 -0.035937 -0.035937
0 0.187500 0.367188 -0.034375 -0.034375
0 0.174219 0.340625 -0.014063 -0.018750
0 0.179688 0.336719 -0.040625 -0.032813
0 0.171094 0.307812 -0.029687 -0.043750
0 0.157812 0.280469 -0.028125 -0.035937
0 0.153906 0.250781 -0.029687 -0.032813
0 0.149219 0.228125 -0.032813 -0.031250
0 0.139063 0.200781 -0.025000 -0.035937
0 0.131250 0.180469 -0.037500 -0.035937
0 0.124219 0.152344 -0.032813 -0.026562
0 0.114844 0.125781 -0.023438 -0.029687
0 0.106250 0.100781 -0.028125 -0.029687
0 0.099219 0.075781 -0.029687 -0.035937
0 0.087500 0.048438 -0.034375 -0.031250
0 0.077344 0.017969 -0.023438 -0.032813
0 0.115625 0.016406 -0.040625 -0.026562
0 0.122656 0.046875 0.029687 0.031250
0 0.139063 0.078906 -0.043750 -0.039062
0 0.148438 0.113281 0.037500 0.023438
0 0.157812 0.138281 0.034375 0.026562
0 0.164844 0.166406 0.032813 0.032813
0 0.174219 0.198437 0.035937 0.028125
0 0.182812 0.225781 0.034375 0.032813
0 0.189844 0.257812 0.035937 0.028125
0 0.195312 0.287500 0.034375 0.037500
0 0.204687 0.321875 0.037500 0.031250
0 0.220312 0.356250 0.031250 0.031250
0 0.230469 0.393750 0.032813 0.037500
0 0.236719 0.424219 0.026562 0.026562
0 0.251563 0.454688 0.025000 0.034375
0 0.265625 0.484375 0.031250 0.021875
0 0.267188 0.504687 0.037500 0.025000
0 0.275000 0.529687 0.034375 0.025000
0 0.281250 0.557813 0.018750 0.015625
0 0.285156 0.585938 0.029687 0.028125
0 0.295312 0.612500 0.021875 0.015625
0 0.301563 0.633594 0.028125 0.017188
0 0.314063 0.655469 0.021875 0.020313
0 0.155469 0.014063 -0.039062 -0.025000
0 0.160156 0.042969 0.032813 0.029687
0 0.176563 0.071875 0.034375 0.031250
0 0.182812 0.098437 0.037500 0.031250
0 0.193750 0.130469 0.040625 0.029687
0 0.200781 0.160938 0.039062 0.034375
0 0.208594 0.194531 0.042188 0.029687
0 0.221094 0.228906 0.039062 0.035937
0 0.229687 0.266406 0.037500 0.039062
0 0.239844 0.297656 0.039062 0.026562
0 0.246875 0.327344 0.040625 0.029687
0 0.253906 0.358594 0.032813 0.032813
0 0.263281 0.394531 0.032813 0.039062
0 0.276562 0.431250 0.037500 0.031250
0 0.285938 0.458594 0.037500 0.026562
0 0.299219 0.482812 0.035937 0.021875
0 0.308594 0.511719 0.032813 0.029687
0 0.317969 0.543750 0.045312 0.028125
0 0.321094 0.568750 0.039062 0.028125
0 0.324219 0.596094 0.039062 0.026562
0 0.331250 0.624219 0.031250 0.035937
0 0.344531 0.646094 0.014063 0.023438
0 0.357031 0.671875 0.026562 0.028125
0 0.196875 0.017969 -0.040625 -0.032813
0 0.209375 0.050000 -0.046875 -0.031250
0 0.215625 0.076563 0.037500 0.031250
0 0.225000 0.106250 0.037500 0.031250
0 0.237500 0.135937 0.043750 0.031250
0 0.242969 0.169531 0.045312 0.032813
0 0.252344 0.198437 0.039062 0.025000
0 0.259375 0.223438 0.037500 0.028125
0 0.259375 0.248438 0.037500 0.028125
0 0.270313 0.281250 0.034375 0.025000
0 0.278125 0.307031 0.037500 0.029687
0 0.284375 0.335938 0.037500 0.034375
0 0.292969 0.366406 0.035937 0.032813
0 0.300781 0.397656 0.039062 0.032813
0 0.315625 0.426563 0.037500 0.028125
0 0.323437 0.458594 0.040625 0.023438
0 0.337500 0.485938 0.037500 0.031250
0 0.346875 0.518750 0.043750 0.034375
0 0.239063 0.017188 -0.037500 -0.025000
0 0.244531 0.042969 0.029687 0.026562
0 0.249219 0.070312 0.026562 0.025000
0 0.258594 0.096094 0.029687 0.029687
0 0.267969 0.125781 0.029687 0.023438
0 0.278125 0.155469 0.028125 0.035937
0 0.289844 0.186719 0.035937 0.029687
0 0.295312 0.214844 0.031250 0.032813
0 0.300781 0.253125 0.032813 0.034375
0 0.307031 0.281250 0.039062 0.028125
0 0.314063 0.315625 0.031250 0.031250
0 0.322656 0.342969 0.029687 0.026562
0 0.329688 0.372656 0.028125 0.035937
0 0.339844 0.404687 0.029687 0.031250
0 0.348438 0.431250 0.025000 0.025000
0 0.362500 0.460156 0.034375 0.029687
0 0.372656 0.490625 0.032813 0.028125
0 0.382031 0.521875 0.023438 0.031250
0 0.265625 0.011719 -0.028125 -0.023438
0 0.274219 0.038281 0.023438 0.026562
0 0.282813 0.067969 0.028125 0.032813
0 0.292969 0.105469 0.039062 0.039062
0 0.301563 0.139844 0.040625 0.029687
0 0.303906 0.157812 0.004687 0.009375
0 0.315625 0.172656 0.031250 0.029687
0 0.328906 0.204687 0.039062 0.034375
0 0.333594 0.239063 0.039062 0.034375
0 0.343750 0.275000 -0.040625 -0.040625
0 0.351562 0.307031 -0.040625 -0.026562
0 0.359375 0.339844 -0.037500 -0.035937
0 0.366406 0.370312 -0.042188 -0.034375
0 0.373437 0.407813 -0.037500 -0.040625
0 0.386719 0.444531 -0.045312 -0.032813
0 0.400781 0.478125 -0.042188 -0.034375
0 0.406250 0.510156 -0.040625 -0.032813
0 0.432031 0.521094 -0.007812 -0.026562
0 0.415625 0.537500 -0.040625 -0.015625
0 0.307812 0.017188 -0.046875 -0.031250
0 0.307812 0.038281 0.034375 0.029687
0 0.317188 0.064844 0.034375 0.032813
0 0.325000 0.092969 0.037500 0.026562
0 0.336719 0.118750 0.039062 0.025000
0 0.342187 0.148438 0.046875 0.037500
0 0.357812 0.182812 0.050000 0.034375
0 0.367969 0.210156 0.039062 0.023438
0 0.375781 0.239063 0.042188 0.037500
0 0.384375 0.274219 0.046875 0.029687
0 0.392188 0.304688 0.040625 0.025000
0 0.401562 0.332813 0.040625 0.028125
0 0.410156 0.361719 0.039062 0.026562
0 0.416406 0.389844 0.048438 0.032813
0 0.424219 0.423438 0.048438 0.025000
0 0.437500 0.450781 0.037500 0.032813
0 0.443750 0.480469 0.034375 0.023438
0 0.455469 0.506250 0.035937 0.021875
0 0.464062 0.536719 0.031250 0.029687
0 0.347656 0.013281 -0.035937 -0.026562
0 0.353906 0.042188 0.042188 0.025000
0 0.362500 0.071875 0.046875 0.025000
0 0.375781 0.102344 0.042188 0.026562
0 0.378906 0.130469 0.045312 0.029687
0 0.395313 0.159375 0.050000 0.031250
0 0.400000 0.189844 0.040625 0.035937
0 0.418750 0.226562 0.040625 0.031250
0 0.430469 0.260937 0.032813 0.031250
0 0.435937 0.291406 0.031250 0.032813
0 0.446094 0.322656 0.039062 0.032813
0 0.452344 0.353125 0.039062 0.028125
0 0.464062 0.382812 0.034375 0.025000
0 0.470313 0.410156 0.037500 0.023438
0 0.479687 0.438281 0.037500 0.029687
0 0.495312 0.470313 0.037500 0.028125
0 0.497656 0.496875 0.039062 0.021875
0 0.506250 0.523438 0.037500 0.025000
0 0.509375 0.553906 0.037500 0.026562
0 0.382812 0.013281 -0.037500 -0.026562
0 0.394531 0.041406 0.035937 0.029687
0 0.402344 0.071094 0.035937 0.026562
0 0.417969 0.100000 0.032813 0.034375
0 0.423438 0.128125 0.031250 0.028125
0 0.432812 0.156250 0.034375 0.028125
0 0.439844 0.190625 0.039062 0.031250
0 0.450781 0.221094 0.039062 0.029687
0 0.460938 0.251563 0.037500 0.031250
0 0.472656 0.284375 0.039062 0.028125
0 0.484375 0.318750 0.046875 0.031250
0 0.496875 0.351562 0.040625 0.031250
0 0.504687 0.385937 0.043750 0.043750
0 0.514844 0.421094 0.039062 0.035937
0 0.525000 0.455469 0.031250 0.032813
0 0.533594 0.488281 0.039062 0.032813
0 0.545312 0.523438 0.037500 0.037500
0 0.550000 0.553906 0.037500 0.023438
0 0.422656 0.010937 -0.042188 -0.021875
0 0.431250 0.039062 0.037500 0.037500
0 0.439063 0.075000 0.037500 0.031250
0 0.455469 0.104688 0.039062 0.031250
0 0.467969 0.137500 0.035937 0.040625
0 0.477344 0.178906 0.035937 0.032813
0 0.486719 0.212500 0.042188 0.040625
0 0.501563 0.250000 0.037500 0.031250
0 0.511719 0.285156 0.035937 0.032813
0 0.525781 0.325000 0.035937 0.031250
0 0.539062 0.360938 0.037500 0.037500
0 0.546875 0.393750 0.034375 0.025000
0 0.556250 0.423438 0.034375 0.031250
0 0.560937 0.453125 0.043750 0.031250
0 0.574219 0.485156 0.035937 0.032813
0 0.580469 0.515625 0.023438 0.028125
0 0.585156 0.545312 0.032813 0.037500
0 0.597656 0.579688 0.029687 0.025000
0 0.607031 0.611719 0.029687 0.032813
0 0.557031 0.580469 -0.029687 -0.029687
0 0.566406 0.603906 -0.032813 -0.020313
0 0.513281 0.582031 -0.032813 -0.032813
0 0.521875 0.607031 0.028125 0.023438
0 0.465625 0.562500 -0.037500 -0.025000
0 0.471875 0.580469 0.028125 0.014063
0 0.478125 0.599219 -0.025000 -0.020313
0 0.487500 0.624219 0.025000 0.029687
0 0.431250 0.553125 -0.034375 -0.018750
0 0.439063 0.572656 -0.031250 -0.017188
0 0.442969 0.590625 -0.026562 -0.021875
0 0.454688 0.611719 -0.028125 -0.023438
0 0.460156 0.634375 0.026562 0.021875
0 0.384375 0.547656 -0.037500 -0.026562
0 0.396875 0.573438 0.040625 0.025000
0 0.401562 0.596875 0.034375 0.028125
0 0.411719 0.626563 0.035937 0.021875
0 0.353906 0.553125 -0.026562 -0.031250
0 0.364063 0.583594 -0.034375 -0.023438
0 0.371094 0.606250 0.032813 0.018750
0 0.372656 0.628125 0.039062 0.018750
0 0.385156 0.654687 0.039062 0.031250
0 0.463281 0.016406 -0.039062 -0.029687
0 0.478906 0.046875 -0.039062 -0.031250
0 0.481250 0.070312 0.037500 0.031250
0 0.493750 0.100781 0.028125 0.026562
0 0.499219 0.130469 0.035937 0.029687
0 0.508594 0.160938 0.029687 0.028125
0 0.511719 0.188281 0.026562 0.026562
0 0.527344 0.221094 0.026562 0.035937
0 0.537500 0.257031 0.031250 0.032813
0 0.546094 0.285156 0.032813 0.032813
0 0.559375 0.320312 0.028125 0.031250
0 0.568750 0.349219 0.025000 0.023438
0 0.577344 0.375000 0.026562 0.028125
0 0.587500 0.407031 0.031250 0.023438
0 0.594531 0.434375 0.032813 0.031250
0 0.606250 0.464844 0.031250 0.026562
0 0.611719 0.496094 0.035937 0.029687
0 0.615625 0.524219 0.037500 0.029687
0 0.623437 0.556250 0.037500 0.028125
0 0.635938 0.582031 0.046875 0.026562
0 0.642188 0.614062 0.034375 0.028125
0 0.658594 0.642969 0.029687 0.026562
0 0.659375 0.669531 0.021875 0.026562
0 0.504687 0.017188 -0.034375 -0.034375
0 0.511719 0.046875 0.029687 0.031250
0 0.525781 0.078906 0.035937 0.032813
0 0.531250 0.107031 0.031250 0.020313
0 0.540625 0.130469 0.034375 0.029687
0 0.550781 0.159375 0.039062 0.025000
0 0.553125 0.189844 0.037500 0.032813
0 0.561719 0.221094 0.032813 0.029687
0 0.577344 0.253906 0.048438 0.035937
0 0.587500 0.289062 0.037500 0.034375
0 0.596875 0.323437 0.037500 0.031250
0 0.612500 0.360938 0.043750 0.031250
0 0.621875 0.392188 0.037500 0.025000
0 0.632031 0.422656 0.039062 0.032813
0 0.639062 0.462500 0.034375 0.034375
0 0.654687 0.492188 0.037500 0.021875
0 0.660156 0.523438 0.042188 0.040625
0 0.670312 0.562500 0.037500 0.034375
0 0.683594 0.600781 0.035937 0.032813
0 0.696094 0.632812 0.035937 0.025000
0 0.702344 0.661719 0.035937 0.020313
0 0.548438 0.015625 -0.037500 -0.031250
0 0.555469 0.043750 0.035937 0.028125
0 0.566406 0.070312 0.032813 0.028125
0 0.577344 0.097656 0.023438 0.026562
0 0.581250 0.119531 -0.034375 -0.020313
0 0.587500 0.145313 0.034375 0.021875
0 0.594531 0.172656 0.035937 0.026562
0 0.603906 0.206250 0.042188 0.034375
0 0.613281 0.240625 0.042188 0.037500
0 0.632031 0.281250 0.045312 0.040625
0 0.641406 0.320312 0.045312 0.037500
0 0.655469 0.355469 0.039062 0.026562
0 0.664062 0.386719 0.037500 0.032813
0 0.676562 0.416406 0.037500 0.026562
0 0.678125 0.447656 0.031250 0.032813
0 0.692969 0.474219 0.035937 0.023438
0 0.698438 0.499219 0.031250 0.026562
0 0.707812 0.528906 0.031250 0.032813
0 0.715625 0.561719 0.040625 0.029687
0 0.721875 0.596094 0.043750 0.029687
0 0.735156 0.628906 0.042188 0.029687
0 0.736719 0.654687 0.029687 0.028125
0 0.585938 0.010156 -0.037500 -0.017188
0 0.592187 0.031250 0.025000 0.021875
0 0.600000 0.056250 0.025000 0.015625
0 0.606250 0.080469 0.031250 0.029687
0 0.618750 0.110937 0.037500 0.031250
0 0.629687 0.142187 0.037500 0.031250
0 0.635938 0.172656 0.037500 0.029687
0 0.644531 0.201563 0.035937 0.031250
0 0.657813 0.239063 0.046875 0.037500
0 0.673438 0.278125 0.031250 0.028125
0 0.683594 0.309375 0.029687 0.028125
0 0.690625 0.342187 0.034375 0.031250
0 0.707031 0.378906 0.039062 0.032813
0 0.719531 0.412500 0.032813 0.025000
0 0.723437 0.441406 0.040625 0.026562
0 0.734375 0.466406 0.040625 0.026562
0 0.735156 0.509375 0.029687 0.031250
0 0.746875 0.532031 0.040625 0.042188
0 0.625000 0.017969 -0.040625 -0.035937
0 0.640625 0.052344 0.034375 0.023438
0 0.644531 0.082031 0.039062 0.032813
0 0.660156 0.114062 0.042188 0.028125
0 0.667969 0.149219 0.039062 0.029687
0 0.678125 0.182812 0.046875 0.037500
0 0.689844 0.212500 0.039062 0.028125
0 0.705469 0.243750 0.032813 0.028125
0 0.709375 0.277344 0.037500 0.029687
0 0.723437 0.306250 0.034375 0.021875
0 0.739062 0.343750 0.046875 0.028125
0 0.746875 0.374219 0.037500 0.026562
0 0.756250 0.400000 0.040625 0.025000
0 0.767188 0.432812 0.040625 0.040625
0 0.774219 0.469531 0.032813 0.029687
0 0.782813 0.500000 0.031250 0.025000
0 0.785156 0.529687 0.039062 0.034375
0 0.803125 0.568750 0.037500 0.034375
0 0.757812 0.566406 -0.028125 -0.023438
0 0.664062 0.017188 -0.046875 -0.031250
0 0.677344 0.049219 0.035937 0.032813
0 0.687500 0.075781 0.034375 0.026562
0 0.698438 0.105469 0.034375 0.029687
0 0.707812 0.142187 0.040625 0.040625
0 0.722656 0.178125 0.032813 0.031250
0 0.732812 0.210938 0.034375 0.040625
0 0.739062 0.251563 0.031250 0.037500
0 0.751563 0.271875 0.031250 0.031250
0 0.763281 0.307031 0.035937 0.029687
0 0.774219 0.327344 0.026562 0.023438
0 0.785156 0.354687 0.029687 0.031250
0 0.790625 0.385937 0.034375 0.031250
0 0.801562 0.416406 0.031250 0.029687
0 0.810937 0.445312 0.037500 0.031250
0 0.821875 0.478906 0.034375 0.029687
0 0.825000 0.503906 0.037500 0.026562
0 0.832812 0.529687 0.040625 0.025000
0 0.844531 0.558594 0.035937 0.026562
0 0.710156 0.017188 -0.035937 -0.025000
0 0.719531 0.041406 0.029687 0.029687
0 0.721875 0.067187 0.037500 0.028125
0 0.736719 0.096875 0.035937 0.031250
0 0.746875 0.131250 0.034375 0.034375
0 0.756250 0.166406 0.043750 0.032813
0 0.767969 0.195312 0.039062 0.034375
0 0.771094 0.226562 0.042188 0.025000
0 0.784375 0.255469 0.031250 0.032813
0 0.792969 0.282813 0.039062 0.028125
0 0.802344 0.314063 0.032813 0.028125
0 0.815625 0.343750 0.037500 0.031250
0 0.825781 0.370312 0.035937 0.028125
0 0.832031 0.399219 0.032813 0.029687
0 0.842969 0.432812 0.032813 0.031250
0 0.862500 0.459375 0.040625 0.031250
0 0.868750 0.490625 0.028125 0.040625
0 0.869531 0.523438 0.032813 0.031250
0 0.879687 0.553906 0.034375 0.026562
0 0.751563 0.011719 -0.034375 -0.020313
0 0.752344 0.040625 0.026562 0.018750
0 0.758594 0.035937 0.039062 0.028125
0 0.764844 0.064844 0.042188 0.026562
0 0.776563 0.096875 0.034375 0.034375
0 0.787500 0.130469 0.053125 0.039062
0 0.796875 0.162500 0.040625 0.037500
0 0.814063 0.198437 0.040625 0.031250
0 0.818750 0.226562 0.040625 0.031250
0 0.817969 0.260156 0.032813 0.029687
0 0.831250 0.289844 0.040625 0.026562
0 0.844531 0.325781 0.042188 0.029687
0 0.861719 0.355469 0.035937 0.029687
0 0.870313 0.389062 0.028125 0.028125
0 0.878906 0.425000 0.035937 0.034375
0 0.892969 0.460156 0.029687 0.032813
0 0.900781 0.489063 0.035937 0.031250
0 0.907813 0.523438 0.037500 0.031250
0 0.914844 0.557031 0.039062 0.029687
0 0.796094 0.014844 -0.042188 -0.026562
0 0.802344 0.046094 0.039062 0.032813
0 0.814063 0.079687 0.034375 0.034375
0 0.821875 0.111719 0.034375 0.026562
0 0.838281 0.140625 0.029687 0.021875
0 0.842187 0.171875 0.031250 0.040625
0 0.858594 0.213281 0.039062 0.032813
0 0.861719 0.244531 0.039062 0.023438
0 0.865625 0.266406 0.046875 0.029687
0 0.876563 0.296094 0.043750 0.029687
0 0.892969 0.332031 0.048438 0.032813
0 0.900781 0.359375 0.039062 0.034375
0 0.914062 0.392188 0.046875 0.028125
0 0.916406 0.420312 0.039062 0.031250
0 0.928125 0.453125 0.040625 0.028125
0 0.942187 0.480469 0.043750 0.026562
0 0.946094 0.510156 0.042188 0.026562
0 0.952344 0.542969 0.042188 0.029687
0 0.961719 0.575000 0.035937 0.031250
0 0.821875 0.003125 0.000000 0.000000
0 0.839063 0.022656 -0.034375 -0.039062
0 0.846094 0.055469 0.035937 0.026562
0 0.853906 0.086719 0.039062 0.026562
0 0.868750 0.112500 0.040625 0.028125
0 0.871094 0.140625 0.042188 0.028125
0 0.882031 0.171875 0.039062 0.031250
0 0.892188 0.204687 0.031250 0.031250
0 0.898438 0.235937 0.034375 0.037500
0 0.909375 0.267188 0.031250 0.034375
0 0.920312 0.294531 0.040625 0.020313
0 0.928125 0.319531 0.046875 0.032813
0 0.944531 0.354687 0.042188 0.031250
0 0.956250 0.389844 0.037500 0.035937
0 0.968750 0.428125 0.037500 0.034375
0 0.975000 0.460938 0.034375 0.028125
0 0.984375 0.491406 0.028125 0.023438
0 0.984375 0.523438 0.021875 0.034375
0 0.990625 0.573438 0.000000 0.000000
0 0.873437 0.020313 -0.034375 -0.031250
0 0.882812 0.054688 -0.037500 -0.037500
0 0.891406 0.090625 -0.035937 -0.034375
0 0.908594 0.124219 -0.029687 -0.035937
0 0.920312 0.160156 -0.037500 -0.029687
0 0.925000 0.196094 0.040625 0.029687
0 0.939063 0.230469 0.037500 0.032813
0 0.948438 0.263281 0.040625 0.029687
0 0.959375 0.292969 0.040625 0.026562
0 0.967187 0.321875 0.034375 0.031250
0 0.982812 0.349219 0.031250 0.026562
0 0.985938 0.378906 0.015625 0.029687
0 0.987500 0.399219 0.012500 0.017188
0 0.992969 0.421094 0.004687 0.020313
0 0.909375 0.011719 -0.040625 -0.023438
0 0.917188 0.034375 -0.037500 -0.028125
0 0.931250 0.060156 -0.037500 -0.035937
0 0.932031 0.084375 -0.032813 -0.021875
0 0.938281 0.105469 0.039062 0.032813
0 0.952344 0.137500 0.045312 0.031250
0 0.960938 0.167969 0.034375 0.035937
0 0.970313 0.196875 0.040625 0.025000
0 0.980469 0.229687 0.032813 0.034375
0 0.983594 0.262500 0.023438 0.034375
0 0.990625 0.293750 0.015625 0.028125
0 0.992188 0.321875 0.006250 0.021875
0 0.949219 0.011719 -0.035937 -0.023438
0 0.958594 0.038281 0.032813 0.023438
0 0.964063 0.061719 0.031250 0.026562
0 0.973437 0.088281 0.037500 0.029687
0 0.981250 0.115625 0.028125 0.021875
0 0.989062 0.141406 0.012500 0.023438
0 0.990625 0.170313 0.009375 0.021875
0 0.985156 0.017969 0.026562 0.023438
0 0.986719 0.043750 0.017188 0.025000
0 0.990625 0.065625 0.009375 0.025000
0 0.319531 0.680469 0.026562 0.014063
0 0.325000 0.700781 0.034375 0.020313
0 0.332031 0.724219 0.020313 0.017188
0 0.343750 0.748437 0.028125 0.028125
0 0.350781 0.779687 0.026562 0.028125
0 0.360156 0.805469 0.032813 0.026562
0 0.368750 0.832031 0.040625 0.026562
0 0.374219 0.853906 0.042188 0.029687
0 0.382031 0.881250 0.035937 0.021875
0 0.389062 0.904687 0.046875 0.028125
0 0.392188 0.933594 0.037500 0.026562
0 0.402344 0.962500 0.032813 0.025000
0 0.411719 0.988281 0.035937 0.017188
0 0.362500 0.699219 0.025000 0.020313
0 0.370312 0.720313 0.021875 0.025000
0 0.379688 0.743750 0.031250 0.025000
0 0.383594 0.765625 0.032813 0.028125
0 0.392188 0.792188 0.037500 0.028125
0 0.406250 0.818750 0.031250 0.031250
0 0.413281 0.847656 0.035937 0.026562
0 0.418750 0.876563 0.025000 0.025000
0 0.427344 0.904687 0.035937 0.028125
0 0.428125 0.931250 0.043750 0.028125
0 0.439063 0.964063 0.050000 0.034375
0 0.453125 0.987500 0.028125 0.021875
0 0.389062 0.677344 -0.025000 -0.023438
0 0.400781 0.703125 0.032813 0.018750
0 0.407813 0.726562 0.034375 0.025000
0 0.424219 0.753906 0.023438 0.026562
0 0.434375 0.778906 0.034375 0.026562
0 0.444531 0.803906 0.039062 0.032813
0 0.454688 0.842187 0.050000 0.037500
0 0.457813 0.874219 0.040625 0.026562
0 0.470313 0.900000 0.031250 0.025000
0 0.479687 0.935937 0.040625 0.028125
0 0.486719 0.964063 0.032813 0.025000
0 0.492188 0.988281 0.034375 0.017188
0 0.425000 0.650000 0.043750 0.028125
0 0.431250 0.680469 0.037500 0.029687
0 0.439844 0.706250 0.035937 0.025000
0 0.449219 0.730469 0.035937 0.026562
0 0.457813 0.759375 0.037500 0.028125
0 0.471875 0.788281 0.028125 0.029687
0 0.483594 0.815625 0.026562 0.028125
0 0.489063 0.844531 0.018750 0.026562
0 0.497656 0.875000 0.029687 0.028125
0 0.502344 0.900781 0.026562 0.026562
0 0.513281 0.930469 0.026562 0.029687
0 0.518750 0.957812 0.025000 0.021875
0 0.530469 0.985156 0.032813 0.026562
0 0.466406 0.653906 -0.039062 -0.023438
0 0.468750 0.679688 0.031250 0.031250
0 0.477344 0.709375 0.023438 0.025000
0 0.492188 0.738281 0.034375 0.026562
0 0.498437 0.762500 0.034375 0.028125
0 0.511719 0.791406 0.032813 0.023438
0 0.517969 0.821094 0.035937 0.032813
0 0.523438 0.849219 0.034375 0.026562
0 0.533594 0.875781 0.032813 0.023438
0 0.543750 0.902344 0.034375 0.026562
0 0.549219 0.932813 0.032813 0.028125
0 0.556250 0.960938 0.043750 0.028125
0 0.562500 0.988281 0.028125 0.017188
0 0.499219 0.649219 -0.026562 -0.029687
0 0.504687 0.672656 -0.031250 -0.017188
0 0.495312 0.683594 -0.003125 -0.004687
0 0.508594 0.696094 0.032813 0.029687
0 0.518750 0.724219 0.034375 0.026562
0 0.533594 0.753125 0.035937 0.034375
0 0.541406 0.785156 0.026562 0.032813
0 0.553906 0.819531 0.035937 0.032813
0 0.562500 0.853125 0.034375 0.025000
0 0.568750 0.887500 0.031250 0.037500
0 0.583594 0.921094 0.029687 0.026562
0 0.586719 0.950000 0.035937 0.031250
0 0.598437 0.976562 0.043750 0.025000
0 0.600000 0.992188 0.037500 0.012500
0 0.532813 0.629687 -0.037500 -0.028125
0 0.539062 0.659375 0.037500 0.031250
0 0.546875 0.689063 0.031250 0.025000
0 0.552344 0.714844 0.042188 0.029687
0 0.565625 0.745313 0.034375 0.028125
0 0.573438 0.775000 0.034375 0.028125
0 0.581250 0.804688 0.031250 0.025000
0 0.590625 0.832031 0.031250 0.026562
0 0.602344 0.857812 0.026562 0.031250
0 0.606250 0.892188 0.031250 0.031250
0 0.619531 0.923438 0.039062 0.025000
0 0.626563 0.947656 0.031250 0.026562
0 0.631250 0.970313 0.028125 0.021875
0 0.638281 0.990625 0.029687 0.015625
0 0.571094 0.628125 0.029687 0.028125
0 0.576562 0.661719 0.031250 0.039062
0 0.585156 0.695312 0.035937 0.031250
0 0.594531 0.730469 0.029687 0.032813
0 0.608594 0.761719 0.023438 0.026562
0 0.612500 0.790625 0.034375 0.021875
0 0.623437 0.817187 0.034375 0.031250
0 0.632812 0.850000 0.031250 0.028125
0 0.641406 0.882031 0.029687 0.029687
0 0.655469 0.916406 0.035937 0.032813
0 0.662500 0.948438 0.028125 0.028125
0 0.670312 0.974219 0.040625 0.023438
0 0.678125 0.992969 0.028125 0.010937
0 0.615625 0.647656 0.040625 0.035937
0 0.618750 0.674219 0.043750 0.023438
0 0.625000 0.698438 0.040625 0.028125
0 0.635156 0.723437 0.042188 0.025000
0 0.640625 0.750781 0.046875 0.035937
0 0.652344 0.780469 0.042188 0.026562
0 0.660937 0.807813 0.040625 0.028125
0 0.672656 0.835938 0.051562 0.034375
0 0.681250 0.871094 0.053125 0.029687
0 0.692187 0.900000 0.050000 0.025000
0 0.700000 0.928906 0.046875 0.029687
0 0.706250 0.957031 0.046875 0.029687
0 0.715625 0.984375 0.040625 0.021875
0 0.667969 0.697656 0.042188 0.026562
0 0.676562 0.721875 0.037500 0.031250
0 0.686719 0.757812 0.035937 0.037500
0 0.698438 0.795312 0.031250 0.034375
0 0.710938 0.825781 0.031250 0.026562
0 0.721094 0.858594 0.029687 0.039062
0 0.729688 0.892188 0.034375 0.031250
0 0.739062 0.925000 0.034375 0.034375
0 0.749219 0.956250 0.032813 0.031250
0 0.757812 0.985156 0.034375 0.026562
0 0.710156 0.691406 0.045312 0.029687
0 0.718750 0.725000 0.034375 0.031250
0 0.727344 0.760156 0.029687 0.032813
0 0.742188 0.793750 0.040625 0.031250
0 0.748437 0.828125 0.037500 0.031250
0 0.757031 0.862500 0.029687 0.034375
0 0.775781 0.894531 0.042188 0.029687
0 0.785156 0.928906 0.045312 0.032813
0 0.797656 0.961719 0.045312 0.029687
0 0.804688 0.987500 0.050000 0.021875
0 0.752344 0.682813 0.026562 0.025000
0 0.760156 0.711719 0.032813 0.026562
0 0.771875 0.750000 0.040625 0.037500
0 0.783594 0.789062 0.020313 0.021875
0 0.787500 0.812500 0.040625 0.028125
0 0.802344 0.845313 0.039062 0.031250
0 0.810937 0.868750 0.037500 0.021875
0 0.825781 0.900781 0.035937 0.029687
0 0.837500 0.932031 0.046875 0.032813
0 0.845313 0.963281 0.040625 0.020313
0 0.849219 0.984375 0.035937 0.025000
0 0.773438 0.592187 -0.034375 -0.025000
0 0.775781 0.619531 0.042188 0.032813
0 0.757812 0.653906 -0.021875 0.007812
0 0.788281 0.653125 0.039062 0.031250
0 0.790625 0.683594 0.037500 0.035937
0 0.801562 0.715625 0.031250 0.028125
0 0.814063 0.749219 0.031250 0.039062
0 0.830469 0.789062 0.032813 0.040625
0 0.821875 0.786719 0.043750 0.029687
0 0.831250 0.817969 0.034375 0.032813
0 0.845313 0.845313 0.040625 0.028125
0 0.856250 0.877344 0.040625 0.035937
0 0.870313 0.907813 0.040625 0.021875
0 0.889062 0.964844 0.037500 0.023438
0 0.886719 0.938281 -0.039062 -0.035937
0 0.899219 0.985938 0.029687 0.025000
0 0.812500 0.600781 0.031250 0.026562
0 0.821094 0.628906 0.039062 0.026562
0 0.828125 0.659375 0.040625 0.031250
0 0.833594 0.692187 0.039062 0.028125
0 0.841406 0.723437 0.042188 0.028125
0 0.856250 0.760156 0.037500 0.029687
0 0.876563 0.792969 0.037500 0.029687
0 0.882031 0.823438 0.035937 0.028125
0 0.896875 0.853125 0.037500 0.028125
0 0.902344 0.879687 0.045312 0.028125
0 0.910937 0.907813 0.034375 0.031250
0 0.925000 0.934375 0.040625 0.025000
0 0.931250 0.964063 0.050000 0.028125
0 0.940625 0.988281 0.043750 0.017188
0 0.854688 0.588281 -0.031250 -0.029687
0 0.857812 0.620313 0.037500 0.031250
0 0.871094 0.650000 0.029687 0.028125
0 0.877344 0.679688 0.029687 0.031250
0 0.888281 0.710156 0.023438 0.026562
0 0.899219 0.732031 0.032813 0.026562
0 0.906250 0.764844 0.034375 0.032813
0 0.918750 0.794531 0.037500 0.023438
0 0.925000 0.822656 0.040625 0.029687
0 0.934375 0.852344 0.034375 0.023438
0 0.944531 0.881250 0.032813 0.031250
0 0.952344 0.914062 0.026562 0.031250
0 0.970313 0.940625 0.025000 0.028125
0 0.974219 0.964844 0.029687 0.020313
0 0.975781 0.985156 0.029687 0.026562
0 0.989844 0.961719 0.010937 0.035937
0 0.889062 0.587500 0.037500 0.034375
0 0.896094 0.617969 0.032813 0.029687
0 0.906250 0.648438 0.046875 0.034375
0 0.914844 0.674219 0.045312 0.032813
0 0.925000 0.707812 0.043750 0.037500
0 0.940625 0.740625 0.037500 0.034375
0 0.953906 0.771875 0.042188 0.034375
0 0.964063 0.802344 0.040625 0.032813
0 0.970313 0.831250 0.043750 0.028125
0 0.975000 0.861719 0.040625 0.026562
0 0.982812 0.889062 0.025000 0.031250
0 0.984375 0.920312 0.021875 0.031250
0 0.925000 0.587500 0.034375 0.025000
0 0.942187 0.614844 0.040625 0.032813
0 0.951562 0.646875 0.040625 0.031250
0 0.960938 0.677344 0.031250 0.026562
0 0.964063 0.698438 0.031250 0.015625
0 0.974219 0.726562 0.029687 0.031250
0 0.982812 0.755469 0.031250 0.026562
0 0.985938 0.781250 0.018750 0.021875
0 0.975781 0.603125 0.035937 0.031250
0 0.983594 0.636719 0.029687 0.023438
0 0.987500 0.666406 0.021875 0.029687
0 0.987500 0.695312 0.015625 0.025000
0 0.985938 0.560156 0.018750 0.035937
