0 0.007812 0.571875 -0.015625 -0.037500
0 0.023438 0.538281 -0.037500 -0.042188
0 0.021094 0.502344 -0.039062 -0.039062
0 0.012500 0.471875 -0.025000 -0.040625
0 0.072656 0.501563 -0.042188 -0.034375
0 0.053906 0.474219 -0.042188 -0.029687
0 0.049219 0.446875 -0.042188 -0.031250
0 0.027344 0.420312 -0.042188 -0.034375
0 0.004687 0.370312 0.000000 0.000000
0 0.112500 0.489063 -0.037500 -0.040625
0 0.094531 0.457031 -0.045312 -0.026562
0 0.088281 0.436719 -0.042188 -0.023438
0 0.069531 0.404687 -0.048438 -0.034375
0 0.053125 0.371875 -0.046875 -0.031250
0 0.017969 0.378125 -0.029687 -0.031250
0 0.010937 0.346875 -0.015625 -0.021875
0 0.040625 0.343750 -0.037500 -0.028125
0 0.025000 0.314063 -0.043750 -0.034375
0 0.015625 0.286719 -0.031250 -0.032813
0 0.008594 0.263281 -0.014063 -0.023438
0 0.146094 0.471875 -0.039062 -0.034375
0 0.130469 0.439063 -0.042188 -0.034375
0 0.114844 0.412500 -0.042188 -0.034375
0 0.103125 0.381250 -0.037500 -0.043750
0 0.085156 0.357031 -0.035937 -0.020313
0 0.075781 0.335938 -0.029687 -0.021875
0 0.064844 0.307812 -0.042188 -0.037500
0 0.046875 0.282031 -0.046875 -0.035937
0 0.035156 0.258594 -0.045312 -0.029687
0 0.017969 0.232031 -0.032813 -0.032813
0 0.179688 0.456250 -0.043750 -0.037500
0 0.165625 0.425781 -0.050000 -0.035937
0 0.153125 0.392969 -0.050000 -0.029687
0 0.143750 0.376563 -0.053125 -0.031250
0 0.126562 0.348438 -0.053125 -0.034375
0 0.111719 0.318750 -0.048438 -0.034375
0 0.094531 0.285156 -0.051562 -0.039062
0 0.088281 0.259375 -0.048438 -0.028125
0 0.073438 0.238281 -0.053125 -0.045312
0 0.039844 0.210156 -0.029687 -0.035937
0 0.048438 0.179688 -0.037500 -0.031250
0 0.036719 0.148438 -0.048438 -0.031250
0 0.023438 0.115625 -0.040625 -0.034375
0 0.017188 0.085156 -0.025000 -0.020313
0 0.010937 0.062500 -0.018750 -0.028125
0 0.010937 0.037500 -0.015625 -0.018750
0 0.019531 0.169531 -0.035937 -0.048438
0 0.017188 0.202344 -0.031250 -0.032813
0 0.225781 0.434375 -0.042188 -0.037500
0 0.213281 0.407031 -0.042188 -0.032813
0 0.200000 0.386719 -0.043750 -0.023438
0 0.189062 0.362500 -0.050000 -0.028125
0 0.172656 0.341406 -0.048438 -0.023438
0 0.155469 0.313281 -0.045312 -0.035937
0 0.145313 0.278125 -0.046875 -0.034375
0 0.125000 0.250781 -0.046875 -0.035937
0 0.111719 0.218750 -0.051562 -0.034375
0 0.096094 0.182031 -0.051562 -0.042188
0 0.082812 0.145313 -0.043750 -0.025000
0 0.070312 0.117969 -0.050000 -0.029687
0 0.058594 0.081250 -0.035937 -0.040625
0 0.039062 0.048438 -0.040625 -0.028125
0 0.026562 0.018750 -0.043750 -0.031250
0 0.253125 0.411719 -0.034375 -0.032813
0 0.244531 0.386719 -0.039062 -0.023438
0 0.228125 0.355469 -0.043750 -0.032813
0 0.209375 0.327344 -0.040625 -0.026562
0 0.200000 0.309375 -0.031250 -0.025000
0 0.186719 0.278125 -0.035937 -0.031250
0 0.171094 0.248438 -0.045312 -0.043750
0 0.153906 0.214844 -0.042188 -0.051562
0 0.140625 0.175781 -0.034375 -0.035937
0 0.128906 0.150000 -0.042188 -0.034375
0 0.114844 0.123438 -0.042188 -0.031250
0 0.106250 0.094531 -0.034375 -0.029687
0 0.103125 0.078906 -0.043750 -0.029687
0 0.086719 0.049219 -0.039062 -0.023438
0 0.075000 0.021094 -0.053125 -0.039062
0 0.288281 0.398438 -0.042188 -0.031250
0 0.271094 0.367188 -0.048438 -0.034375
0 0.257031 0.342969 -0.035937 -0.026562
0 0.238281 0.317188 -0.039062 -0.040625
0 0.221875 0.282813 -0.053125 -0.034375
0 0.217969 0.242969 -0.054688 -0.029687
0 0.205469 0.224219 -0.045312 -0.026562
0 0.200000 0.202344 -0.053125 -0.026562
0 0.180469 0.175781 -0.051562 -0.035937
0 0.163281 0.146875 -0.039062 -0.031250
0 0.156250 0.124219 -0.037500 -0.032813
0 0.145313 0.094531 -0.040625 -0.035937
0 0.132812 0.067187 -0.037500 -0.028125
0 0.124219 0.046094 -0.039062 -0.029687
0 0.112500 0.017969 -0.028125 -0.032813
0 0.325000 0.378906 -0.040625 -0.039062
0 0.309375 0.350781 -0.046875 -0.026562
0 0.285938 0.325781 -0.050000 -0.032813
0 0.275000 0.292969 -0.046875 -0.032813
0 0.269531 0.270313 -0.035937 -0.028125
0 0.262500 0.244531 -0.028125 -0.029687
0 0.247656 0.214844 -0.032813 -0.023438
0 0.234375 0.190625 -0.028125 -0.031250
0 0.222656 0.169531 -0.039062 -0.029687
0 0.205469 0.138281 -0.048438 -0.029687
0 0.191406 0.109375 -0.042188 -0.034375
0 0.175000 0.073438 -0.037500 -0.031250
0 0.169531 0.041406 -0.035937 -0.029687
0 0.157812 0.012500 -0.028125 -0.025000
0 0.139063 0.014844 -0.018750 -0.026562
0 0.356250 0.362500 -0.034375 -0.034375
0 0.341406 0.329688 -0.045312 -0.025000
0 0.332813 0.304688 -0.046875 -0.021875
0 0.313281 0.280469 -0.048438 -0.026562
0 0.310937 0.253125 -0.046875 -0.031250
0 0.289062 0.215625 -0.046875 -0.031250
0 0.278125 0.182812 -0.043750 -0.025000
0 0.261719 0.156250 -0.042188 -0.025000
0 0.253125 0.131250 -0.050000 -0.031250
0 0.229687 0.096875 -0.050000 -0.031250
0 0.214062 0.063281 -0.046875 -0.029687
0 0.206250 0.033594 -0.040625 -0.026562
0 0.178125 0.001563 0.000000 0.000000
0 0.392188 0.360156 -0.025000 -0.032813
0 0.383594 0.333594 -0.035937 -0.023438
0 0.367969 0.306250 -0.026562 -0.034375
0 0.353906 0.270313 -0.039062 -0.031250
0 0.340625 0.241406 -0.034375 -0.029687
0 0.329688 0.210938 -0.031250 -0.034375
0 0.317969 0.179688 -0.032813 -0.021875
0 0.310156 0.157812 -0.042188 -0.031250
0 0.298438 0.130469 -0.043750 -0.032813
0 0.278125 0.100781 -0.037500 -0.035937
0 0.268750 0.074219 -0.040625 -0.029687
0 0.253125 0.044531 -0.043750 -0.029687
0 0.240625 0.012500 -0.046875 -0.025000
0 0.200000 0.010937 -0.046875 -0.021875
0 0.429688 0.332031 -0.043750 -0.039062
0 0.413281 0.310156 -0.045312 -0.032813
0 0.400781 0.277344 -0.042188 -0.039062
0 0.382031 0.248438 -0.042188 -0.028125
0 0.367969 0.213281 -0.045312 -0.042188
0 0.359375 0.175781 -0.050000 -0.039062
0 0.348438 0.153125 -0.037500 -0.031250
0 0.335938 0.125781 -0.037500 -0.026562
0 0.320312 0.092969 -0.037500 -0.029687
0 0.307812 0.064062 -0.037500 -0.031250
0 0.290625 0.038281 -0.034375 -0.029687
0 0.282031 0.016406 -0.035937 -0.029687
0 0.467969 0.321875 -0.042188 -0.037500
0 0.457813 0.292969 -0.046875 -0.029687
0 0.442188 0.263281 -0.046875 -0.032813
0 0.430469 0.235937 -0.048438 -0.034375
0 0.415625 0.209375 -0.050000 -0.034375
0 0.400781 0.175781 -0.035937 -0.032813
0 0.387500 0.145313 -0.034375 -0.028125
0 0.371875 0.118750 -0.034375 -0.037500
0 0.360156 0.088281 -0.035937 -0.023438
0 0.349219 0.059375 -0.032813 -0.034375
0 0.328125 0.036719 -0.040625 -0.017188
0 0.310937 0.003125 0.000000 0.000000
0 0.514062 0.284375 -0.012500 -0.021875
0 0.498437 0.281250 -0.037500 -0.031250
0 0.482812 0.248438 -0.046875 -0.028125
0 0.470313 0.218750 -0.046875 -0.031250
0 0.450781 0.188281 -0.042188 -0.023438
0 0.434375 0.164062 -0.050000 -0.028125
0 0.422656 0.132812 -0.045312 -0.025000
0 0.406250 0.109375 -0.037500 -0.025000
0 0.396875 0.082812 -0.034375 -0.028125
0 0.383594 0.055469 -0.032813 -0.023438
0 0.371094 0.028125 -0.042188 -0.021875
0 0.331250 0.013281 -0.043750 -0.020313
0 0.360938 0.012500 -0.040625 -0.021875
0 0.507812 0.216406 -0.031250 -0.029687
0 0.486719 0.185156 -0.039062 -0.026562
0 0.475000 0.159375 -0.034375 -0.031250
0 0.460938 0.131250 -0.028125 -0.021875
0 0.446875 0.103906 -0.031250 -0.026562
0 0.428906 0.081250 -0.039062 -0.034375
0 0.410156 0.047656 -0.035937 -0.039062
0 0.403125 0.017188 -0.037500 -0.034375
0 0.546875 0.218750 -0.040625 -0.034375
0 0.534375 0.191406 -0.028125 -0.023438
0 0.509375 0.167187 -0.037500 -0.031250
0 0.527344 0.145313 -0.042188 -0.037500
0 0.496094 0.114062 -0.054688 -0.031250
0 0.480469 0.076563 -0.045312 -0.034375
0 0.464844 0.054688 -0.054688 -0.021875
0 0.454688 0.032031 -0.037500 -0.026562
0 0.431250 0.001563 0.000000 0.000000
0 0.556250 0.129688 -0.043750 -0.037500
0 0.537500 0.095312 -0.040625 -0.037500
0 0.525000 0.067187 -0.043750 -0.034375
0 0.506250 0.036719 -0.046875 -0.026562
0 0.487500 0.014844 -0.034375 -0.029687
0 0.449219 0.014844 -0.039062 -0.026562
0 0.589063 0.100781 -0.031250 -0.035937
0 0.564844 0.157031 -0.026562 -0.023438
0 0.593750 0.064062 -0.021875 -0.009375
0 0.591406 0.073438 -0.023438 -0.009375
0 0.583594 0.072656 -0.042188 -0.048438
0 0.565625 0.039844 -0.034375 -0.029687
0 0.550781 0.015625 -0.051562 -0.031250
0 0.514062 0.013281 -0.037500 -0.023438
0 0.595313 0.017188 -0.034375 -0.031250
0 0.605469 0.039062 -0.032813 -0.025000
