0 0.008594 0.228906 0.010937 0.026562
0 0.028125 0.225781 0.025000 0.026562
0 0.013281 0.203125 0.017188 0.025000
0 0.009375 0.166406 0.015625 0.054688
0 0.027344 0.189844 0.014063 0.029687
0 0.002344 0.018750 -0.029687 -0.031250
0 0.009375 0.052344 -0.034375 -0.029687
0 0.013281 0.079687 0.026562 0.018750
0 0.005469 0.114062 0.010937 0.050000
0 0.053906 0.214844 0.032813 0.026562
0 0.050000 0.189062 0.028125 0.025000
0 0.044531 0.169531 0.032813 0.020313
0 0.033594 0.150781 0.035937 0.023438
0 0.028906 0.113281 0.032813 0.051562
0 0.087500 0.179688 0.025000 0.031250
0 0.076563 0.155469 0.031250 0.026562
0 0.062500 0.123438 0.037500 0.031250
0 0.055469 0.095312 0.026562 0.025000
0 0.047656 0.080469 0.035937 0.017188
0 0.044531 0.053906 0.032813 0.029687
0 0.039062 0.020313 0.037500 0.034375
0 0.121094 0.169531 0.035937 0.026562
0 0.110156 0.142969 0.032813 0.029687
0 0.096875 0.110937 0.037500 0.031250
0 0.089063 0.075781 0.050000 0.035937
0 0.082031 0.043750 0.045312 0.028125
0 0.080469 0.016406 0.039062 0.032813
0 0.155469 0.156250 0.039062 0.031250
0 0.141406 0.128125 0.039062 0.028125
0 0.132031 0.100000 0.035937 0.028125
0 0.126562 0.071094 0.021875 0.026562
0 0.121875 0.045312 0.021875 0.025000
0 0.117969 0.016406 0.026562 0.032813
0 0.428125 0.006250 0.025000 0.009375
0 0.389844 0.018750 0.039062 0.034375
0 0.355469 0.040625 0.035937 0.034375
0 0.347656 0.012500 0.035937 0.025000
0 0.323437 0.064844 0.031250 0.029687
0 0.316406 0.041406 0.032813 0.020313
0 0.311719 0.014844 0.032813 0.029687
0 0.286719 0.075000 0.039062 0.034375
0 0.278906 0.046875 0.035937 0.025000
0 0.273438 0.021875 0.043750 0.021875
0 0.268750 0.003906 0.040625 0.007812
0 0.230469 0.017188 0.042188 0.031250
0 0.239844 0.049219 0.039062 0.026562
0 0.247656 0.082812 0.039062 0.034375
0 0.204687 0.125781 0.053125 0.026562
0 0.167969 0.097656 0.026562 0.026562
0 0.157031 0.069531 0.039062 0.029687
0 0.150781 0.037500 0.035937 0.028125
0 0.150000 0.010937 0.034375 0.021875
0 0.185156 0.012500 0.035937 0.025000
0 0.188281 0.039062 0.048438 0.025000
0 0.197656 0.067187 0.042188 0.025000
0 0.205469 0.092969 0.042188 0.032813
