0 0.022656 0.564063 -0.042188 -0.040625
0 0.014844 0.532031 -0.023438 -0.032813
0 0.010937 0.500781 -0.015625 -0.032813
0 0.007812 0.478125 -0.009375 -0.015625
0 0.057031 0.552344 0.032813 0.029687
0 0.050000 0.522656 -0.037500 -0.023438
0 0.041406 0.497656 -0.032813 -0.023438
0 0.038281 0.471094 -0.026562 -0.029687
0 0.019531 0.464062 -0.023438 -0.025000
0 0.017969 0.442188 -0.023438 -0.028125
0 0.013281 0.417969 -0.017188 -0.023438
0 0.010937 0.400781 -0.015625 -0.020313
0 0.008594 0.383594 -0.010937 -0.020313
0 0.090625 0.532813 0.034375 0.018750
0 0.081250 0.506250 -0.034375 -0.025000
0 0.073438 0.482812 -0.034375 -0.028125
0 0.063281 0.457031 -0.039062 -0.039062
0 0.053125 0.426563 -0.046875 -0.021875
0 0.047656 0.402344 -0.039062 -0.032813
0 0.039062 0.374219 -0.040625 -0.032813
0 0.030469 0.346094 -0.032813 -0.035937
0 0.025781 0.322656 -0.039062 -0.026562
0 0.021875 0.299219 -0.031250 -0.026562
0 0.015625 0.269531 -0.028125 -0.032813
0 0.010156 0.242188 -0.017188 -0.028125
0 0.008594 0.218750 -0.010937 -0.025000
0 0.012500 0.356250 -0.015625 -0.034375
0 0.009375 0.078906 -0.018750 -0.026562
0 0.005469 0.050781 -0.010937 -0.026562
0 0.013281 0.113281 -0.020313 -0.026562
0 0.018750 0.139063 -0.021875 -0.021875
0 0.026562 0.169531 -0.046875 -0.029687
0 0.026562 0.196094 -0.043750 -0.023438
0 0.039062 0.222656 0.037500 0.026562
0 0.043750 0.250781 0.037500 0.020313
0 0.054688 0.271094 0.037500 0.020313
0 0.062500 0.296094 0.034375 0.023438
0 0.068750 0.318750 0.037500 0.025000
0 0.077344 0.340625 0.048438 0.018750
0 0.083594 0.364063 0.045312 0.028125
0 0.090625 0.389844 0.040625 0.026562
0 0.102344 0.421875 0.035937 0.031250
0 0.107031 0.445312 0.035937 0.018750
0 0.112500 0.467187 0.028125 0.018750
0 0.120313 0.489844 0.037500 0.020313
0 0.128125 0.517969 0.040625 0.026562
0 0.164844 0.505469 0.035937 0.023438
0 0.160938 0.484375 -0.037500 -0.021875
0 0.148438 0.464062 -0.037500 -0.025000
0 0.139844 0.435156 -0.045312 -0.032813
0 0.135156 0.406250 -0.042188 -0.028125
0 0.128906 0.379688 -0.029687 -0.031250
0 0.117969 0.350000 -0.035937 -0.025000
0 0.105469 0.325000 -0.039062 -0.034375
0 0.100000 0.296094 -0.031250 -0.035937
0 0.087500 0.265625 0.037500 0.021875
0 0.077344 0.239844 0.042188 0.026562
0 0.077344 0.213281 -0.039062 -0.029687
0 0.064844 0.186719 -0.020313 -0.029687
0 0.064062 0.163281 -0.031250 -0.026562
0 0.053906 0.135937 -0.042188 -0.028125
0 0.049219 0.110156 -0.051562 -0.035937
0 0.039062 0.085156 -0.031250 -0.035937
0 0.029687 0.059375 -0.034375 -0.025000
0 0.022656 0.039062 -0.042188 -0.031250
0 0.020313 0.014844 -0.037500 -0.023438
0 0.055469 0.011719 -0.029687 -0.014063
0 0.060156 0.027344 0.032813 0.023438
0 0.069531 0.049219 0.045312 0.020313
0 0.075781 0.075000 0.032813 0.025000
0 0.087500 0.097656 0.037500 0.023438
0 0.093750 0.120313 0.037500 0.018750
0 0.099219 0.141406 0.029687 0.020313
0 0.103125 0.163281 0.034375 0.023438
0 0.107031 0.189062 0.039062 0.025000
0 0.120313 0.211719 0.046875 0.020313
0 0.120313 0.236719 0.050000 0.032813
0 0.134375 0.268750 0.037500 0.028125
0 0.139844 0.297656 0.039062 0.026562
0 0.148438 0.325781 0.040625 0.026562
0 0.155469 0.352344 0.035937 0.023438
0 0.163281 0.377344 0.020313 0.026562
0 0.170313 0.402344 0.021875 0.026562
0 0.175000 0.423438 0.021875 0.018750
0 0.178906 0.447656 0.029687 0.026562
0 0.225781 0.456250 0.029687 0.028125
0 0.212500 0.437500 -0.043750 -0.018750
0 0.207813 0.417187 -0.040625 -0.025000
0 0.200000 0.392188 -0.034375 -0.031250
0 0.194531 0.364844 -0.032813 -0.026562
0 0.185938 0.337500 -0.031250 -0.028125
0 0.182031 0.312500 -0.029687 -0.025000
0 0.171094 0.292187 -0.035937 -0.028125
0 0.164844 0.270313 -0.026562 -0.031250
0 0.158594 0.240625 -0.032813 -0.025000
0 0.153125 0.214062 -0.018750 -0.025000
0 0.141406 0.188281 -0.029687 -0.026562
0 0.139844 0.164844 -0.039062 -0.029687
0 0.130469 0.133594 -0.029687 -0.032813
0 0.127344 0.104688 -0.032813 -0.028125
0 0.114844 0.075000 -0.035937 -0.037500
0 0.105469 0.047656 -0.032813 -0.029687
0 0.092188 0.020313 -0.034375 -0.031250
0 0.125781 0.010156 -0.032813 -0.010937
0 0.128125 0.025781 0.040625 0.029687
0 0.137500 0.054688 0.031250 0.028125
0 0.146094 0.078125 0.032813 0.025000
0 0.157031 0.104688 0.032813 0.028125
0 0.164062 0.132812 0.031250 0.025000
0 0.171094 0.161719 0.035937 0.029687
0 0.180469 0.189844 0.035937 0.029687
0 0.186719 0.218750 0.032813 0.028125
0 0.196094 0.247656 0.029687 0.026562
0 0.204687 0.272656 -0.034375 -0.023438
0 0.210156 0.303906 0.039062 0.032813
0 0.221094 0.338281 0.032813 0.029687
0 0.232031 0.369531 0.035937 0.029687
0 0.241406 0.396094 0.032813 0.020313
0 0.246875 0.415625 0.034375 0.018750
0 0.260156 0.440625 0.032813 0.031250
0 0.289844 0.417969 0.042188 0.029687
0 0.278125 0.391406 -0.034375 -0.020313
0 0.269531 0.369531 -0.039062 -0.026562
0 0.264062 0.345313 -0.034375 -0.034375
0 0.255469 0.317969 -0.035937 -0.032813
0 0.250781 0.293750 -0.039062 -0.034375
0 0.243750 0.269531 -0.034375 -0.029687
0 0.233594 0.240625 -0.042188 -0.037500
0 0.220312 0.211719 -0.037500 -0.029687
0 0.207031 0.183594 -0.014063 -0.020313
0 0.194531 0.157812 -0.017188 -0.018750
0 0.187500 0.137500 -0.015625 -0.018750
0 0.185938 0.120313 -0.015625 -0.025000
0 0.178906 0.096094 -0.014063 -0.023438
0 0.167187 0.073438 -0.015625 -0.018750
0 0.160938 0.054688 -0.018750 -0.025000
0 0.156250 0.033594 -0.021875 -0.026562
0 0.152344 0.014063 -0.020313 -0.018750
0 0.172656 0.011719 -0.023438 -0.017188
0 0.173437 0.028125 0.028125 0.021875
0 0.182812 0.047656 0.031250 0.032813
0 0.190625 0.067187 0.034375 0.021875
0 0.195312 0.093750 0.025000 0.028125
0 0.205469 0.117969 0.020313 0.023438
0 0.215625 0.140625 0.028125 0.028125
0 0.220312 0.166406 0.025000 0.020313
0 0.229687 0.190625 0.021875 0.025000
0 0.336719 0.421094 0.032813 0.020313
0 0.333594 0.407813 -0.045312 -0.018750
0 0.321875 0.385937 -0.043750 -0.025000
0 0.312500 0.366406 -0.028125 -0.026562
0 0.307031 0.342187 -0.039062 -0.028125
0 0.298438 0.317969 -0.034375 -0.026562
0 0.293750 0.290625 -0.037500 -0.028125
0 0.290625 0.270313 -0.031250 -0.021875
0 0.280469 0.246094 -0.032813 -0.026562
0 0.266406 0.224219 -0.032813 -0.026562
0 0.264844 0.203906 -0.042188 -0.020313
0 0.259375 0.177344 -0.034375 -0.023438
0 0.246875 0.150781 0.034375 0.026562
0 0.236719 0.121875 0.032813 0.025000
0 0.232813 0.098437 -0.034375 -0.031250
0 0.228125 0.073438 -0.034375 -0.028125
0 0.218750 0.044531 -0.031250 -0.032813
0 0.209375 0.015625 -0.043750 -0.025000
0 0.250781 0.017969 -0.035937 -0.026562
0 0.257031 0.043750 0.032813 0.025000
0 0.263281 0.068750 0.032813 0.025000
0 0.269531 0.095312 0.035937 0.028125
0 0.269531 0.114844 0.032813 0.017188
0 0.277344 0.136719 0.029687 0.032813
0 0.289844 0.163281 0.032813 0.020313
0 0.300000 0.188281 0.031250 0.029687
0 0.308594 0.219531 0.032813 0.032813
0 0.326562 0.248438 0.043750 0.025000
0 0.332031 0.275781 0.035937 0.023438
0 0.333594 0.302344 0.035937 0.026562
0 0.345313 0.330469 0.031250 0.023438
0 0.348438 0.356250 0.034375 0.025000
0 0.359375 0.379688 0.034375 0.018750
0 0.373437 0.399219 0.034375 0.020313
0 0.410156 0.384375 -0.042188 -0.028125
0 0.393750 0.357031 -0.050000 -0.023438
0 0.388281 0.334375 -0.042188 -0.021875
0 0.370312 0.307812 -0.021875 -0.025000
0 0.367969 0.279687 -0.032813 -0.025000
0 0.363281 0.257812 -0.026562 -0.025000
0 0.353906 0.234375 -0.026562 -0.015625
0 0.337500 0.213281 -0.040625 -0.029687
0 0.332031 0.187500 -0.029687 -0.031250
0 0.323437 0.163281 -0.025000 -0.014063
0 0.313281 0.140625 -0.042188 -0.034375
0 0.308594 0.114062 -0.026562 -0.025000
0 0.303125 0.082812 -0.028125 -0.028125
0 0.297656 0.059375 -0.026562 -0.025000
0 0.284375 0.017969 -0.025000 -0.023438
0 0.289844 0.033594 0.032813 0.023438
0 0.311719 0.014063 -0.039062 -0.021875
0 0.316406 0.030469 0.035937 0.017188
0 0.317969 0.048438 0.032813 0.021875
0 0.335156 0.068750 0.032813 0.021875
0 0.335156 0.084375 0.039062 0.018750
0 0.339844 0.104688 0.035937 0.025000
0 0.348438 0.132031 0.031250 0.026562
0 0.351562 0.160156 0.037500 0.026562
0 0.371094 0.183594 0.032813 0.023438
0 0.375000 0.208594 0.040625 0.023438
0 0.393750 0.242188 0.040625 0.040625
0 0.401562 0.275000 0.037500 0.028125
0 0.403906 0.303906 0.042188 0.026562
0 0.416406 0.327344 0.029687 0.032813
0 0.434375 0.348438 0.031250 0.018750
0 0.438281 0.369531 0.023438 0.017188
0 0.467187 0.349219 0.040625 0.035937
0 0.454688 0.315625 -0.050000 -0.028125
0 0.449219 0.286719 -0.039062 -0.035937
0 0.435937 0.255469 -0.034375 -0.029687
0 0.425781 0.228125 -0.032813 -0.031250
0 0.421094 0.203906 -0.023438 -0.020313
0 0.400781 0.200000 -0.023438 -0.021875
0 0.410156 0.181250 -0.042188 -0.025000
0 0.396094 0.159375 -0.039062 -0.028125
0 0.385156 0.134375 -0.035937 -0.028125
0 0.377344 0.105469 -0.032813 -0.029687
0 0.367969 0.079687 -0.035937 -0.028125
0 0.353906 0.050781 -0.039062 -0.029687
0 0.348438 0.025781 -0.028125 -0.029687
0 0.343750 0.007031 -0.025000 -0.014063
0 0.380469 0.012500 -0.039062 -0.015625
0 0.386719 0.025000 0.045312 0.021875
0 0.399219 0.042969 0.045312 0.020313
0 0.402344 0.070312 0.042188 0.028125
0 0.412500 0.096875 0.040625 0.025000
0 0.428125 0.123438 0.056250 0.031250
0 0.436719 0.155469 0.035937 0.026562
0 0.450000 0.179688 0.034375 0.025000
0 0.460156 0.205469 0.039062 0.032813
0 0.466406 0.228125 0.029687 0.021875
0 0.478125 0.251563 0.037500 0.025000
0 0.485156 0.273438 0.029687 0.021875
0 0.489844 0.296875 0.045312 0.021875
0 0.503906 0.319531 0.032813 0.023438
0 0.507812 0.340625 0.021875 0.015625
0 0.537500 0.313281 -0.034375 -0.023438
0 0.532813 0.289844 -0.031250 -0.017188
0 0.521094 0.264844 -0.035937 -0.023438
0 0.515625 0.239063 -0.037500 -0.028125
0 0.500781 0.213281 -0.035937 -0.020313
0 0.485156 0.187500 -0.039062 -0.018750
0 0.479687 0.164062 -0.031250 -0.031250
0 0.467969 0.142969 -0.039062 -0.026562
0 0.469531 0.117188 -0.035937 -0.028125
0 0.459375 0.089063 -0.040625 -0.028125
0 0.453125 0.064844 -0.034375 -0.023438
0 0.446875 0.042188 -0.037500 -0.018750
0 0.428125 0.063281 -0.025000 -0.032813
0 0.439844 0.017969 -0.039062 -0.029687
0 0.414062 0.017188 -0.025000 -0.025000
0 0.478125 0.010156 -0.043750 -0.014063
0 0.477344 0.021094 0.017188 0.014063
0 0.482031 0.028906 0.039062 0.023438
0 0.485938 0.050781 0.037500 0.026562
0 0.499219 0.078125 0.048438 0.028125
0 0.502344 0.105469 0.035937 0.026562
0 0.510938 0.134375 0.053125 0.034375
0 0.521875 0.162500 0.037500 0.025000
0 0.527344 0.187500 0.042188 0.031250
0 0.538281 0.217969 0.039062 0.032813
0 0.558594 0.245312 0.035937 0.025000
0 0.563281 0.266406 0.029687 0.020313
0 0.566406 0.294531 0.029687 0.029687
0 0.600000 0.285156 0.037500 0.029687
0 0.599219 0.255469 -0.035937 -0.029687
0 0.586719 0.225781 -0.039062 -0.029687
0 0.581250 0.200781 -0.043750 -0.029687
0 0.570312 0.178125 -0.043750 -0.028125
0 0.559375 0.152344 -0.037500 -0.032813
0 0.542969 0.123438 -0.039062 -0.028125
0 0.535937 0.092969 -0.031250 -0.020313
0 0.529687 0.073438 -0.021875 -0.025000
0 0.521875 0.046094 -0.034375 -0.032813
0 0.514844 0.015625 -0.026562 -0.025000
0 0.535156 0.007031 -0.017188 -0.007812
0 0.560156 0.007812 -0.029687 -0.012500
0 0.558594 0.028125 0.035937 0.021875
0 0.560937 0.050781 0.040625 0.023438
0 0.567969 0.071875 0.035937 0.021875
0 0.570312 0.093750 0.040625 0.028125
0 0.585938 0.118750 0.043750 0.028125
0 0.596875 0.147656 0.037500 0.029687
0 0.608594 0.175000 0.029687 0.028125
0 0.616406 0.200781 0.026562 0.020313
0 0.623437 0.225781 0.025000 0.026562
0 0.628906 0.258594 0.039062 0.035937
0 0.658594 0.232813 0.039062 0.031250
0 0.650781 0.205469 -0.045312 -0.032813
0 0.636719 0.172656 -0.042188 -0.032813
0 0.634375 0.146094 -0.025000 -0.026562
0 0.625000 0.124219 -0.028125 -0.014063
0 0.617188 0.103125 -0.034375 -0.028125
0 0.606250 0.078125 -0.028125 -0.031250
0 0.600781 0.052344 -0.029687 -0.023438
0 0.595313 0.028125 -0.031250 -0.025000
0 0.592187 0.008594 -0.031250 -0.017188
0 0.629687 0.007812 -0.034375 -0.012500
0 0.635938 0.026562 0.040625 0.028125
0 0.639844 0.050781 0.045312 0.026562
0 0.652344 0.075781 0.051562 0.026562
0 0.662500 0.103125 0.040625 0.021875
0 0.660156 0.124219 0.035937 0.026562
0 0.672656 0.146875 0.048438 0.021875
0 0.682031 0.170313 0.042188 0.018750
0 0.685156 0.192188 0.020313 0.018750
0 0.700000 0.221094 0.043750 0.042188
0 0.734375 0.194531 -0.040625 -0.032813
0 0.721094 0.159375 -0.039062 -0.028125
0 0.708594 0.125781 -0.042188 -0.032813
0 0.699219 0.097656 -0.042188 -0.029687
0 0.694531 0.068750 -0.032813 -0.021875
0 0.678125 0.046094 -0.046875 -0.029687
0 0.675781 0.023438 -0.039062 -0.025000
0 0.672656 0.008594 -0.051562 -0.010937
0 0.712500 0.012500 -0.034375 -0.018750
0 0.720313 0.033594 0.037500 0.026562
0 0.725000 0.057031 0.040625 0.032813
0 0.732812 0.085938 0.034375 0.025000
0 0.743750 0.110156 0.037500 0.026562
0 0.759375 0.135156 0.037500 0.026562
0 0.764844 0.158594 0.039062 0.029687
0 0.776563 0.185156 0.037500 0.020313
0 0.806250 0.163281 0.028125 0.029687
0 0.792188 0.132031 -0.037500 -0.026562
0 0.788281 0.106250 -0.029687 -0.018750
0 0.771875 0.084375 -0.040625 -0.037500
0 0.766406 0.055469 -0.042188 -0.032813
0 0.756250 0.034375 -0.037500 -0.018750
0 0.789844 0.029687 -0.001563 0.003125
0 0.755469 0.017188 -0.048438 -0.028125
0 0.786719 0.010937 -0.035937 -0.018750
0 0.796094 0.028125 0.039062 0.028125
0 0.803906 0.054688 0.029687 0.025000
0 0.807813 0.078906 0.028125 0.026562
0 0.817969 0.102344 0.035937 0.026562
0 0.829688 0.126562 0.037500 0.021875
0 0.832031 0.150000 0.023438 0.021875
0 0.864062 0.119531 0.043750 0.032813
0 0.854688 0.082812 -0.043750 -0.031250
0 0.842969 0.055469 -0.048438 -0.029687
0 0.834375 0.028906 -0.028125 -0.023438
0 0.823438 0.010937 -0.040625 -0.015625
0 0.869531 0.011719 0.045312 0.017188
0 0.877344 0.033594 0.042188 0.023438
0 0.889062 0.057813 0.037500 0.018750
0 0.892969 0.075781 0.032813 0.020313
0 0.901563 0.094531 0.034375 0.023438
0 0.907813 0.116406 0.034375 0.026562
0 0.937500 0.098437 0.034375 0.031250
0 0.930469 0.071094 -0.035937 -0.023438
0 0.922656 0.043750 -0.035937 -0.025000
0 0.913281 0.018750 -0.032813 -0.034375
0 0.950000 0.014844 -0.034375 -0.023438
0 0.959375 0.039844 0.037500 0.026562
0 0.967187 0.063281 0.040625 0.023438
0 0.974219 0.085938 0.039062 0.021875
0 0.984375 0.014063 0.025000 0.018750
0 0.989062 0.035156 0.018750 0.023438
0 0.994531 0.064062 0.004687 0.021875
