0 0.020313 0.981250 -0.037500 -0.025000
0 0.014844 0.957812 -0.023438 -0.037500
0 0.010156 0.926562 -0.017188 -0.025000
0 0.004687 0.900000 -0.009375 -0.028125
0 0.062500 0.989062 0.037500 0.018750
0 0.054688 0.959375 0.034375 0.031250
0 0.047656 0.931250 0.032813 0.031250
0 0.037500 0.899219 -0.037500 -0.029687
0 0.025781 0.867188 -0.029687 -0.040625
0 0.014063 0.835156 -0.028125 -0.032813
0 0.012500 0.809375 -0.018750 -0.028125
0 0.010156 0.875781 -0.014063 -0.032813
0 0.117188 0.993750 0.000000 0.000000
0 0.092969 0.956250 0.029687 0.021875
0 0.095312 0.973437 0.040625 0.043750
0 0.084375 0.935937 0.028125 0.028125
0 0.082812 0.919531 -0.031250 -0.026562
0 0.069531 0.895312 -0.020313 -0.025000
0 0.065625 0.871875 -0.031250 -0.021875
0 0.055469 0.845313 -0.042188 -0.031250
0 0.043750 0.815625 -0.037500 -0.028125
0 0.033594 0.785937 -0.042188 -0.028125
0 0.024219 0.755469 -0.039062 -0.026562
0 0.017969 0.726562 -0.035937 -0.025000
0 0.013281 0.699219 -0.026562 -0.029687
0 0.008594 0.666406 -0.014063 -0.035937
0 0.132812 0.971094 0.031250 0.045312
0 0.125000 0.940625 0.025000 0.031250
0 0.114062 0.915625 -0.037500 -0.025000
0 0.107031 0.889844 -0.029687 -0.029687
0 0.102344 0.861719 -0.032813 -0.029687
0 0.091406 0.842969 -0.032813 -0.032813
0 0.083594 0.815625 -0.035937 -0.031250
0 0.078906 0.786719 -0.035937 -0.026562
0 0.068750 0.765625 -0.034375 -0.025000
0 0.058594 0.739062 -0.042188 -0.034375
0 0.053125 0.709375 -0.034375 -0.028125
0 0.045312 0.683594 -0.034375 -0.029687
0 0.037500 0.658594 -0.037500 -0.029687
0 0.032031 0.626563 -0.029687 -0.046875
0 0.017188 0.630469 -0.028125 -0.026562
0 0.019531 0.591406 -0.029687 -0.020313
0 0.017969 0.572656 -0.032813 -0.023438
0 0.012500 0.544531 -0.018750 -0.029687
0 0.157031 0.954688 0.017188 0.028125
0 0.150000 0.926562 -0.034375 -0.025000
0 0.142969 0.899219 -0.026562 -0.029687
0 0.138281 0.869531 -0.032813 -0.023438
0 0.132031 0.843750 -0.039062 -0.028125
0 0.115625 0.810937 -0.034375 -0.028125
0 0.116406 0.785156 -0.039062 -0.029687
0 0.101562 0.752344 -0.034375 -0.026562
0 0.088281 0.722656 -0.032813 -0.029687
0 0.081250 0.689063 -0.037500 -0.025000
0 0.074219 0.657031 -0.032813 -0.029687
0 0.066406 0.630469 -0.045312 -0.026562
0 0.055469 0.599219 -0.035937 -0.026562
0 0.046094 0.567187 -0.026562 -0.031250
0 0.040625 0.535156 -0.034375 -0.026562
0 0.032031 0.500000 -0.035937 -0.028125
0 0.021094 0.464844 -0.026562 -0.032813
0 0.016406 0.431250 -0.023438 -0.028125
0 0.013281 0.401562 -0.017188 -0.034375
0 0.009375 0.511719 -0.018750 -0.032813
0 0.007812 0.367969 -0.012500 -0.026562
0 0.182031 0.959375 -0.023438 -0.031250
0 0.205469 0.954688 -0.026562 -0.031250
0 0.192188 0.928125 -0.040625 -0.018750
0 0.179688 0.900781 -0.037500 -0.023438
0 0.178906 0.871875 -0.039062 -0.028125
0 0.164844 0.842969 -0.032813 -0.023438
0 0.152344 0.812500 -0.035937 -0.031250
0 0.144531 0.779687 -0.032813 -0.031250
0 0.132812 0.752344 -0.028125 -0.039062
0 0.122656 0.711719 -0.045312 -0.042188
0 0.121094 0.680469 -0.039062 -0.026562
0 0.108594 0.653906 -0.035937 -0.035937
0 0.098437 0.617188 -0.037500 -0.040625
0 0.088281 0.586719 -0.039062 -0.039062
0 0.080469 0.546094 -0.035937 -0.039062
0 0.072656 0.500000 -0.042188 -0.043750
0 0.062500 0.457813 -0.040625 -0.034375
0 0.051562 0.426563 -0.040625 -0.031250
0 0.040625 0.391406 -0.043750 -0.039062
0 0.032813 0.356250 -0.043750 -0.031250
0 0.020313 0.327344 -0.034375 -0.026562
0 0.009375 0.294531 -0.018750 -0.029687
0 0.236719 0.939844 -0.035937 -0.026562
0 0.230469 0.912500 -0.032813 -0.025000
0 0.225781 0.891406 -0.042188 -0.029687
0 0.213281 0.860156 -0.032813 -0.023438
0 0.205469 0.838281 -0.032813 -0.014063
0 0.189844 0.817969 -0.035937 -0.017188
0 0.189844 0.799219 -0.035937 -0.023438
0 0.182031 0.771875 -0.035937 -0.021875
0 0.170313 0.746094 -0.037500 -0.029687
0 0.164062 0.715625 -0.034375 -0.031250
0 0.158594 0.687500 -0.035937 -0.025000
0 0.150000 0.660156 -0.034375 -0.023438
0 0.142969 0.632812 -0.042188 -0.025000
0 0.135937 0.608594 -0.034375 -0.029687
0 0.119531 0.575781 -0.035937 -0.029687
0 0.117969 0.543750 -0.032813 -0.037500
0 0.110156 0.504687 -0.035937 -0.040625
0 0.100781 0.467187 -0.039062 -0.037500
0 0.087500 0.434375 -0.037500 -0.034375
0 0.078906 0.392969 -0.029687 -0.035937
0 0.066406 0.353906 -0.026562 -0.039062
0 0.051562 0.318750 -0.034375 -0.031250
0 0.040625 0.295312 -0.037500 -0.025000
0 0.029687 0.264062 -0.037500 -0.028125
0 0.017969 0.230469 -0.035937 -0.039062
0 0.010156 0.188281 -0.017188 -0.029687
0 0.006250 0.157812 0.000000 0.000000
0 0.010156 0.166406 -0.017188 -0.026562
0 0.267188 0.917969 -0.028125 -0.032813
0 0.260156 0.888281 -0.039062 -0.035937
0 0.251563 0.853125 -0.031250 -0.025000
0 0.241406 0.831250 -0.032813 -0.021875
0 0.228906 0.806250 -0.045312 -0.025000
0 0.224219 0.780469 -0.045312 -0.035937
0 0.212500 0.745313 -0.043750 -0.034375
0 0.206250 0.714844 -0.040625 -0.032813
0 0.204687 0.684375 -0.037500 -0.031250
0 0.223438 0.699219 -0.028125 -0.051562
0 0.185156 0.646094 -0.039062 -0.035937
0 0.183594 0.600000 -0.045312 -0.037500
0 0.167187 0.571875 -0.050000 -0.031250
0 0.150000 0.539062 -0.040625 -0.037500
0 0.150781 0.507812 -0.039062 -0.025000
0 0.140625 0.474219 -0.037500 -0.035937
0 0.123438 0.439063 -0.037500 -0.037500
0 0.114062 0.400781 -0.034375 -0.029687
0 0.099219 0.356250 -0.042188 -0.037500
0 0.087500 0.321094 -0.037500 -0.026562
0 0.082031 0.300781 -0.035937 -0.020313
0 0.071094 0.278125 -0.039062 -0.025000
0 0.065625 0.252344 -0.034375 -0.032813
0 0.049219 0.229687 -0.035937 -0.031250
0 0.043750 0.201563 -0.034375 -0.037500
0 0.035156 0.170313 -0.039062 -0.034375
0 0.026562 0.145313 -0.037500 -0.021875
0 0.012500 0.120313 -0.021875 -0.031250
0 0.009375 0.089844 -0.018750 -0.020313
0 0.299219 0.892969 -0.032813 -0.035937
0 0.293750 0.860156 -0.037500 -0.032813
0 0.281250 0.825781 -0.046875 -0.029687
0 0.279687 0.795312 -0.037500 -0.025000
0 0.267188 0.766406 -0.046875 -0.026562
0 0.259375 0.739062 -0.043750 -0.031250
0 0.253906 0.707812 -0.029687 -0.031250
0 0.244531 0.678125 -0.026562 -0.021875
0 0.233594 0.650781 -0.048438 -0.029687
0 0.220312 0.627344 -0.025000 -0.026562
0 0.220312 0.603125 -0.028125 -0.037500
0 0.204687 0.575781 -0.037500 -0.032813
0 0.196875 0.544531 -0.034375 -0.035937
0 0.192969 0.514844 -0.032813 -0.035937
0 0.182031 0.482812 -0.039062 -0.031250
0 0.172656 0.456250 -0.032813 -0.025000
0 0.148438 0.433594 -0.021875 -0.026562
0 0.172656 0.421875 -0.023438 -0.034375
0 0.155469 0.405469 -0.039062 -0.029687
0 0.151562 0.372656 -0.037500 -0.035937
0 0.139063 0.338281 -0.031250 -0.035937
0 0.121875 0.310156 -0.043750 -0.032813
0 0.115625 0.279687 -0.046875 -0.028125
0 0.103906 0.247656 -0.032813 -0.029687
0 0.096875 0.218750 -0.046875 -0.015625
0 0.084375 0.195312 -0.037500 -0.025000
0 0.069531 0.157031 -0.035937 -0.032813
0 0.060156 0.119531 -0.035937 -0.051562
0 0.040625 0.123438 -0.031250 -0.050000
0 0.040625 0.076563 -0.046875 -0.046875
0 0.013281 0.059375 -0.023438 -0.028125
0 0.023438 0.024219 -0.043750 -0.048438
0 0.350781 0.880469 -0.045312 -0.035937
0 0.335156 0.845313 -0.042188 -0.031250
0 0.322656 0.810156 -0.039062 -0.029687
0 0.313281 0.774219 -0.039062 -0.039062
0 0.303125 0.742969 -0.043750 -0.023438
0 0.293750 0.711719 -0.046875 -0.035937
0 0.282031 0.672656 -0.042188 -0.032813
0 0.282031 0.638281 -0.032813 -0.032813
0 0.258594 0.607812 -0.042188 -0.028125
0 0.250781 0.578125 -0.039062 -0.034375
0 0.245312 0.546094 -0.046875 -0.035937
0 0.237500 0.509375 -0.040625 -0.043750
0 0.221094 0.467187 -0.035937 -0.050000
0 0.210156 0.421875 -0.039062 -0.031250
0 0.197656 0.384375 -0.039062 -0.050000
0 0.179688 0.347656 -0.040625 -0.032813
0 0.173437 0.310937 -0.034375 -0.031250
0 0.152344 0.275781 -0.032813 -0.032813
0 0.142187 0.239063 -0.040625 -0.031250
0 0.133594 0.209375 -0.042188 -0.031250
0 0.114844 0.174219 -0.048438 -0.032813
0 0.103125 0.137500 -0.034375 -0.034375
0 0.092969 0.101562 -0.032813 -0.031250
0 0.083594 0.067187 -0.039062 -0.034375
0 0.078906 0.035937 -0.039062 -0.031250
0 0.064844 0.016406 -0.029687 -0.029687
0 0.105469 0.010937 -0.035937 -0.018750
0 0.113281 0.027344 -0.026562 -0.026562
0 0.124219 0.050000 -0.032813 -0.021875
0 0.129688 0.073438 -0.037500 -0.031250
0 0.141406 0.104688 -0.045312 -0.034375
0 0.146094 0.132812 -0.039062 -0.034375
0 0.157812 0.166406 -0.046875 -0.032813
0 0.167969 0.192188 -0.032813 -0.034375
0 0.182812 0.224219 -0.043750 -0.035937
0 0.189062 0.257031 -0.040625 -0.029687
0 0.208594 0.291406 -0.042188 -0.032813
0 0.182812 0.281250 -0.025000 -0.028125
0 0.213281 0.320312 -0.042188 -0.034375
0 0.227344 0.353125 -0.039062 -0.040625
0 0.238281 0.382812 -0.035937 -0.028125
0 0.250000 0.407031 -0.040625 -0.032813
0 0.259375 0.446094 -0.037500 -0.039062
0 0.264062 0.471094 -0.037500 -0.032813
0 0.277344 0.495312 -0.039062 -0.037500
0 0.280469 0.522656 -0.042188 -0.032813
0 0.287500 0.553906 -0.031250 -0.035937
0 0.300000 0.584375 -0.043750 -0.034375
0 0.311719 0.618750 -0.042188 -0.040625
0 0.317969 0.644531 -0.032813 -0.032813
0 0.332031 0.680469 -0.039062 -0.042188
0 0.347656 0.703906 -0.020313 -0.045312
0 0.332813 0.714844 -0.028125 -0.026562
0 0.346875 0.742188 0.043750 0.040625
0 0.359375 0.775781 0.043750 0.042188
0 0.364844 0.806250 0.039062 0.034375
0 0.378125 0.842969 0.040625 0.039062
0 0.419531 0.842187 0.039062 0.037500
0 0.406250 0.806250 0.034375 0.031250
0 0.395313 0.767188 0.037500 0.037500
0 0.385156 0.727344 0.035937 0.039062
0 0.378906 0.691406 0.032813 0.032813
0 0.367188 0.655469 0.037500 0.042188
0 0.351562 0.610156 0.043750 0.042188
0 0.342969 0.570312 0.035937 0.031250
0 0.328906 0.537500 0.039062 0.040625
0 0.317969 0.496094 0.032813 0.039062
0 0.304688 0.460938 0.037500 0.031250
0 0.296875 0.425781 0.040625 0.035937
0 0.290625 0.392188 0.040625 0.034375
0 0.275781 0.358594 0.042188 0.029687
0 0.261719 0.329688 0.045312 0.031250
0 0.250781 0.295312 0.048438 0.031250
0 0.241406 0.269531 0.045312 0.020313
0 0.228906 0.242188 0.039062 0.034375
0 0.215625 0.211719 0.031250 0.032813
0 0.207031 0.176563 0.039062 0.028125
0 0.195312 0.148438 0.040625 0.028125
0 0.185156 0.119531 0.045312 0.026562
0 0.177344 0.089063 0.039062 0.031250
0 0.175781 0.061719 0.048438 0.026562
0 0.160156 0.038281 0.035937 0.029687
0 0.150000 0.014844 -0.043750 -0.026562
0 0.191406 0.013281 -0.032813 -0.023438
0 0.195312 0.034375 -0.028125 -0.021875
0 0.209375 0.056250 -0.015625 -0.015625
0 0.214844 0.081250 -0.035937 -0.025000
0 0.220312 0.104688 -0.037500 -0.028125
0 0.234375 0.132031 -0.040625 -0.035937
0 0.245312 0.162500 -0.040625 -0.028125
0 0.259375 0.192188 -0.037500 -0.037500
0 0.270313 0.230469 -0.040625 -0.035937
0 0.284375 0.267188 -0.040625 -0.034375
0 0.299219 0.298438 -0.035937 -0.031250
0 0.308594 0.328906 -0.035937 -0.029687
0 0.321875 0.356250 -0.037500 -0.031250
0 0.330469 0.387500 -0.029687 -0.034375
0 0.340625 0.420312 -0.028125 -0.028125
0 0.346094 0.451562 -0.039062 -0.031250
0 0.354687 0.482812 -0.040625 -0.028125
0 0.356250 0.509375 -0.037500 -0.028125
0 0.374219 0.535156 -0.035937 -0.029687
0 0.382812 0.567187 -0.040625 -0.034375
0 0.392969 0.604688 -0.032813 -0.040625
0 0.403125 0.639844 -0.037500 -0.032813
0 0.408594 0.664062 -0.032813 -0.028125
0 0.419531 0.695312 -0.042188 -0.040625
0 0.425781 0.729688 -0.042188 -0.034375
0 0.435937 0.764844 -0.046875 -0.039062
0 0.442969 0.791406 -0.042188 -0.026562
0 0.453906 0.811719 -0.042188 -0.029687
0 0.491406 0.788281 -0.042188 -0.039062
0 0.482812 0.756250 -0.046875 -0.028125
0 0.473438 0.728125 -0.040625 -0.031250
0 0.464844 0.694531 -0.039062 -0.035937
0 0.455469 0.663281 -0.048438 -0.045312
0 0.450781 0.623437 -0.051562 -0.031250
0 0.430469 0.592969 -0.042188 -0.032813
0 0.420312 0.560156 -0.043750 -0.045312
0 0.407813 0.518750 -0.028125 -0.037500
0 0.396875 0.484375 -0.050000 -0.043750
0 0.385156 0.446875 -0.035937 -0.040625
0 0.375781 0.414062 -0.042188 -0.028125
0 0.364844 0.384375 -0.039062 -0.037500
0 0.362500 0.353125 -0.037500 -0.040625
0 0.346094 0.317188 -0.045312 -0.050000
0 0.332031 0.278125 -0.042188 -0.037500
0 0.317969 0.248438 -0.039062 -0.040625
0 0.310937 0.211719 -0.034375 -0.029687
0 0.296875 0.182031 -0.034375 -0.032813
0 0.281250 0.156250 -0.050000 -0.025000
0 0.246875 0.110937 0.000000 0.000000
0 0.260937 0.096094 -0.046875 -0.029687
0 0.250781 0.069531 -0.035937 -0.029687
0 0.238281 0.046094 -0.042188 -0.029687
0 0.227344 0.016406 -0.039062 -0.029687
0 0.532031 0.759375 -0.039062 -0.031250
0 0.519531 0.726562 -0.039062 -0.028125
0 0.506250 0.691406 -0.034375 -0.029687
0 0.497656 0.656250 -0.035937 -0.028125
0 0.484375 0.625781 -0.021875 -0.020313
0 0.474219 0.600000 -0.032813 -0.028125
0 0.464062 0.570312 -0.037500 -0.021875
0 0.454688 0.535937 -0.043750 -0.031250
0 0.442969 0.499219 -0.039062 -0.032813
0 0.432031 0.461719 -0.042188 -0.035937
0 0.421094 0.425781 -0.039062 -0.035937
0 0.405469 0.389844 -0.039062 -0.029687
0 0.400000 0.357812 -0.037500 -0.037500
0 0.387500 0.323437 -0.040625 -0.034375
0 0.378906 0.293750 -0.035937 -0.028125
0 0.363281 0.262500 -0.039062 -0.028125
0 0.352344 0.231250 -0.032813 -0.028125
0 0.335938 0.201563 -0.037500 -0.031250
0 0.329688 0.172656 -0.043750 -0.029687
0 0.316406 0.142187 -0.042188 -0.034375
0 0.275781 0.125781 -0.039062 -0.032813
0 0.308594 0.108594 -0.039062 -0.032813
0 0.296094 0.078125 -0.035937 -0.037500
0 0.272656 0.053125 -0.039062 -0.021875
0 0.265625 0.032031 -0.025000 -0.020313
0 0.264844 0.012500 -0.026562 -0.021875
0 0.577344 0.748437 -0.039062 -0.031250
0 0.564063 0.721875 -0.037500 -0.031250
0 0.547656 0.689063 -0.042188 -0.034375
0 0.535937 0.659375 -0.040625 -0.031250
0 0.525000 0.625000 -0.043750 -0.031250
0 0.515625 0.591406 -0.043750 -0.029687
0 0.503125 0.557031 -0.043750 -0.032813
0 0.496875 0.531250 -0.050000 -0.034375
0 0.486719 0.499219 -0.039062 -0.035937
0 0.483594 0.467969 -0.045312 -0.026562
0 0.469531 0.440625 -0.045312 -0.031250
0 0.456250 0.401562 -0.037500 -0.040625
0 0.438281 0.360156 -0.032813 -0.032813
0 0.425000 0.322656 -0.040625 -0.039062
0 0.449219 0.322656 -0.020313 -0.020313
0 0.417187 0.285156 -0.050000 -0.032813
0 0.400000 0.258594 -0.040625 -0.029687
0 0.382031 0.224219 -0.035937 -0.032813
0 0.375000 0.192188 -0.040625 -0.031250
0 0.367188 0.158594 -0.043750 -0.029687
0 0.350000 0.127344 -0.037500 -0.029687
0 0.340625 0.090625 -0.037500 -0.028125
0 0.329688 0.063281 -0.031250 -0.026562
0 0.325781 0.037500 -0.026562 -0.028125
0 0.309375 0.002344 0.000000 0.001563
0 0.297656 0.041406 -0.032813 -0.023438
0 0.297656 0.016406 -0.029687 -0.029687
0 0.323437 0.014063 -0.025000 -0.025000
0 0.607031 0.718750 -0.039062 -0.040625
0 0.589063 0.678906 -0.040625 -0.035937
0 0.577344 0.644531 -0.048438 -0.032813
0 0.563281 0.607031 -0.035937 -0.032813
0 0.557031 0.582031 -0.045312 -0.042188
0 0.543750 0.548438 -0.037500 -0.031250
0 0.536719 0.514844 -0.039062 -0.032813
0 0.531250 0.492188 -0.040625 -0.037500
0 0.516406 0.458594 -0.039062 -0.032813
0 0.505469 0.425000 -0.042188 -0.034375
0 0.492188 0.391406 -0.031250 -0.029687
0 0.482031 0.362500 -0.039062 -0.034375
0 0.467187 0.334375 -0.034375 -0.015625
0 0.464844 0.305469 -0.026562 -0.029687
0 0.450000 0.274219 -0.031250 -0.023438
0 0.433594 0.246875 -0.042188 -0.028125
0 0.425000 0.220312 -0.046875 -0.025000
0 0.414062 0.191406 -0.034375 -0.032813
0 0.435156 0.191406 -0.014063 -0.023438
0 0.410156 0.163281 -0.042188 -0.023438
0 0.401562 0.138281 -0.040625 -0.032813
0 0.388281 0.107813 -0.032813 -0.034375
0 0.378125 0.082031 -0.037500 -0.023438
0 0.368750 0.057031 -0.037500 -0.032813
0 0.363281 0.034375 -0.039062 -0.025000
0 0.360938 0.013281 -0.031250 -0.026562
0 0.401562 0.016406 -0.034375 -0.032813
0 0.401562 0.040625 -0.031250 -0.028125
0 0.409375 0.062500 -0.028125 -0.025000
0 0.431250 0.069531 -0.015625 -0.023438
0 0.419531 0.089063 -0.042188 -0.034375
0 0.429688 0.115625 -0.040625 -0.031250
0 0.446094 0.142969 -0.032813 -0.029687
0 0.455469 0.168750 -0.032813 -0.028125
0 0.465625 0.198437 -0.034375 -0.034375
0 0.475000 0.220312 -0.034375 -0.025000
0 0.478125 0.246875 -0.031250 -0.025000
0 0.478906 0.270313 -0.020313 -0.031250
0 0.485156 0.299219 -0.014063 -0.029687
0 0.632812 0.714063 -0.015625 -0.021875
0 0.619531 0.678125 -0.023438 -0.031250
0 0.612500 0.649219 -0.025000 -0.020313
0 0.597656 0.621094 -0.023438 -0.026562
0 0.595313 0.589063 -0.018750 -0.025000
0 0.582812 0.557031 -0.028125 -0.023438
0 0.573438 0.532031 -0.031250 -0.029687
0 0.568750 0.504687 -0.025000 -0.028125
0 0.555469 0.487500 -0.014063 -0.025000
0 0.541406 0.460938 -0.017188 -0.025000
0 0.482812 0.338281 -0.031250 -0.023438
0 0.646875 0.698438 -0.031250 -0.034375
0 0.645312 0.665625 -0.037500 -0.025000
0 0.627344 0.642188 -0.017188 -0.021875
0 0.622656 0.614062 -0.032813 -0.031250
0 0.611719 0.584375 -0.029687 -0.031250
0 0.600000 0.550781 -0.037500 -0.026562
0 0.588281 0.521875 -0.029687 -0.025000
0 0.576562 0.492188 -0.034375 -0.031250
0 0.563281 0.464062 -0.029687 -0.021875
0 0.551562 0.438281 -0.037500 -0.023438
0 0.537500 0.414062 -0.034375 -0.028125
0 0.526563 0.388281 -0.034375 -0.026562
0 0.518750 0.360938 -0.031250 -0.021875
0 0.503906 0.337500 -0.020313 -0.025000
0 0.492188 0.319531 -0.021875 -0.020313
0 0.681250 0.683594 -0.034375 -0.020313
0 0.675000 0.657813 -0.037500 -0.025000
0 0.658594 0.634375 -0.048438 -0.018750
0 0.654687 0.607031 -0.040625 -0.029687
0 0.649219 0.578906 -0.035937 -0.020313
0 0.639844 0.553125 -0.039062 -0.028125
0 0.625000 0.521875 -0.043750 -0.028125
0 0.617969 0.492969 -0.032813 -0.026562
0 0.608594 0.463281 -0.032813 -0.026562
0 0.602344 0.435937 -0.032813 -0.025000
0 0.589063 0.409375 -0.034375 -0.025000
0 0.573438 0.378125 -0.034375 -0.031250
0 0.563281 0.350000 -0.035937 -0.028125
0 0.550781 0.315625 -0.032813 -0.034375
0 0.550000 0.277344 -0.034375 -0.029687
0 0.535156 0.250000 -0.035937 -0.028125
0 0.524219 0.220312 -0.045312 -0.028125
0 0.506250 0.188281 -0.050000 -0.026562
0 0.498437 0.165625 -0.040625 -0.028125
0 0.483594 0.135937 -0.042188 -0.025000
0 0.472656 0.108594 -0.042188 -0.032813
0 0.464844 0.085156 -0.035937 -0.029687
0 0.453125 0.062500 -0.034375 -0.025000
0 0.442969 0.044531 -0.039062 -0.032813
0 0.441406 0.016406 -0.032813 -0.029687
0 0.519531 0.333594 -0.026562 -0.029687
0 0.510938 0.306250 -0.040625 -0.025000
0 0.509375 0.278125 -0.028125 -0.031250
0 0.716406 0.661719 -0.039062 -0.029687
0 0.728906 0.634375 -0.014063 -0.025000
0 0.702344 0.628906 -0.032813 -0.042188
0 0.720313 0.612500 -0.015625 -0.012500
0 0.693750 0.590625 -0.040625 -0.028125
0 0.684375 0.559375 -0.040625 -0.031250
0 0.669531 0.524219 -0.039062 -0.035937
0 0.656250 0.495312 -0.034375 -0.031250
0 0.642969 0.457813 -0.026562 -0.031250
0 0.666406 0.455469 -0.010937 -0.039062
0 0.649219 0.425781 -0.023438 -0.020313
0 0.632031 0.415625 -0.035937 -0.040625
0 0.629687 0.388281 -0.043750 -0.020313
0 0.616406 0.364844 -0.042188 -0.029687
0 0.607812 0.336719 -0.043750 -0.029687
0 0.598437 0.310156 -0.043750 -0.035937
0 0.584375 0.278125 -0.037500 -0.031250
0 0.576562 0.253125 -0.031250 -0.025000
0 0.565625 0.230469 -0.037500 -0.029687
0 0.555469 0.202344 -0.035937 -0.026562
0 0.543750 0.178906 -0.031250 -0.026562
0 0.544531 0.161719 -0.042188 -0.032813
0 0.525000 0.136719 -0.040625 -0.029687
0 0.525000 0.113281 -0.031250 -0.023438
0 0.505469 0.098437 -0.035937 -0.031250
0 0.513281 0.072656 -0.020313 -0.032813
0 0.486719 0.067187 -0.029687 -0.037500
0 0.490625 0.044531 -0.021875 -0.026562
0 0.471094 0.038281 -0.029687 -0.017188
0 0.464062 0.003125 0.000000 0.000000
0 0.751563 0.632031 -0.028125 -0.035937
0 0.746094 0.609375 -0.042188 -0.031250
0 0.737500 0.576562 -0.046875 -0.037500
0 0.723437 0.545312 -0.034375 -0.031250
0 0.713281 0.516406 -0.035937 -0.032813
0 0.706250 0.486719 -0.028125 -0.048438
0 0.684375 0.484375 -0.018750 -0.025000
0 0.689844 0.446875 -0.039062 -0.031250
0 0.690625 0.424219 -0.018750 -0.014063
0 0.674219 0.406250 -0.042188 -0.031250
0 0.664062 0.373437 -0.040625 -0.028125
0 0.650000 0.342969 -0.046875 -0.032813
0 0.638281 0.309375 -0.042188 -0.031250
0 0.619531 0.270313 -0.039062 -0.040625
0 0.606250 0.242969 -0.037500 -0.032813
0 0.595313 0.210938 -0.037500 -0.031250
0 0.578906 0.172656 -0.035937 -0.029687
0 0.575000 0.142187 -0.040625 -0.031250
0 0.564844 0.116406 -0.045312 -0.026562
0 0.555469 0.092969 -0.045312 -0.023438
0 0.546875 0.074219 -0.034375 -0.029687
0 0.538281 0.049219 -0.039062 -0.020313
0 0.532031 0.028906 -0.045312 -0.020313
0 0.548438 0.013281 -0.031250 -0.026562
0 0.521094 0.014844 -0.029687 -0.026562
0 0.482812 0.016406 -0.046875 -0.026562
0 0.785156 0.613281 -0.039062 -0.032813
0 0.776563 0.585156 -0.043750 -0.026562
0 0.763281 0.551562 -0.045312 -0.031250
0 0.753906 0.521875 -0.042188 -0.031250
0 0.742969 0.486719 -0.035937 -0.026562
0 0.741406 0.465625 -0.045312 -0.025000
0 0.725781 0.439844 -0.032813 -0.032813
0 0.719531 0.413281 -0.039062 -0.029687
0 0.704688 0.379688 -0.037500 -0.040625
0 0.696875 0.344531 -0.031250 -0.032813
0 0.684375 0.317188 -0.043750 -0.037500
0 0.666406 0.286719 -0.045312 -0.035937
0 0.655469 0.253906 -0.035937 -0.039062
0 0.638281 0.224219 -0.039062 -0.032813
0 0.628125 0.190625 -0.037500 -0.028125
0 0.615625 0.167187 -0.040625 -0.028125
0 0.610938 0.140625 -0.037500 -0.028125
0 0.602344 0.109375 -0.039062 -0.037500
0 0.592969 0.080469 -0.035937 -0.032813
0 0.571094 0.050781 -0.023438 -0.023438
0 0.564844 0.029687 -0.023438 -0.018750
0 0.586719 0.023438 -0.032813 -0.037500
0 0.594531 0.050781 -0.032813 -0.032813
0 0.614062 0.082812 -0.034375 -0.034375
0 0.625781 0.111719 -0.023438 -0.032813
0 0.629687 0.135156 0.015625 0.026562
0 0.831250 0.603125 -0.037500 -0.034375
0 0.814844 0.570312 -0.039062 -0.034375
0 0.860156 0.571094 -0.039062 -0.029687
0 0.840625 0.541406 -0.040625 -0.042188
0 0.892969 0.545312 -0.035937 -0.040625
0 0.876563 0.500781 -0.040625 -0.035937
0 0.938281 0.522656 -0.045312 -0.048438
0 0.791406 0.518750 -0.029687 -0.028125
0 0.784375 0.485938 -0.028125 -0.028125
0 0.807813 0.496875 -0.021875 -0.031250
0 0.775000 0.457031 -0.040625 -0.032813
0 0.757031 0.425000 -0.035937 -0.028125
0 0.748437 0.391406 -0.040625 -0.032813
0 0.735938 0.362500 -0.046875 -0.037500
0 0.730469 0.329688 -0.035937 -0.034375
0 0.711719 0.291406 -0.039062 -0.032813
0 0.700781 0.264062 -0.045312 -0.025000
0 0.688281 0.237500 -0.035937 -0.031250
0 0.675781 0.210156 -0.048438 -0.029687
0 0.664062 0.179688 -0.031250 -0.028125
0 0.653906 0.154688 -0.035937 -0.028125
0 0.647656 0.135156 -0.017188 -0.032813
0 0.817969 0.467969 0.042188 0.039062
0 0.815625 0.435156 -0.034375 -0.026562
0 0.783594 0.425000 -0.017188 -0.025000
0 0.808594 0.404687 -0.042188 -0.028125
0 0.778125 0.392969 -0.021875 -0.032813
0 0.793750 0.374219 -0.037500 -0.029687
0 0.779687 0.342969 -0.040625 -0.029687
0 0.774219 0.318750 -0.039062 -0.028125
0 0.765625 0.296875 -0.037500 -0.021875
0 0.736719 0.292969 -0.010937 -0.026562
0 0.757031 0.270313 -0.035937 -0.028125
0 0.743750 0.238281 -0.037500 -0.029687
0 0.714844 0.235937 -0.014063 -0.025000
0 0.726562 0.214062 -0.028125 -0.015625
0 0.726562 0.183594 -0.034375 -0.029687
0 0.711719 0.150000 -0.023438 -0.031250
0 0.695312 0.115625 -0.034375 -0.025000
0 0.681250 0.092188 -0.031250 -0.018750
0 0.685156 0.177344 -0.017188 -0.029687
0 0.696875 0.180469 0.015625 0.026562
0 0.682031 0.147656 -0.020313 -0.026562
0 0.660156 0.123438 -0.026562 -0.028125
0 0.643750 0.100781 -0.028125 -0.032813
0 0.631250 0.072656 -0.034375 -0.023438
0 0.628125 0.047656 -0.031250 -0.026562
0 0.624219 0.024219 -0.035937 -0.032813
0 0.621875 0.010937 -0.031250 -0.021875
0 0.660937 0.013281 -0.037500 -0.026562
0 0.667969 0.034375 -0.039062 -0.028125
0 0.672656 0.056250 -0.029687 -0.028125
0 0.681250 0.073438 -0.037500 -0.028125
0 0.706250 0.103125 -0.021875 -0.040625
0 0.730469 0.157812 -0.017188 -0.037500
0 0.750781 0.196094 -0.014063 -0.023438
0 0.752344 0.220312 -0.029687 -0.034375
0 0.767188 0.249219 -0.009375 -0.010937
0 0.860938 0.462500 -0.040625 -0.031250
0 0.853906 0.432812 -0.029687 -0.028125
0 0.844531 0.404687 -0.039062 -0.028125
0 0.835156 0.376563 -0.045312 -0.028125
0 0.829688 0.352344 -0.043750 -0.035937
0 0.818750 0.328125 -0.040625 -0.031250
0 0.808594 0.301563 -0.039062 -0.031250
0 0.803906 0.273438 -0.039062 -0.037500
0 0.787500 0.240625 -0.037500 -0.031250
0 0.785156 0.218750 -0.039062 -0.028125
0 0.767188 0.184375 -0.025000 -0.034375
0 0.755469 0.159375 -0.029687 -0.025000
0 0.739062 0.125781 -0.034375 -0.035937
0 0.727344 0.091406 -0.032813 -0.032813
0 0.708594 0.062500 -0.032813 -0.028125
0 0.694531 0.032031 -0.029687 -0.026562
0 0.696094 0.012500 -0.026562 -0.025000
0 0.913281 0.480469 -0.045312 -0.032813
0 0.910156 0.449219 -0.048438 -0.032813
0 0.892969 0.418750 -0.035937 -0.037500
0 0.877344 0.377344 -0.042188 -0.035937
0 0.864844 0.344531 -0.035937 -0.035937
0 0.855469 0.309375 -0.026562 -0.040625
0 0.839063 0.282031 -0.031250 -0.023438
0 0.828906 0.253125 -0.032813 -0.031250
0 0.814844 0.218750 -0.032813 -0.031250
0 0.811719 0.192969 -0.039062 -0.035937
0 0.796094 0.163281 -0.039062 -0.035937
0 0.778125 0.128125 -0.043750 -0.037500
0 0.764844 0.094531 -0.039062 -0.029687
0 0.743750 0.064062 -0.031250 -0.031250
0 0.731250 0.039062 -0.025000 -0.031250
0 0.721875 0.013281 -0.037500 -0.020313
0 0.967187 0.491406 0.037500 0.048438
0 0.952344 0.454688 -0.048438 -0.031250
0 0.939844 0.421094 -0.051562 -0.035937
0 0.925781 0.390625 -0.042188 -0.028125
0 0.917969 0.360938 -0.032813 -0.037500
0 0.917188 0.330469 -0.018750 -0.032813
0 0.889844 0.324219 -0.042188 -0.039062
0 0.882812 0.289062 -0.050000 -0.031250
0 0.864062 0.261719 -0.028125 -0.020313
0 0.856250 0.232031 -0.034375 -0.023438
0 0.848437 0.206250 -0.031250 -0.028125
0 0.839063 0.177344 0.040625 0.035937
0 0.823438 0.143750 0.037500 0.034375
0 0.816406 0.105469 0.039062 0.032813
0 0.803906 0.072656 0.042188 0.032813
0 0.764844 0.066406 -0.023438 -0.029687
0 0.801562 0.046094 -0.031250 -0.023438
0 0.757812 0.046094 -0.034375 -0.020313
0 0.755469 0.027344 -0.026562 -0.014063
0 0.743750 0.003125 0.000000 0.000000
0 0.794531 0.028906 -0.039062 -0.020313
0 0.789062 0.013281 -0.028125 -0.023438
0 0.758594 0.013281 -0.029687 -0.020313
0 0.986719 0.440625 0.020313 0.053125
0 0.983594 0.403125 0.023438 0.040625
0 0.971875 0.380469 0.037500 0.032813
0 0.963281 0.354687 -0.039062 -0.034375
0 0.946094 0.317188 -0.035937 -0.040625
0 0.933594 0.292969 -0.042188 -0.020313
0 0.913281 0.263281 -0.039062 -0.035937
0 0.907031 0.235937 -0.032813 -0.028125
0 0.903125 0.205469 -0.034375 -0.029687
0 0.887500 0.176563 -0.040625 -0.028125
0 0.872656 0.150781 -0.042188 -0.035937
0 0.864844 0.117188 -0.048438 -0.031250
0 0.853906 0.085156 -0.048438 -0.042188
0 0.838281 0.046875 -0.035937 -0.037500
0 0.828906 0.017188 -0.035937 -0.031250
0 0.866406 0.014063 -0.035937 -0.028125
0 0.871875 0.039062 -0.031250 -0.028125
0 0.889844 0.069531 -0.029687 -0.035937
0 0.901563 0.105469 -0.031250 -0.035937
0 0.911719 0.125781 -0.035937 -0.032813
0 0.922656 0.160938 -0.039062 -0.034375
0 0.930469 0.192188 -0.029687 -0.025000
0 0.942187 0.214062 -0.034375 -0.031250
0 0.955469 0.245312 -0.039062 -0.031250
0 0.967187 0.269531 -0.034375 -0.026562
0 0.983594 0.292187 0.026562 0.034375
0 0.985938 0.330469 0.018750 0.045312
0 0.910156 0.017188 -0.042188 -0.034375
0 0.916406 0.042188 -0.042188 -0.034375
0 0.926562 0.063281 -0.040625 -0.029687
0 0.946875 0.059375 -0.015625 -0.028125
0 0.932813 0.092969 -0.046875 -0.035937
0 0.946094 0.120313 -0.039062 -0.040625
0 0.964063 0.157031 -0.031250 -0.029687
0 0.971875 0.184375 0.034375 0.028125
0 0.975781 0.209375 0.026562 0.028125
0 0.984375 0.242969 0.018750 0.039062
0 0.950000 0.017188 -0.034375 -0.031250
0 0.961719 0.042188 -0.035937 -0.025000
0 0.975000 0.067187 -0.018750 -0.034375
0 0.980469 0.098437 0.029687 0.031250
0 0.982812 0.129688 0.025000 0.043750
0 0.983594 0.015625 0.026562 0.028125
0 0.989062 0.044531 0.015625 0.029687
0 0.989844 0.067969 0.014063 0.029687
