0 0.004687 0.935937 0.000000 0.000000
0 0.014063 0.968750 0.018750 0.050000
0 0.051562 0.975000 0.037500 0.043750
0 0.040625 0.936719 0.053125 0.032813
0 0.025000 0.895312 0.037500 0.053125
0 0.013281 0.835156 0.017188 0.051562
0 0.003125 0.790625 -0.006250 0.021875
0 0.101562 0.988281 0.034375 0.020313
0 0.089063 0.958594 0.031250 0.032813
0 0.076563 0.923438 0.034375 0.037500
0 0.065625 0.886719 0.028125 0.032813
0 0.051562 0.856250 0.031250 0.025000
0 0.040625 0.822656 0.031250 0.035937
0 0.028125 0.790625 0.025000 0.028125
0 0.016406 0.757031 0.023438 0.029687
0 0.009375 0.714063 -0.018750 -0.028125
0 0.004687 0.673438 0.000000 0.000000
0 0.143750 0.991406 0.034375 0.014063
0 0.134375 0.972656 0.034375 0.020313
0 0.127344 0.943750 0.029687 0.028125
0 0.115625 0.911719 0.025000 0.029687
0 0.099219 0.878125 0.026562 0.031250
0 0.082812 0.846094 0.028125 0.029687
0 0.070312 0.810156 0.037500 0.035937
0 0.053125 0.766406 0.043750 0.039062
0 0.046875 0.729688 0.034375 0.028125
0 0.035937 0.693750 0.034375 0.043750
0 0.019531 0.661719 0.029687 0.045312
0 0.014063 0.607031 -0.025000 -0.057813
0 0.198437 0.993750 0.000000 0.000000
0 0.182031 0.985156 0.035937 0.023438
0 0.175000 0.955469 0.043750 0.029687
0 0.163281 0.919531 0.035937 0.035937
0 0.141406 0.878125 0.035937 0.040625
0 0.126562 0.840625 0.043750 0.031250
0 0.110937 0.805469 0.037500 0.039062
0 0.099219 0.764062 0.035937 0.040625
0 0.092969 0.743750 0.029687 0.028125
0 0.082812 0.717187 0.040625 0.028125
0 0.071875 0.681250 0.043750 0.037500
0 0.057813 0.641406 0.037500 0.039062
0 0.042969 0.603125 0.035937 0.034375
0 0.025000 0.553906 0.037500 0.048438
0 0.017188 0.509375 -0.034375 -0.034375
0 0.221875 0.979688 0.040625 0.034375
0 0.209375 0.946094 0.037500 0.029687
0 0.200781 0.913281 0.039062 0.029687
0 0.184375 0.875000 0.040625 0.037500
0 0.168750 0.837500 0.040625 0.031250
0 0.157031 0.803906 0.042188 0.026562
0 0.146875 0.775000 0.037500 0.025000
0 0.135937 0.744531 0.040625 0.029687
0 0.124219 0.707031 0.039062 0.035937
0 0.111719 0.668750 0.051562 0.034375
0 0.096094 0.635156 0.039062 0.032813
0 0.084375 0.596094 0.040625 0.042188
0 0.067187 0.559375 0.040625 0.028125
0 0.058594 0.525000 0.042188 0.037500
0 0.006250 0.454688 0.000000 0.000000
0 0.029687 0.478906 -0.046875 -0.042188
0 0.021875 0.431250 -0.037500 -0.040625
0 0.013281 0.383594 -0.020313 -0.045312
0 0.263281 0.980469 0.042188 0.035937
0 0.250000 0.942969 0.037500 0.035937
0 0.232031 0.900000 0.042188 0.043750
0 0.215625 0.853906 0.040625 0.042188
0 0.197656 0.804688 0.042188 0.046875
0 0.185938 0.765625 0.040625 0.028125
0 0.171875 0.728906 0.046875 0.042188
0 0.156250 0.688281 0.037500 0.035937
0 0.136719 0.635938 0.039062 0.034375
0 0.125781 0.599219 0.039062 0.035937
0 0.110156 0.560937 0.039062 0.034375
0 0.092969 0.521875 0.039062 0.043750
0 0.078906 0.480469 0.048438 0.039062
0 0.062500 0.447656 0.037500 0.026562
0 0.050781 0.414062 0.039062 0.037500
0 0.034375 0.375000 0.040625 0.034375
0 0.025000 0.336719 -0.031250 -0.029687
0 0.012500 0.309375 -0.018750 -0.053125
0 0.325000 0.993750 0.000000 0.000000
0 0.306250 0.981250 0.037500 0.031250
0 0.303906 0.944531 0.045312 0.039062
0 0.276562 0.900781 0.040625 0.042188
0 0.260937 0.853906 0.037500 0.045312
0 0.244531 0.803906 0.045312 0.045312
0 0.226562 0.759375 0.043750 0.040625
0 0.206250 0.716406 0.040625 0.039062
0 0.192969 0.679688 0.039062 0.031250
0 0.182812 0.646094 0.040625 0.035937
0 0.171875 0.611719 0.037500 0.029687
0 0.155469 0.579688 0.039062 0.028125
0 0.148438 0.546094 0.046875 0.035937
0 0.135156 0.509375 0.042188 0.031250
0 0.121094 0.475781 0.029687 0.032813
0 0.107813 0.443750 0.037500 0.031250
0 0.092188 0.410156 0.037500 0.032813
0 0.076563 0.378125 0.037500 0.031250
0 0.066406 0.339844 0.035937 0.039062
0 0.044531 0.301563 0.045312 0.043750
0 0.027344 0.258594 0.042188 0.035937
0 0.016406 0.221094 -0.032813 -0.035937
0 0.004687 0.171875 0.000000 0.000000
0 0.348438 0.979688 0.034375 0.034375
0 0.341406 0.942969 0.023438 0.032813
0 0.314063 0.906250 0.031250 0.031250
0 0.313281 0.870313 -0.026562 -0.031250
0 0.289844 0.854688 -0.020313 -0.040625
0 0.312500 0.836719 -0.021875 -0.032813
0 0.284375 0.810156 -0.028125 -0.042188
0 0.288281 0.772656 -0.020313 -0.029687
0 0.263281 0.762500 -0.026562 -0.040625
0 0.251563 0.719531 -0.037500 -0.035937
0 0.237500 0.685937 -0.040625 -0.025000
0 0.228125 0.657813 -0.037500 -0.021875
0 0.214062 0.629687 -0.034375 -0.025000
0 0.204687 0.600781 0.034375 0.029687
0 0.190625 0.568750 0.034375 0.031250
0 0.180469 0.536719 0.035937 0.029687
0 0.170313 0.507031 0.034375 0.029687
0 0.154688 0.471094 0.037500 0.042188
0 0.139063 0.432031 0.037500 0.032813
0 0.120313 0.395313 0.034375 0.034375
0 0.111719 0.358594 0.032813 0.035937
0 0.089063 0.317188 0.037500 0.037500
0 0.080469 0.281250 0.042188 0.034375
0 0.064062 0.250781 0.037500 0.035937
0 0.057813 0.224219 0.037500 0.035937
0 0.043750 0.190625 0.046875 0.034375
0 0.014063 0.184375 -0.025000 -0.037500
0 0.036719 0.153125 -0.029687 -0.031250
0 0.015625 0.147656 -0.025000 -0.032813
0 0.025000 0.121875 -0.043750 -0.028125
0 0.015625 0.090625 -0.028125 -0.028125
0 0.004687 0.042188 0.000000 0.000000
0 0.004687 0.003125 0.000000 0.000000
0 0.004687 0.042188 0.000000 0.000000
0 0.014063 0.057031 -0.021875 -0.035937
0 0.021094 0.019531 -0.035937 -0.032813
0 0.036719 0.058594 0.035937 0.039062
0 0.048438 0.097656 0.034375 0.039062
0 0.062500 0.140625 0.040625 0.040625
0 0.077344 0.179688 0.042188 0.037500
0 0.092188 0.219531 0.040625 0.035937
0 0.119531 0.247656 -0.017188 -0.029687
0 0.093750 0.248438 -0.028125 -0.025000
0 0.120313 0.282031 -0.043750 -0.035937
0 0.132812 0.316406 -0.043750 -0.029687
0 0.142187 0.350781 -0.043750 -0.032813
0 0.152344 0.381250 -0.051562 -0.028125
0 0.161719 0.405469 -0.054688 -0.020313
0 0.184375 0.439844 0.043750 0.039062
0 0.192969 0.471875 0.051562 0.031250
0 0.209375 0.504687 0.040625 0.031250
0 0.219531 0.536719 0.035937 0.026562
0 0.232813 0.566406 0.043750 0.032813
0 0.249219 0.604688 0.045312 0.034375
0 0.260156 0.629687 -0.051562 -0.018750
0 0.259375 0.654687 0.031250 0.031250
0 0.284375 0.656250 -0.015625 -0.028125
0 0.278125 0.685937 -0.040625 -0.028125
0 0.287500 0.718750 -0.031250 -0.037500
0 0.300000 0.747656 -0.043750 -0.020313
0 0.311719 0.775781 -0.039062 -0.029687
0 0.317969 0.805469 0.035937 0.026562
0 0.338281 0.839844 0.023438 0.035937
0 0.347656 0.871875 0.035937 0.025000
0 0.350781 0.907813 0.042188 0.034375
0 0.369531 0.943750 0.026562 0.031250
0 0.384375 0.979688 0.031250 0.034375
0 0.416406 0.986719 0.032813 0.023438
0 0.420312 0.960938 -0.034375 -0.028125
0 0.396094 0.941406 0.042188 0.035937
0 0.391406 0.906250 0.035937 0.037500
0 0.378906 0.867969 0.035937 0.039062
0 0.370312 0.832812 0.034375 0.034375
0 0.357812 0.797656 0.037500 0.035937
0 0.347656 0.760938 0.032813 0.034375
0 0.342969 0.725781 0.029687 0.032813
0 0.316406 0.717187 0.020313 0.034375
0 0.310156 0.682031 0.026562 0.032813
0 0.332813 0.680469 -0.018750 -0.023438
0 0.307812 0.648438 -0.025000 -0.025000
0 0.301563 0.616406 0.034375 0.035937
0 0.284375 0.584375 -0.043750 -0.031250
0 0.267188 0.544531 -0.040625 -0.042188
0 0.257812 0.506250 0.040625 0.034375
0 0.232813 0.467969 0.028125 0.039062
0 0.259375 0.465625 -0.025000 -0.037500
0 0.226562 0.425000 0.037500 0.043750
0 0.257031 0.414844 -0.035937 -0.060937
0 0.199219 0.381250 0.045312 0.040625
0 0.184375 0.342969 -0.046875 -0.026562
0 0.176563 0.310937 -0.043750 -0.031250
0 0.161719 0.272656 -0.045312 -0.039062
0 0.143750 0.231250 -0.040625 -0.028125
0 0.137500 0.199219 0.037500 0.032813
0 0.114844 0.157812 -0.045312 -0.043750
0 0.098437 0.114844 -0.050000 -0.035937
0 0.087500 0.082812 -0.043750 -0.021875
0 0.091406 0.061719 0.017188 0.023438
0 0.069531 0.053125 0.026562 0.034375
0 0.064844 0.019531 0.042188 0.032813
0 0.103906 0.017969 0.032813 0.035937
0 0.110937 0.051562 0.034375 0.034375
0 0.125781 0.086719 0.029687 0.032813
0 0.142187 0.121875 0.034375 0.031250
0 0.150781 0.151562 0.035937 0.034375
0 0.160156 0.176563 0.039062 0.018750
0 0.175000 0.205469 0.034375 0.032813
0 0.185938 0.239063 0.034375 0.034375
0 0.204687 0.275000 0.037500 0.040625
0 0.216406 0.311719 0.039062 0.029687
0 0.226562 0.346094 0.037500 0.032813
0 0.242188 0.381250 0.031250 0.037500
0 0.292969 0.489063 0.045312 0.056250
0 0.305469 0.536719 0.032813 0.039062
0 0.314844 0.571875 0.039062 0.037500
0 0.332813 0.602344 0.037500 0.042188
0 0.342969 0.644531 0.035937 0.039062
0 0.361719 0.685937 0.026562 0.043750
0 0.371094 0.725000 -0.029687 -0.025000
0 0.383594 0.758594 -0.032813 -0.039062
0 0.397656 0.798438 -0.035937 -0.034375
0 0.403906 0.832031 -0.029687 -0.029687
0 0.420312 0.867969 -0.037500 -0.039062
0 0.432031 0.903906 -0.039062 -0.026562
0 0.440625 0.937500 -0.043750 -0.034375
0 0.450000 0.971094 -0.053125 -0.029687
0 0.481250 0.993750 0.000000 0.000000
0 0.512500 0.993750 0.000000 0.000000
0 0.460938 0.985938 0.040625 0.025000
0 0.496875 0.985156 0.034375 0.026562
0 0.141406 0.017188 -0.042188 -0.034375
0 0.149219 0.048438 -0.039062 -0.028125
0 0.162500 0.075781 -0.053125 -0.023438
0 0.168750 0.102344 -0.050000 -0.029687
0 0.183594 0.131250 -0.048438 -0.034375
0 0.199219 0.167969 -0.045312 -0.032813
0 0.210156 0.200000 -0.042188 -0.028125
0 0.224219 0.232813 -0.048438 -0.034375
0 0.242969 0.278125 0.039062 0.043750
0 0.261719 0.315625 -0.048438 -0.031250
0 0.267969 0.349219 0.039062 0.035937
0 0.282031 0.382812 0.042188 0.031250
0 0.292969 0.416406 0.035937 0.032813
0 0.299219 0.447656 0.035937 0.023438
0 0.322656 0.468750 -0.023438 -0.025000
0 0.334375 0.494531 -0.034375 -0.029687
0 0.339062 0.522656 -0.046875 -0.035937
0 0.347656 0.560937 -0.042188 -0.037500
0 0.357812 0.595313 -0.046875 -0.031250
0 0.372656 0.628906 -0.042188 -0.035937
0 0.384375 0.667969 -0.037500 -0.039062
0 0.392188 0.703906 -0.034375 -0.029687
0 0.403125 0.730469 -0.031250 -0.017188
0 0.420312 0.760156 -0.034375 -0.035937
0 0.431250 0.800000 -0.034375 -0.037500
0 0.441406 0.837500 -0.035937 -0.034375
0 0.458594 0.875781 -0.035937 -0.035937
0 0.471094 0.908594 -0.029687 -0.035937
0 0.482031 0.940625 -0.032813 -0.028125
0 0.489844 0.960156 -0.035937 -0.020313
0 0.538281 0.985938 0.042188 0.025000
0 0.525000 0.956250 0.031250 0.031250
0 0.514844 0.920312 0.045312 0.034375
0 0.498437 0.879687 0.040625 0.043750
0 0.480469 0.834375 0.045312 0.040625
0 0.470313 0.795312 -0.043750 -0.031250
0 0.464062 0.760938 -0.043750 -0.034375
0 0.453906 0.723437 -0.039062 -0.031250
0 0.422656 0.717969 0.017188 0.045312
0 0.431250 0.685156 0.034375 0.035937
0 0.420312 0.648438 -0.040625 -0.031250
0 0.410156 0.610156 -0.042188 -0.032813
0 0.399219 0.578906 -0.048438 -0.026562
0 0.386719 0.544531 -0.039062 -0.032813
0 0.375781 0.511719 -0.042188 -0.023438
0 0.366406 0.485938 -0.045312 -0.018750
0 0.363281 0.455469 0.026562 0.039062
0 0.341406 0.458594 0.017188 0.035937
0 0.351562 0.424219 0.028125 0.026562
0 0.324219 0.429688 0.035937 0.050000
0 0.336719 0.389844 -0.029687 -0.026562
0 0.314844 0.372656 0.039062 0.045312
0 0.304688 0.331250 -0.037500 -0.025000
0 0.290625 0.299219 0.040625 0.029687
0 0.275781 0.266406 0.045312 0.032813
0 0.264844 0.229687 0.035937 0.034375
0 0.246875 0.193750 0.046875 0.040625
0 0.237500 0.153906 0.046875 0.045312
0 0.223438 0.115625 0.037500 0.031250
0 0.227344 0.083594 0.029687 0.026562
0 0.196875 0.075781 0.040625 0.039062
0 0.188281 0.040625 0.035937 0.034375
0 0.178125 0.016406 -0.034375 -0.029687
0 0.216406 0.014063 -0.042188 -0.025000
0 0.232031 0.043750 -0.042188 -0.031250
0 0.247656 0.076563 -0.035937 -0.037500
0 0.260937 0.110156 -0.037500 -0.035937
0 0.278906 0.148438 -0.039062 -0.034375
0 0.285156 0.183594 -0.042188 -0.032813
0 0.292969 0.214844 0.042188 0.032813
0 0.310937 0.237500 -0.040625 -0.031250
0 0.319531 0.269531 -0.042188 -0.032813
0 0.333594 0.297656 -0.045312 -0.029687
0 0.341406 0.328906 0.042188 0.039062
0 0.351562 0.366406 0.031250 0.032813
0 0.370312 0.394531 -0.040625 -0.032813
0 0.377344 0.429688 0.035937 0.046875
0 0.397656 0.466406 0.032813 0.042188
0 0.409375 0.499219 -0.037500 -0.026562
0 0.417969 0.531250 0.032813 0.031250
0 0.431250 0.562500 -0.040625 -0.031250
0 0.424219 0.578125 -0.023438 -0.031250
0 0.448437 0.587500 -0.021875 -0.021875
0 0.448437 0.614844 -0.037500 -0.032813
0 0.457813 0.646875 -0.040625 -0.031250
0 0.462500 0.675000 -0.046875 -0.025000
0 0.462500 0.694531 -0.021875 -0.017188
0 0.481250 0.694531 -0.025000 -0.017188
0 0.485938 0.721875 -0.025000 -0.031250
0 0.499219 0.753906 -0.029687 -0.026562
0 0.507812 0.782813 -0.037500 -0.031250
0 0.514062 0.814063 -0.037500 -0.028125
0 0.511719 0.842187 0.017188 0.028125
0 0.535156 0.846094 -0.026562 -0.032813
0 0.536719 0.883594 0.032813 0.035937
0 0.560156 0.888281 -0.020313 -0.032813
0 0.551562 0.919531 -0.025000 -0.032813
0 0.557031 0.950781 0.029687 0.039062
0 0.590625 0.993750 0.000000 0.000000
0 0.259375 0.010937 -0.043750 -0.018750
0 0.304688 0.013281 -0.040625 -0.026562
0 0.269531 0.036719 -0.039062 -0.026562
0 0.276562 0.062500 -0.037500 -0.025000
0 0.322656 0.040625 -0.023438 -0.037500
0 0.298438 0.047656 -0.034375 -0.035937
0 0.288281 0.093750 0.042188 0.037500
0 0.328906 0.084375 0.045312 0.043750
0 0.305469 0.132031 0.042188 0.032813
0 0.344531 0.114844 -0.045312 -0.035937
0 0.357031 0.158594 0.035937 0.039062
0 0.320312 0.167187 0.037500 0.046875
0 0.333594 0.208594 0.048438 0.042188
0 0.377344 0.199219 0.042188 0.045312
0 0.353906 0.242969 0.054688 0.032813
0 0.396094 0.239063 -0.032813 -0.034375
0 0.359375 0.271094 0.040625 0.026562
0 0.398438 0.264062 0.046875 0.034375
0 0.375000 0.296094 0.046875 0.042188
0 0.410938 0.288281 -0.037500 -0.035937
0 0.384375 0.333594 0.040625 0.039062
0 0.423438 0.321094 -0.040625 -0.032813
0 0.388281 0.361719 0.035937 0.032813
0 0.416406 0.353125 0.026562 0.043750
0 0.432812 0.350000 0.028125 0.046875
0 0.408594 0.396094 0.029687 0.035937
0 0.439063 0.389844 -0.040625 -0.032813
0 0.409375 0.422656 0.050000 0.026562
0 0.457813 0.413281 0.040625 0.039062
0 0.429688 0.446094 -0.043750 -0.032813
0 0.464844 0.443750 0.032813 0.037500
0 0.441406 0.477344 0.048438 0.035937
0 0.472656 0.469531 0.035937 0.045312
0 0.450781 0.508594 -0.042188 -0.035937
0 0.487500 0.487500 -0.040625 -0.031250
0 0.497656 0.515625 -0.045312 -0.034375
0 0.453125 0.537500 0.037500 0.021875
0 0.483594 0.550781 -0.026562 -0.035937
0 0.461719 0.560156 0.026562 0.039062
0 0.487500 0.589844 -0.043750 -0.035937
0 0.511719 0.546094 -0.032813 -0.026562
0 0.514844 0.576562 0.035937 0.043750
0 0.493750 0.622656 0.034375 0.026562
0 0.532813 0.613281 0.040625 0.042188
0 0.495312 0.649219 0.040625 0.039062
0 0.549219 0.649219 0.048438 0.051562
0 0.503906 0.684375 0.026562 0.046875
0 0.528906 0.684375 0.017188 0.034375
0 0.556250 0.682031 0.040625 0.029687
0 0.523438 0.718750 0.037500 0.034375
0 0.563281 0.715625 0.039062 0.040625
0 0.529687 0.753906 0.028125 0.035937
0 0.577344 0.753125 0.029687 0.031250
0 0.550781 0.753125 0.014063 0.031250
0 0.544531 0.787500 0.026562 0.031250
0 0.578125 0.778906 0.031250 0.023438
0 0.580469 0.802344 -0.035937 -0.017188
0 0.550781 0.815625 0.026562 0.028125
0 0.582812 0.821875 0.034375 0.015625
0 0.560937 0.851562 0.021875 0.043750
0 0.587500 0.842187 -0.028125 -0.025000
0 0.612500 0.841406 0.015625 0.039062
0 0.605469 0.803906 0.017188 0.035937
0 0.586719 0.867969 -0.026562 -0.035937
0 0.608594 0.876563 -0.014063 -0.031250
0 0.585938 0.902344 -0.037500 -0.026562
0 0.585938 0.933594 0.034375 0.035937
0 0.621094 0.910937 -0.035937 -0.037500
0 0.592187 0.993750 0.000000 0.000000
0 0.590625 0.963281 0.050000 0.023438
0 0.577344 0.983594 -0.039062 -0.017188
0 0.617188 0.959375 0.000000 0.000000
0 0.629687 0.993750 0.000000 0.000000
0 0.619531 0.946875 0.020313 0.037500
0 0.614062 0.980469 0.034375 0.032813
0 0.635156 0.949219 0.029687 0.039062
0 0.646875 0.978906 0.037500 0.039062
0 0.706250 0.993750 0.000000 0.000000
0 0.688281 0.957812 0.023438 0.015625
0 0.709375 0.993750 0.000000 0.000000
0 0.666406 0.951562 0.029687 0.025000
0 0.709375 0.993750 0.000000 0.000000
0 0.675000 0.932031 0.040625 0.032813
0 0.707812 0.993750 0.000000 0.000000
0 0.664062 0.901563 0.037500 0.034375
0 0.693750 0.981250 0.040625 0.034375
0 0.631250 0.868750 0.028125 0.037500
0 0.660156 0.863281 0.020313 0.035937
0 0.640625 0.835156 0.040625 0.023438
0 0.631250 0.800000 -0.040625 -0.037500
0 0.600000 0.762500 0.018750 0.043750
0 0.623437 0.760938 -0.031250 -0.040625
0 0.605469 0.718750 0.035937 0.040625
0 0.600781 0.685937 0.035937 0.025000
0 0.588281 0.658594 0.032813 0.026562
0 0.582812 0.638281 0.015625 0.017188
0 0.572656 0.610156 0.029687 0.035937
0 0.549219 0.576562 0.020313 0.037500
0 0.570312 0.576562 0.021875 0.031250
0 0.548438 0.542969 0.040625 0.032813
0 0.539062 0.510938 0.034375 0.031250
0 0.524219 0.478125 0.032813 0.031250
0 0.510156 0.442188 0.039062 0.043750
0 0.489063 0.411719 0.021875 0.032813
0 0.508594 0.408594 0.020313 0.023438
0 0.486719 0.385937 0.035937 0.018750
0 0.462500 0.354687 0.028125 0.040625
0 0.488281 0.354687 0.020313 0.040625
0 0.460938 0.309375 0.040625 0.046875
0 0.448437 0.264844 0.043750 0.042188
0 0.434375 0.231250 0.037500 0.025000
0 0.421875 0.200000 0.034375 0.034375
0 0.414062 0.168750 0.037500 0.025000
0 0.384375 0.150781 0.018750 0.048438
0 0.401562 0.135937 0.025000 0.034375
0 0.382812 0.110156 0.034375 0.026562
0 0.371875 0.078906 0.040625 0.032813
0 0.353906 0.044531 0.042188 0.035937
0 0.329688 0.001563 0.000000 0.000000
0 0.396875 0.014844 -0.040625 -0.026562
0 0.353906 0.017969 -0.048438 -0.029687
0 0.400000 0.044531 0.034375 0.035937
0 0.413281 0.082031 -0.029687 -0.042188
0 0.426563 0.120313 0.037500 0.040625
0 0.442188 0.160156 -0.037500 -0.032813
0 0.455469 0.190625 -0.042188 -0.028125
0 0.460938 0.214062 0.028125 0.025000
0 0.470313 0.235156 0.043750 0.020313
0 0.482812 0.263281 -0.034375 -0.029687
0 0.494531 0.300000 -0.032813 -0.034375
0 0.498437 0.323437 0.028125 0.015625
0 0.510938 0.353906 0.021875 0.042188
0 0.521875 0.384375 0.021875 0.021875
0 0.525781 0.405469 0.017188 0.029687
0 0.550000 0.437500 0.040625 0.034375
0 0.556250 0.475000 0.028125 0.037500
0 0.575000 0.507031 0.031250 0.026562
0 0.584375 0.538281 0.034375 0.032813
0 0.598437 0.572656 0.037500 0.029687
0 0.594531 0.604688 0.010937 0.025000
0 0.610938 0.596094 0.025000 0.017188
0 0.609375 0.621875 0.028125 0.034375
0 0.634375 0.626563 -0.025000 -0.040625
0 0.619531 0.656250 0.026562 0.031250
0 0.647656 0.659375 0.026562 0.031250
0 0.633594 0.690625 0.023438 0.031250
0 0.658594 0.689844 -0.026562 -0.035937
0 0.646094 0.722656 0.035937 0.029687
0 0.655469 0.750000 0.032813 0.018750
0 0.660156 0.773438 0.029687 0.021875
0 0.664844 0.800781 -0.026562 -0.032813
0 0.681250 0.772656 0.012500 0.029687
0 0.689063 0.798438 0.015625 0.018750
0 0.678125 0.834375 0.037500 0.025000
0 0.691406 0.862500 0.035937 0.028125
0 0.699219 0.891406 0.029687 0.029687
0 0.710156 0.922656 0.032813 0.023438
0 0.715625 0.946094 0.034375 0.020313
0 0.751563 0.993750 0.000000 0.000000
0 0.792188 0.993750 0.000000 0.000000
0 0.734375 0.978125 0.034375 0.031250
0 0.769531 0.983594 -0.035937 -0.020313
0 0.810156 0.989844 0.035937 0.014063
0 0.800000 0.969531 0.031250 0.020313
0 0.762500 0.958594 0.031250 0.026562
0 0.740625 0.938281 0.018750 0.042188
0 0.763281 0.928125 0.023438 0.031250
0 0.742188 0.896875 0.034375 0.031250
0 0.733594 0.861719 0.042188 0.029687
0 0.712500 0.827344 0.034375 0.035937
0 0.706250 0.786719 0.025000 0.039062
0 0.683594 0.740625 0.023438 0.031250
0 0.687500 0.710156 0.028125 0.029687
0 0.684375 0.678125 0.025000 0.028125
0 0.677344 0.650000 0.029687 0.031250
0 0.655469 0.621094 0.010937 0.048438
0 0.674219 0.614844 0.023438 0.035937
0 0.636719 0.583594 0.032813 0.032813
0 0.621875 0.546094 0.037500 0.042188
0 0.611719 0.513281 0.020313 0.023438
0 0.584375 0.483594 0.018750 0.020313
0 0.607812 0.484375 0.021875 0.031250
0 0.588281 0.456250 0.029687 0.028125
0 0.586719 0.428125 0.029687 0.028125
0 0.550000 0.400000 0.028125 0.040625
0 0.578125 0.394531 0.025000 0.035937
0 0.578906 0.370312 0.017188 0.012500
0 0.547656 0.357031 0.039062 0.039062
0 0.534375 0.318750 0.031250 0.034375
0 0.524219 0.280469 0.029687 0.035937
0 0.510938 0.239844 0.028125 0.039062
0 0.489844 0.200000 0.029687 0.056250
0 0.468750 0.153906 0.018750 0.035937
0 0.500000 0.154688 0.031250 0.031250
0 0.460938 0.119531 0.031250 0.032813
0 0.499219 0.128906 0.045312 0.023438
0 0.490625 0.103906 0.031250 0.023438
0 0.452344 0.085156 0.039062 0.035937
0 0.488281 0.081250 0.035937 0.025000
0 0.439063 0.045312 0.037500 0.040625
0 0.482812 0.050781 0.040625 0.032813
0 0.438281 0.014063 0.035937 0.021875
0 0.476562 0.017188 0.031250 0.031250
0 0.510938 0.019531 0.031250 0.026562
0 0.796094 0.948438 0.029687 0.025000
0 0.844531 0.985938 0.029687 0.025000
0 0.841406 0.966406 0.032813 0.017188
0 0.825781 0.959375 0.026562 0.040625
0 0.790625 0.923438 0.028125 0.025000
0 0.777344 0.892188 0.032813 0.031250
0 0.770312 0.857812 0.031250 0.034375
0 0.742188 0.826562 0.012500 0.031250
0 0.762500 0.819531 0.028125 0.039062
0 0.789844 0.814844 0.026562 0.035937
0 0.735156 0.789844 0.020313 0.026562
0 0.759375 0.782813 0.021875 0.031250
0 0.781250 0.778125 0.015625 0.031250
0 0.797656 0.787500 0.014063 0.015625
0 0.735938 0.767188 0.018750 0.012500
0 0.821875 0.927344 0.021875 0.020313
0 0.809375 0.901563 0.021875 0.031250
0 0.793750 0.857812 0.012500 0.034375
0 0.808594 0.859375 0.014063 0.040625
0 0.707812 0.747656 0.021875 0.039062
0 0.733594 0.748437 0.023438 0.028125
0 0.757812 0.750781 0.018750 0.032813
0 0.781250 0.747656 0.018750 0.032813
0 0.710156 0.707812 0.017188 0.034375
0 0.731250 0.714063 0.015625 0.031250
0 0.752344 0.714063 0.017188 0.034375
0 0.775000 0.710938 0.018750 0.034375
0 0.828125 0.894531 0.018750 0.035937
0 0.893750 0.993750 0.000000 0.000000
0 0.895312 0.990625 0.000000 0.000000
0 0.983594 0.985938 0.029687 0.021875
0 0.950000 0.985156 0.025000 0.026562
0 0.878906 0.981250 0.032813 0.031250
0 0.917969 0.980469 0.032813 0.032813
0 0.990625 0.963281 0.015625 0.026562
0 0.970313 0.960938 0.021875 0.031250
0 0.945312 0.955469 0.021875 0.029687
0 0.914062 0.947656 0.034375 0.026562
0 0.874219 0.950000 0.039062 0.031250
0 0.844531 0.934375 0.017188 0.043750
0 0.869531 0.920312 0.026562 0.025000
0 0.852344 0.889062 0.023438 0.034375
0 0.871875 0.889062 0.009375 0.037500
0 0.893750 0.916406 0.021875 0.032813
0 0.913281 0.915625 0.017188 0.031250
0 0.939844 0.922656 0.023438 0.032813
0 0.958594 0.926562 0.017188 0.034375
0 0.974219 0.923438 0.010937 0.021875
0 0.989844 0.927344 0.014063 0.039062
0 0.983594 0.896094 0.017188 0.026562
0 0.960156 0.892188 0.020313 0.025000
0 0.932031 0.888281 0.026562 0.029687
0 0.905469 0.884375 0.020313 0.025000
0 0.885938 0.883594 0.009375 0.026562
0 0.825000 0.858594 0.015625 0.029687
0 0.850000 0.857812 0.025000 0.025000
0 0.877344 0.857031 0.023438 0.023438
0 0.899219 0.856250 0.014063 0.025000
0 0.921875 0.857812 0.021875 0.025000
0 0.939063 0.857812 0.009375 0.031250
0 0.958594 0.861719 0.023438 0.032813
0 0.985938 0.863281 0.021875 0.032813
0 0.812500 0.820312 0.012500 0.028125
0 0.830469 0.825781 0.010937 0.029687
0 0.845313 0.826562 0.015625 0.031250
0 0.864062 0.824219 0.018750 0.029687
0 0.885938 0.827344 0.025000 0.032813
0 0.915625 0.827344 0.028125 0.026562
0 0.943750 0.825000 0.021875 0.028125
0 0.968750 0.830469 0.015625 0.029687
0 0.987500 0.825781 0.021875 0.035937
0 0.813281 0.792188 0.017188 0.031250
0 0.832812 0.796094 0.018750 0.032813
0 0.861719 0.793750 0.026562 0.031250
0 0.892969 0.794531 0.026562 0.026562
0 0.914844 0.796094 0.014063 0.029687
0 0.940625 0.803906 0.025000 0.014063
0 0.935156 0.781250 0.026562 0.028125
0 0.965625 0.799219 0.018750 0.026562
0 0.993750 0.807813 0.000000 0.000000
0 0.993750 0.773438 0.000000 0.000000
0 0.988281 0.797656 0.017188 0.020313
0 0.993750 0.772656 0.009375 0.020313
0 0.976562 0.773438 0.015625 0.021875
0 0.808594 0.766406 0.023438 0.020313
0 0.798438 0.738281 0.012500 0.032813
0 0.835938 0.767969 0.018750 0.017188
0 0.817969 0.740625 0.026562 0.037500
0 0.860156 0.765625 0.020313 0.021875
0 0.703906 0.673438 0.010937 0.031250
0 0.725000 0.682031 0.021875 0.023438
0 0.750781 0.679688 0.029687 0.028125
0 0.778906 0.680469 0.017188 0.026562
0 0.800000 0.704688 0.021875 0.031250
0 0.842969 0.739062 0.020313 0.031250
0 0.867188 0.748437 0.025000 0.015625
0 0.891406 0.765625 0.029687 0.025000
0 0.915625 0.767188 0.015625 0.025000
0 0.958594 0.769531 0.017188 0.029687
0 0.717187 0.659375 0.015625 0.021875
0 0.701562 0.643750 0.021875 0.034375
0 0.698438 0.612500 0.018750 0.028125
0 0.669531 0.580469 0.023438 0.023438
0 0.657813 0.550781 0.025000 0.032813
0 0.651563 0.519531 0.025000 0.026562
0 0.628906 0.503906 0.014063 0.039062
0 0.643750 0.494531 0.012500 0.020313
0 0.631250 0.470313 0.025000 0.025000
0 0.610156 0.454688 0.010937 0.025000
0 0.631250 0.450781 0.025000 0.014063
0 0.612500 0.426563 0.025000 0.028125
0 0.607812 0.398438 0.025000 0.025000
0 0.597656 0.370312 0.023438 0.028125
0 0.592187 0.346094 0.025000 0.017188
0 0.571094 0.340625 0.014063 0.021875
0 0.563281 0.317969 0.017188 0.032813
0 0.589063 0.321094 0.025000 0.029687
0 0.588281 0.294531 0.023438 0.023438
0 0.565625 0.284375 0.021875 0.025000
0 0.547656 0.282031 0.010937 0.026562
0 0.559375 0.256250 0.028125 0.031250
0 0.533594 0.244531 0.017188 0.026562
0 0.534375 0.220312 0.021875 0.021875
0 0.557031 0.227344 0.020313 0.023438
0 0.557813 0.204687 0.025000 0.018750
0 0.516406 0.204687 0.014063 0.025000
0 0.535156 0.194531 0.023438 0.029687
0 0.525000 0.177344 0.037500 0.026562
0 0.546875 0.010156 0.028125 0.020313
0 0.517969 0.046094 0.026562 0.023438
0 0.527344 0.067187 0.048438 0.015625
0 0.519531 0.097656 0.017188 0.039062
0 0.545312 0.080469 0.031250 0.014063
0 0.544531 0.104688 0.023438 0.031250
0 0.536719 0.141406 0.020313 0.042188
0 0.556250 0.132031 0.015625 0.020313
0 0.560937 0.157812 0.021875 0.031250
0 0.556250 0.179688 0.012500 0.028125
0 0.575781 0.185156 0.017188 0.029687
0 0.586719 0.215625 0.029687 0.043750
0 0.581250 0.258594 0.009375 0.045312
0 0.602344 0.260937 0.029687 0.040625
0 0.614844 0.287500 0.029687 0.021875
0 0.621094 0.317188 0.029687 0.040625
0 0.628906 0.360938 0.039062 0.043750
0 0.628906 0.393750 0.010937 0.021875
0 0.653906 0.397656 0.032813 0.026562
0 0.657031 0.366406 0.014063 0.026562
0 0.633594 0.423438 0.020313 0.031250
0 0.665625 0.435156 0.034375 0.045312
0 0.659375 0.475781 0.025000 0.035937
0 0.682813 0.474219 0.025000 0.029687
0 0.672656 0.500000 0.039062 0.021875
0 0.681250 0.548438 0.015625 0.034375
0 0.695312 0.521094 0.021875 0.029687
0 0.700000 0.548438 0.025000 0.031250
0 0.693750 0.578125 0.025000 0.028125
0 0.717969 0.577344 0.020313 0.032813
0 0.721875 0.610156 0.028125 0.029687
0 0.730469 0.642188 0.032813 0.034375
0 0.573438 0.010937 0.015625 0.018750
0 0.592969 0.011719 0.020313 0.023438
0 0.534375 0.036719 0.012500 0.029687
0 0.551562 0.030469 0.021875 0.020313
0 0.573438 0.032031 0.012500 0.023438
0 0.555469 0.050781 0.023438 0.014063
0 0.571094 0.069531 0.032813 0.023438
0 0.575000 0.101562 0.031250 0.034375
0 0.587500 0.134375 0.037500 0.025000
0 0.597656 0.163281 0.042188 0.026562
0 0.607031 0.186719 0.035937 0.017188
0 0.617188 0.213281 0.025000 0.032813
0 0.625781 0.244531 0.026562 0.035937
0 0.638281 0.274219 0.029687 0.023438
0 0.644531 0.303906 0.023438 0.039062
0 0.655469 0.335938 0.020313 0.028125
0 0.595313 0.035156 0.018750 0.026562
0 0.592187 0.059375 0.018750 0.028125
0 0.611719 0.059375 0.010937 0.028125
0 0.626563 0.125781 0.037500 0.032813
0 0.609375 0.090625 0.031250 0.031250
0 0.630469 0.155469 0.029687 0.026562
0 0.646875 0.187500 0.037500 0.034375
0 0.642969 0.217188 0.017188 0.025000
0 0.666406 0.218750 0.026562 0.021875
0 0.667188 0.245312 0.046875 0.025000
0 0.662500 0.283594 0.015625 0.042188
0 0.689844 0.280469 0.029687 0.032813
0 0.674219 0.313281 0.029687 0.020313
0 0.701562 0.312500 0.021875 0.025000
0 0.680469 0.342187 0.023438 0.028125
0 0.707812 0.339062 0.025000 0.018750
0 0.689844 0.382812 0.039062 0.040625
0 0.701562 0.425000 0.037500 0.031250
0 0.705469 0.450000 0.035937 0.015625
0 0.708594 0.480469 0.020313 0.042188
0 0.712500 0.519531 0.006250 0.026562
0 0.727344 0.519531 0.017188 0.035937
0 0.726562 0.550781 0.021875 0.023438
0 0.744531 0.576562 0.032813 0.028125
0 0.749219 0.607031 0.026562 0.032813
0 0.755469 0.641406 0.010937 0.035937
0 0.778906 0.653906 0.023438 0.023438
0 0.775781 0.625000 0.029687 0.031250
0 0.800781 0.592187 0.023438 0.028125
0 0.789062 0.552344 0.025000 0.042188
0 0.775000 0.596094 0.025000 0.020313
0 0.768750 0.566406 0.018750 0.035937
0 0.745313 0.542969 0.021875 0.032813
0 0.763281 0.524219 0.020313 0.039062
0 0.780469 0.505469 0.020313 0.039062
0 0.744531 0.511719 0.010937 0.023438
0 0.729688 0.481250 0.015625 0.034375
0 0.756250 0.478125 0.028125 0.034375
0 0.741406 0.442188 0.029687 0.031250
0 0.728125 0.406250 0.021875 0.034375
0 0.746875 0.412500 0.006250 0.018750
0 0.723437 0.367188 0.018750 0.037500
0 0.706250 0.356250 0.015625 0.015625
0 0.619531 0.011719 0.029687 0.023438
0 0.614062 0.033594 0.015625 0.017188
0 0.632031 0.035156 0.014063 0.020313
0 0.632031 0.060156 0.023438 0.026562
0 0.637500 0.091406 0.015625 0.026562
0 0.807813 0.630469 0.025000 0.039062
0 0.806250 0.667188 0.021875 0.031250
0 0.828906 0.696094 0.029687 0.042188
0 0.852344 0.710938 0.010937 0.028125
0 0.875000 0.722656 0.031250 0.032813
0 0.909375 0.732812 0.028125 0.037500
0 0.938281 0.751563 0.020313 0.025000
0 0.963281 0.737500 0.032813 0.028125
0 0.990625 0.735156 0.015625 0.051562
0 0.989844 0.694531 0.014063 0.029687
0 0.955469 0.708594 0.026562 0.023438
0 0.973437 0.694531 0.015625 0.032813
0 0.942187 0.685937 0.037500 0.028125
0 0.932031 0.721875 0.020313 0.034375
0 0.897656 0.695312 0.020313 0.031250
0 0.914062 0.692187 0.012500 0.040625
0 0.866406 0.690625 0.032813 0.031250
0 0.833594 0.654687 0.023438 0.037500
0 0.855469 0.650781 0.020313 0.035937
0 0.883594 0.654687 0.032813 0.034375
0 0.921094 0.653906 0.039062 0.029687
0 0.958594 0.656250 0.026562 0.031250
0 0.986719 0.662500 0.020313 0.028125
0 0.828125 0.616406 0.021875 0.035937
0 0.848437 0.617969 0.012500 0.032813
0 0.878125 0.620313 0.043750 0.037500
0 0.919531 0.622656 0.032813 0.032813
0 0.949219 0.621875 0.023438 0.034375
0 0.970313 0.620313 0.015625 0.040625
0 0.987500 0.621875 0.018750 0.040625
0 0.985156 0.585156 0.023438 0.032813
0 0.954688 0.584375 0.028125 0.034375
0 0.910156 0.586719 0.029687 0.035937
0 0.874219 0.584375 0.035937 0.034375
0 0.832812 0.582812 0.034375 0.028125
0 0.817969 0.556250 0.026562 0.031250
0 0.843750 0.550781 0.025000 0.029687
0 0.871094 0.549219 0.023438 0.032813
0 0.901563 0.550000 0.031250 0.034375
0 0.934375 0.546094 0.031250 0.039062
0 0.933594 0.585938 0.010937 0.034375
0 0.964063 0.549219 0.018750 0.029687
0 0.987500 0.551562 0.018750 0.031250
0 0.803125 0.517969 0.015625 0.029687
0 0.821875 0.518750 0.021875 0.028125
0 0.846875 0.525000 0.018750 0.025000
0 0.844531 0.503125 0.023438 0.018750
0 0.876563 0.520312 0.040625 0.025000
0 0.904687 0.517188 0.012500 0.028125
0 0.928125 0.514844 0.025000 0.023438
0 0.957031 0.514844 0.026562 0.032813
0 0.985938 0.517188 0.021875 0.034375
0 0.804688 0.491406 0.025000 0.020313
0 0.825781 0.488281 0.014063 0.026562
0 0.845313 0.479687 0.025000 0.021875
0 0.875781 0.491406 0.035937 0.032813
0 0.910937 0.483594 0.034375 0.029687
0 0.946094 0.481250 0.032813 0.031250
0 0.970313 0.480469 0.015625 0.032813
0 0.993750 0.495312 0.000000 0.000000
0 0.789844 0.465625 0.029687 0.028125
0 0.764844 0.435937 0.007812 0.040625
0 0.788281 0.439844 0.023438 0.020313
0 0.791406 0.075000 0.017188 0.018750
0 0.823438 0.463281 0.028125 0.023438
0 0.864844 0.460156 0.042188 0.023438
0 0.908594 0.454688 0.042188 0.018750
0 0.945312 0.452344 0.021875 0.020313
0 0.960156 0.442969 0.007812 0.017188
0 0.982031 0.449219 0.029687 0.026562
0 0.991406 0.482812 0.014063 0.028125
0 0.992969 0.421094 0.007812 0.026562
0 0.974219 0.424219 0.023438 0.020313
0 0.942187 0.425781 0.028125 0.026562
0 0.899219 0.429688 0.029687 0.028125
0 0.921875 0.424219 0.009375 0.032813
0 0.857812 0.431250 0.037500 0.034375
0 0.819531 0.432031 0.032813 0.032813
0 0.757812 0.401562 0.018750 0.021875
0 0.750781 0.371094 0.026562 0.029687
0 0.782031 0.404687 0.032813 0.040625
0 0.810937 0.394531 0.034375 0.039062
0 0.848437 0.387500 0.031250 0.043750
0 0.883594 0.388281 0.029687 0.042188
0 0.918750 0.386719 0.028125 0.042188
0 0.950781 0.387500 0.023438 0.040625
0 0.983594 0.394531 0.029687 0.026562
0 0.984375 0.365625 0.028125 0.025000
0 0.781250 0.360938 0.028125 0.034375
0 0.807813 0.352344 0.034375 0.032813
0 0.846094 0.349219 0.032813 0.029687
0 0.878125 0.351562 0.025000 0.034375
0 0.909375 0.347656 0.025000 0.032813
0 0.942187 0.343750 0.034375 0.037500
0 0.993750 0.348438 0.000000 0.000000
0 0.748437 0.342969 0.028125 0.020313
0 0.727344 0.313281 0.023438 0.042188
0 0.717187 0.272656 0.028125 0.039062
0 0.711719 0.242188 0.035937 0.028125
0 0.688281 0.203125 0.026562 0.046875
0 0.718750 0.212500 0.028125 0.031250
0 0.675000 0.163281 0.037500 0.032813
0 0.665625 0.128125 0.037500 0.031250
0 0.657031 0.091406 0.023438 0.035937
0 0.657813 0.058594 0.028125 0.026562
0 0.655469 0.010156 0.035937 0.020313
0 0.653906 0.030469 0.020313 0.026562
0 0.678906 0.044531 0.020313 0.042188
0 0.685156 0.087500 0.023438 0.034375
0 0.703906 0.121875 0.026562 0.031250
0 0.707031 0.156250 0.023438 0.028125
0 0.714844 0.185156 0.023438 0.026562
0 0.735156 0.186719 0.014063 0.026562
0 0.745313 0.212500 0.021875 0.025000
0 0.746094 0.241406 0.026562 0.023438
0 0.745313 0.264844 0.021875 0.023438
0 0.750781 0.287500 0.023438 0.028125
0 0.754687 0.320312 0.034375 0.031250
0 0.782813 0.323437 0.025000 0.034375
0 0.807031 0.311719 0.032813 0.039062
0 0.776563 0.286719 0.028125 0.039062
0 0.767969 0.250000 0.014063 0.034375
0 0.790625 0.246875 0.025000 0.037500
0 0.805469 0.277344 0.020313 0.029687
0 0.773438 0.209375 0.034375 0.034375
0 0.761719 0.174219 0.035937 0.035937
0 0.730469 0.153125 0.020313 0.034375
0 0.753125 0.136719 0.028125 0.039062
0 0.728906 0.116406 0.020313 0.035937
0 0.709375 0.085938 0.025000 0.037500
0 0.732031 0.082031 0.020313 0.029687
0 0.696094 0.047656 0.017188 0.032813
0 0.721094 0.060937 0.023438 0.012500
0 0.722656 0.042188 0.026562 0.025000
0 0.692187 0.015625 0.028125 0.025000
0 0.721094 0.016406 0.026562 0.023438
0 0.745313 0.012500 0.021875 0.025000
0 0.752344 0.043750 0.026562 0.028125
0 0.761719 0.075000 0.035937 0.034375
0 0.760938 0.103125 0.037500 0.018750
0 0.784375 0.132812 0.031250 0.025000
0 0.791406 0.102344 0.020313 0.020313
0 0.801562 0.170313 0.031250 0.034375
0 0.814844 0.209375 0.039062 0.031250
0 0.824219 0.184375 0.010937 0.015625
0 0.823438 0.242188 0.034375 0.028125
0 0.836719 0.275781 0.035937 0.032813
0 0.847656 0.315625 0.032813 0.037500
0 0.777344 0.011719 0.032813 0.020313
0 0.781250 0.041406 0.028125 0.032813
0 0.814844 0.012500 0.029687 0.021875
0 0.883594 0.300781 0.039062 0.045312
0 0.875000 0.252344 0.046875 0.048438
0 0.855469 0.203906 0.035937 0.048438
0 0.845313 0.170313 0.031250 0.021875
0 0.828125 0.143750 0.037500 0.028125
0 0.818750 0.109375 0.034375 0.037500
0 0.818750 0.066406 0.031250 0.045312
0 0.814063 0.032031 0.034375 0.023438
0 0.932031 0.306250 0.039062 0.034375
0 0.923438 0.271094 0.034375 0.035937
0 0.911719 0.239063 0.026562 0.028125
0 0.892188 0.206250 0.040625 0.031250
0 0.883594 0.171875 0.035937 0.028125
0 0.865625 0.137500 0.040625 0.040625
0 0.855469 0.096094 0.029687 0.035937
0 0.848437 0.057031 0.025000 0.035937
0 0.846094 0.021875 0.023438 0.034375
0 0.871875 0.018750 0.021875 0.031250
0 0.878906 0.051562 0.026562 0.034375
0 0.889844 0.090625 0.029687 0.034375
0 0.899219 0.128125 0.029687 0.031250
0 0.904687 0.153906 0.028125 0.017188
0 0.919531 0.179688 0.023438 0.031250
0 0.927344 0.208594 0.029687 0.023438
0 0.942187 0.235937 0.028125 0.034375
0 0.960938 0.266406 0.034375 0.026562
0 0.968750 0.297656 0.040625 0.029687
0 0.978906 0.335938 0.035937 0.034375
0 0.994531 0.288281 0.007812 0.057813
0 0.987500 0.240625 0.021875 0.028125
0 0.964844 0.234375 0.017188 0.031250
0 0.953125 0.202344 0.028125 0.032813
0 0.947656 0.167969 0.029687 0.029687
0 0.931250 0.132031 0.028125 0.035937
0 0.956250 0.130469 0.021875 0.035937
0 0.981250 0.167187 0.028125 0.031250
0 0.983594 0.203906 0.026562 0.032813
0 0.902344 0.017969 0.026562 0.032813
0 0.909375 0.053906 0.028125 0.032813
0 0.924219 0.092969 0.032813 0.035937
0 0.952344 0.092969 0.026562 0.032813
0 0.983594 0.130469 0.026562 0.035937
0 0.984375 0.095312 0.025000 0.031250
0 0.965625 0.063281 0.025000 0.029687
0 0.939063 0.055469 0.018750 0.035937
0 0.932813 0.017969 0.028125 0.032813
0 0.960938 0.025000 0.021875 0.043750
0 0.989062 0.060937 0.018750 0.031250
0 0.986719 0.021875 0.020313 0.040625
