0 0.006250 0.951562 0.000000 0.000000
0 0.036719 0.977344 0.039062 0.042188
0 0.012500 0.970313 -0.021875 -0.037500
0 0.022656 0.942187 -0.045312 -0.043750
0 0.018750 0.903906 -0.034375 -0.042188
0 0.011719 0.863281 -0.023438 -0.045312
0 0.075000 0.982812 0.037500 0.031250
0 0.070312 0.953125 0.034375 0.028125
0 0.058594 0.928906 0.032813 0.042188
0 0.052344 0.889062 0.020313 0.031250
0 0.041406 0.878906 0.020313 0.042188
0 0.022656 0.845313 -0.032813 -0.031250
0 0.017188 0.819531 -0.031250 -0.048438
0 0.014844 0.785156 -0.026562 -0.032813
0 0.006250 0.731250 0.000000 0.000000
0 0.010937 0.671875 -0.021875 -0.050000
0 0.009375 0.721875 -0.015625 -0.056250
0 0.026562 0.703906 -0.021875 -0.023438
0 0.029687 0.732812 -0.034375 -0.046875
0 0.042188 0.779687 -0.040625 -0.046875
0 0.050000 0.814063 -0.043750 -0.043750
0 0.065625 0.855469 -0.040625 -0.045312
0 0.079687 0.885938 -0.037500 -0.043750
0 0.088281 0.916406 0.032813 0.032813
0 0.101562 0.946094 0.040625 0.035937
0 0.107031 0.976562 0.032813 0.037500
0 0.125000 0.989062 0.037500 0.018750
0 0.157031 0.988281 0.045312 0.020313
0 0.194531 0.986719 0.035937 0.023438
0 0.152344 0.975000 0.042188 0.034375
0 0.142187 0.953125 0.050000 0.028125
0 0.138281 0.928125 0.048438 0.031250
0 0.139844 0.903125 0.026562 0.021875
0 0.117188 0.903125 0.040625 0.031250
0 0.113281 0.879687 0.051562 0.028125
0 0.110156 0.851562 0.051562 0.037500
0 0.107031 0.826562 0.051562 0.028125
0 0.089844 0.808594 0.048438 0.035937
0 0.081250 0.784375 0.040625 0.034375
0 0.076563 0.759375 0.040625 0.028125
0 0.066406 0.735938 0.045312 0.037500
0 0.051562 0.709375 0.046875 0.031250
0 0.035937 0.685156 0.050000 0.039062
0 0.067969 0.685156 0.010937 0.039062
0 0.035937 0.667188 0.037500 0.025000
0 0.027344 0.642188 0.039062 0.037500
0 0.006250 0.545312 0.000000 0.000000
0 0.018750 0.593750 0.025000 0.090625
0 0.189062 0.965625 0.037500 0.025000
0 0.186719 0.944531 0.032813 0.026562
0 0.179688 0.932031 0.028125 0.032813
0 0.171875 0.912500 0.037500 0.031250
0 0.167187 0.893750 0.040625 0.031250
0 0.157031 0.867188 0.048438 0.034375
0 0.150000 0.850000 0.025000 0.021875
0 0.147656 0.832812 0.032813 0.025000
0 0.142969 0.818750 0.039062 0.028125
0 0.132031 0.800000 0.057813 0.031250
0 0.122656 0.782813 0.042188 0.025000
0 0.117969 0.770312 0.039062 0.031250
0 0.101562 0.750000 0.028125 0.037500
0 0.121875 0.741406 0.015625 0.032813
0 0.102344 0.726562 0.029687 0.028125
0 0.094531 0.707812 0.035937 0.037500
0 0.085938 0.683594 0.034375 0.035937
0 0.067969 0.653906 0.045312 0.032813
0 0.056250 0.625781 0.040625 0.042188
0 0.049219 0.594531 0.045312 0.039062
0 0.040625 0.571875 0.040625 0.025000
0 0.032031 0.547656 0.032813 0.026562
0 0.025000 0.526563 0.037500 0.025000
0 0.006250 0.487500 0.000000 0.000000
0 0.017188 0.498437 -0.034375 -0.021875
0 0.016406 0.461719 -0.032813 -0.051562
0 0.008594 0.430469 -0.014063 -0.026562
0 0.233594 0.981250 0.045312 0.031250
0 0.231250 0.967187 0.031250 0.025000
0 0.219531 0.946875 0.035937 0.028125
0 0.213281 0.919531 0.035937 0.029687
0 0.202344 0.888281 0.035937 0.045312
0 0.187500 0.845313 0.043750 0.053125
0 0.171875 0.814844 0.037500 0.045312
0 0.167969 0.782031 0.035937 0.026562
0 0.155469 0.757812 0.039062 0.037500
0 0.147656 0.727344 0.045312 0.042188
0 0.136719 0.700781 0.048438 0.042188
0 0.124219 0.678906 0.045312 0.032813
0 0.114062 0.650000 0.046875 0.031250
0 0.102344 0.618750 0.045312 0.043750
0 0.094531 0.599219 0.045312 0.035937
0 0.083594 0.576562 0.045312 0.034375
0 0.072656 0.550000 0.045312 0.040625
0 0.063281 0.526563 0.048438 0.043750
0 0.055469 0.493750 0.045312 0.040625
0 0.045312 0.463281 0.037500 0.048438
0 0.039844 0.428906 0.020313 0.023438
0 0.025781 0.404687 -0.045312 -0.040625
0 0.017188 0.359375 -0.034375 -0.046875
0 0.011719 0.327344 -0.023438 -0.042188
0 0.009375 0.304688 -0.018750 -0.053125
0 0.006250 0.260156 -0.012500 -0.032813
0 0.010156 0.210938 -0.020313 -0.056250
0 0.015625 0.253125 -0.031250 -0.034375
0 0.264844 0.482812 0.026562 0.056250
0 0.278125 0.981250 -0.046875 -0.025000
0 0.260937 0.952344 -0.053125 -0.045312
0 0.257031 0.927344 -0.054688 -0.035937
0 0.249219 0.907031 -0.057813 -0.045312
0 0.240625 0.878125 -0.040625 -0.031250
0 0.226562 0.854688 -0.043750 -0.040625
0 0.213281 0.821094 -0.054688 -0.045312
0 0.205469 0.785937 -0.039062 -0.028125
0 0.196094 0.762500 -0.035937 -0.028125
0 0.189062 0.738281 -0.040625 -0.032813
0 0.184375 0.708594 -0.040625 -0.032813
0 0.174219 0.682031 -0.039062 -0.045312
0 0.162500 0.664062 -0.037500 -0.040625
0 0.153906 0.640625 -0.045312 -0.034375
0 0.140625 0.609375 -0.040625 -0.046875
0 0.132812 0.596875 -0.040625 -0.046875
0 0.122656 0.566406 -0.039062 -0.039062
0 0.117969 0.537500 -0.042188 -0.034375
0 0.095312 0.525000 -0.037500 -0.034375
0 0.113281 0.501563 -0.026562 -0.053125
0 0.090625 0.471875 -0.046875 -0.071875
0 0.072656 0.420312 -0.039062 -0.043750
0 0.065625 0.385937 -0.053125 -0.046875
0 0.048438 0.352344 -0.043750 -0.051562
0 0.039062 0.321094 -0.043750 -0.054688
0 0.022656 0.283594 -0.032813 -0.042188
0 0.007031 0.083594 -0.014063 -0.067187
0 0.018750 0.128906 -0.037500 -0.070312
0 0.022656 0.160156 -0.042188 -0.054688
0 0.036719 0.192188 -0.048438 -0.028125
0 0.045312 0.219531 -0.046875 -0.045312
0 0.051562 0.243750 -0.050000 -0.034375
0 0.060937 0.269531 -0.056250 -0.035937
0 0.070312 0.298438 -0.053125 -0.034375
0 0.080469 0.317969 -0.051562 -0.035937
0 0.090625 0.343750 -0.043750 -0.046875
0 0.110156 0.346875 -0.020313 -0.028125
0 0.101562 0.374219 -0.040625 -0.039062
0 0.105469 0.405469 -0.042188 -0.039062
0 0.110937 0.429688 -0.046875 -0.040625
0 0.128906 0.467187 -0.042188 -0.040625
0 0.130469 0.503906 -0.032813 -0.032813
0 0.153125 0.507812 -0.028125 -0.037500
0 0.153906 0.532031 -0.039062 -0.029687
0 0.160938 0.562500 -0.040625 -0.040625
0 0.169531 0.580469 -0.054688 -0.054688
0 0.184375 0.585156 -0.031250 -0.039062
0 0.186719 0.613281 -0.054688 -0.029687
0 0.192969 0.639844 -0.035937 -0.035937
0 0.217188 0.642188 -0.015625 -0.037500
0 0.203125 0.667969 -0.043750 -0.051562
0 0.217188 0.701562 -0.034375 -0.025000
0 0.226562 0.715625 -0.037500 -0.028125
0 0.217969 0.741406 -0.023438 -0.039062
0 0.238281 0.748437 -0.042188 -0.040625
0 0.250000 0.784375 -0.050000 -0.046875
0 0.267188 0.838281 -0.037500 -0.026562
0 0.260937 0.817187 -0.043750 -0.037500
0 0.277344 0.867188 -0.042188 -0.034375
0 0.289844 0.895312 -0.045312 -0.025000
0 0.298438 0.916406 -0.037500 -0.026562
0 0.308594 0.933594 -0.020313 -0.032813
0 0.292969 0.946875 -0.014063 -0.050000
0 0.308594 0.958594 -0.029687 -0.023438
0 0.328125 0.992188 0.000000 0.000000
0 0.336719 0.976562 0.029687 0.043750
0 0.313281 0.985156 -0.032813 0.026562
0 0.362500 0.985938 0.031250 0.025000
0 0.396094 0.984375 0.042188 0.028125
0 0.365625 0.966406 0.031250 0.026562
0 0.339062 0.935156 0.040625 0.054688
0 0.382031 0.936719 0.039062 0.048438
0 0.332813 0.916406 0.031250 0.051562
0 0.331250 0.888281 0.015625 0.023438
0 0.326562 0.875000 0.028125 0.043750
0 0.301563 0.850781 0.025000 0.064062
0 0.319531 0.833594 0.017188 0.042188
0 0.296875 0.822656 0.031250 0.042188
0 0.289844 0.796875 0.032813 0.037500
0 0.285156 0.775000 0.032813 0.034375
0 0.278906 0.754687 0.029687 0.043750
0 0.265625 0.731250 0.040625 0.040625
0 0.258594 0.707812 0.042188 0.031250
0 0.249219 0.679688 0.045312 0.037500
0 0.236719 0.642188 0.042188 0.046875
0 0.253906 0.628906 0.032813 0.032813
0 0.234375 0.608594 0.050000 0.035937
0 0.210938 0.578125 0.037500 0.031250
0 0.194531 0.544531 0.045312 0.035937
0 0.183594 0.508594 0.042188 0.042188
0 0.176563 0.475781 0.050000 0.032813
0 0.189844 0.478125 0.014063 0.034375
0 0.160156 0.448437 0.042188 0.028125
0 0.150000 0.419531 0.050000 0.029687
0 0.148438 0.391406 0.037500 0.035937
0 0.139844 0.360156 0.039062 0.035937
0 0.141406 0.335938 0.029687 0.025000
0 0.125781 0.325000 0.039062 0.031250
0 0.112500 0.297656 0.046875 0.029687
0 0.110937 0.273438 0.040625 0.028125
0 0.097656 0.247656 0.045312 0.032813
0 0.093750 0.223438 0.040625 0.028125
0 0.075781 0.195312 0.045312 0.031250
0 0.064844 0.164844 0.048438 0.039062
0 0.060156 0.146875 0.039062 0.031250
0 0.049219 0.111719 0.042188 0.045312
0 0.035937 0.074219 0.040625 0.045312
0 0.006250 0.001563 0.000000 0.000000
0 0.056250 0.010937 -0.050000 -0.021875
0 0.022656 0.025781 -0.039062 -0.051562
0 0.062500 0.029687 -0.046875 -0.046875
0 0.071875 0.049219 -0.046875 -0.032813
0 0.087500 0.075000 -0.037500 -0.018750
0 0.085938 0.096875 0.031250 0.025000
0 0.110937 0.102344 0.012500 0.032813
0 0.104688 0.132031 0.043750 0.035937
0 0.107031 0.164062 0.039062 0.056250
0 0.121875 0.174219 0.043750 0.039062
0 0.113281 0.204687 0.017188 0.040625
0 0.140625 0.212500 0.034375 0.050000
0 0.146094 0.251563 0.045312 0.040625
0 0.156250 0.275781 0.043750 0.048438
0 0.163281 0.310156 0.042188 0.057813
0 0.169531 0.339062 0.010937 0.031250
0 0.185156 0.354687 0.035937 0.021875
0 0.172656 0.371875 0.020313 0.037500
0 0.194531 0.375000 0.023438 0.034375
0 0.191406 0.396875 0.039062 0.028125
0 0.190625 0.409375 0.037500 0.037500
0 0.215625 0.425781 0.025000 0.045312
0 0.203125 0.429688 -0.046875 -0.037500
0 0.200781 0.453125 -0.014063 -0.015625
0 0.218750 0.469531 -0.046875 -0.051562
0 0.216406 0.504687 -0.026562 -0.028125
0 0.238281 0.506250 -0.035937 -0.031250
0 0.236719 0.534375 -0.039062 -0.040625
0 0.247656 0.564063 -0.054688 -0.050000
0 0.250781 0.575781 0.051562 0.032813
0 0.267969 0.606250 -0.035937 -0.040625
0 0.278125 0.635938 -0.034375 -0.040625
0 0.287500 0.664062 -0.043750 -0.031250
0 0.296875 0.696094 -0.040625 -0.035937
0 0.293750 0.714063 -0.025000 -0.040625
0 0.315625 0.742188 0.043750 0.053125
0 0.324219 0.749219 0.026562 0.039062
0 0.325000 0.769531 -0.043750 -0.023438
0 0.320312 0.796094 -0.028125 -0.039062
0 0.344531 0.788281 -0.029687 -0.035937
0 0.350781 0.832031 -0.045312 -0.051562
0 0.344531 0.869531 -0.023438 -0.023438
0 0.373437 0.862500 -0.028125 -0.043750
0 0.371094 0.882812 -0.042188 -0.040625
0 0.367188 0.910937 -0.037500 -0.056250
0 0.398438 0.911719 -0.028125 -0.045312
0 0.441406 0.983594 0.048438 0.026562
0 0.427344 0.955469 -0.042188 -0.057813
0 0.420312 0.907813 -0.034375 -0.028125
0 0.406250 0.874219 -0.034375 -0.039062
0 0.396094 0.846094 -0.045312 -0.035937
0 0.389062 0.821875 -0.037500 -0.034375
0 0.389062 0.796094 -0.037500 -0.045312
0 0.375781 0.788281 -0.039062 -0.035937
0 0.367188 0.771875 -0.037500 -0.031250
0 0.356250 0.747656 -0.037500 -0.035937
0 0.341406 0.718750 -0.048438 -0.040625
0 0.336719 0.692187 -0.045312 -0.043750
0 0.334375 0.654687 -0.021875 -0.053125
0 0.315625 0.649219 -0.037500 -0.029687
0 0.300000 0.625781 -0.021875 -0.029687
0 0.318750 0.625781 -0.021875 -0.029687
0 0.307031 0.594531 0.048438 0.035937
0 0.296094 0.569531 -0.048438 -0.029687
0 0.286719 0.539062 -0.051562 -0.043750
0 0.280469 0.511719 -0.042188 -0.035937
0 0.268750 0.489063 -0.028125 -0.025000
0 0.255469 0.442188 -0.029687 -0.037500
0 0.243750 0.415625 -0.031250 -0.050000
0 0.224219 0.379688 -0.045312 -0.043750
0 0.232813 0.358594 -0.025000 -0.032813
0 0.214844 0.339062 -0.048438 -0.037500
0 0.211719 0.307812 -0.048438 -0.037500
0 0.200000 0.283594 -0.046875 -0.026562
0 0.195312 0.257031 -0.053125 -0.035937
0 0.179688 0.225000 -0.037500 -0.031250
0 0.172656 0.200781 -0.042188 -0.048438
0 0.166406 0.185156 -0.035937 -0.026562
0 0.160938 0.164844 -0.034375 -0.032813
0 0.146875 0.139844 -0.034375 -0.032813
0 0.165625 0.140625 -0.012500 -0.028125
0 0.131250 0.120313 -0.028125 -0.021875
0 0.142969 0.103125 -0.032813 -0.040625
0 0.129688 0.092188 -0.034375 -0.034375
0 0.114844 0.063281 -0.045312 -0.039062
0 0.103125 0.004687 0.000000 0.000000
0 0.102344 0.029687 -0.023438 -0.056250
0 0.119531 0.032031 -0.017188 -0.045312
0 0.143750 0.013281 -0.043750 -0.023438
0 0.156250 0.033594 -0.040625 -0.042188
0 0.164062 0.069531 -0.046875 -0.039062
0 0.172656 0.083594 -0.032813 -0.039062
0 0.183594 0.098437 -0.042188 -0.037500
0 0.184375 0.131250 -0.050000 -0.043750
0 0.201563 0.164844 -0.053125 -0.039062
0 0.214844 0.194531 -0.045312 -0.039062
0 0.223438 0.225781 -0.046875 -0.035937
0 0.235937 0.255469 -0.043750 -0.045312
0 0.249219 0.284375 -0.035937 -0.040625
0 0.257031 0.314063 -0.045312 -0.025000
0 0.273438 0.331250 -0.025000 -0.031250
0 0.263281 0.350781 -0.051562 -0.035937
0 0.266406 0.378906 -0.042188 -0.035937
0 0.287500 0.403125 -0.050000 -0.037500
0 0.272656 0.428906 -0.020313 -0.020313
0 0.296094 0.435156 -0.048438 -0.032813
0 0.294531 0.469531 -0.039062 -0.032813
0 0.320312 0.468750 -0.028125 -0.037500
0 0.317188 0.501563 -0.050000 -0.046875
0 0.326562 0.531250 -0.037500 -0.037500
0 0.350781 0.517188 -0.017188 -0.046875
0 0.354687 0.555469 -0.009375 -0.032813
0 0.334375 0.565625 -0.037500 -0.031250
0 0.350000 0.589844 -0.046875 -0.042188
0 0.364844 0.621875 -0.029687 -0.040625
0 0.368750 0.651563 -0.040625 -0.034375
0 0.380469 0.678125 -0.045312 -0.034375
0 0.390625 0.709375 -0.040625 -0.050000
0 0.393750 0.741406 -0.050000 -0.029687
0 0.404687 0.776563 -0.037500 -0.053125
0 0.423438 0.809375 -0.037500 -0.028125
0 0.432812 0.842969 -0.034375 -0.045312
0 0.441406 0.879687 -0.032813 -0.037500
0 0.450781 0.906250 -0.042188 -0.025000
0 0.463281 0.928906 -0.035937 -0.042188
0 0.467187 0.957031 -0.037500 -0.032813
0 0.481250 0.982031 0.037500 0.032813
0 0.521094 0.982031 0.048438 0.029687
0 0.512500 0.959375 0.043750 0.037500
0 0.562500 0.982031 0.050000 0.032813
0 0.611719 0.985938 0.045312 0.025000
0 0.596875 0.963281 0.040625 0.035937
0 0.551562 0.946094 0.034375 0.029687
0 0.507812 0.933594 0.043750 0.032813
0 0.502344 0.909375 0.048438 0.031250
0 0.539062 0.889062 0.028125 0.050000
0 0.520312 0.861719 0.043750 0.045312
0 0.482031 0.874219 0.045312 0.042188
0 0.471094 0.847656 0.048438 0.042188
0 0.545312 0.903125 0.012500 0.021875
0 0.468750 0.823438 0.037500 0.028125
0 0.459375 0.800000 0.050000 0.034375
0 0.475781 0.800781 0.017188 0.020313
0 0.445312 0.768750 0.050000 0.037500
0 0.434375 0.732812 0.053125 0.034375
0 0.432031 0.704688 0.039062 0.043750
0 0.418750 0.679688 0.043750 0.040625
0 0.410156 0.652344 0.051562 0.039062
0 0.409375 0.639062 0.037500 0.021875
0 0.400781 0.610938 0.042188 0.043750
0 0.380469 0.572656 0.045312 0.039062
0 0.371875 0.540625 0.037500 0.021875
0 0.379688 0.517969 0.028125 0.023438
0 0.364063 0.499219 0.031250 0.039062
0 0.350781 0.471875 0.039062 0.037500
0 0.342187 0.436719 0.034375 0.042188
0 0.360938 0.449219 0.018750 0.017188
0 0.342187 0.419531 0.018750 0.023438
0 0.330469 0.402344 0.029687 0.032813
0 0.316406 0.378125 0.042188 0.031250
0 0.311719 0.350000 0.048438 0.043750
0 0.303906 0.321094 0.042188 0.026562
0 0.289062 0.292969 0.046875 0.042188
0 0.276562 0.253125 0.043750 0.050000
0 0.287500 0.258594 0.021875 0.032813
0 0.269531 0.213281 0.039062 0.042188
0 0.248438 0.182031 0.037500 0.035937
0 0.239844 0.146875 0.048438 0.046875
0 0.217188 0.114062 0.031250 0.043750
0 0.228125 0.113281 0.040625 0.039062
0 0.214062 0.074219 0.046875 0.042188
0 0.194531 0.045312 0.042188 0.037500
0 0.189062 0.017969 -0.043750 -0.035937
0 0.514844 0.837500 -0.035937 -0.028125
0 0.509375 0.812500 -0.028125 -0.034375
0 0.498437 0.778125 -0.037500 -0.050000
0 0.493750 0.757031 -0.025000 -0.042188
0 0.475781 0.733594 -0.026562 -0.054688
0 0.480469 0.714063 -0.045312 -0.037500
0 0.462500 0.686719 -0.037500 -0.026562
0 0.454688 0.656250 -0.037500 -0.043750
0 0.443750 0.625000 -0.050000 -0.034375
0 0.436719 0.596875 -0.057813 -0.037500
0 0.434375 0.571875 -0.028125 -0.021875
0 0.418750 0.561719 -0.043750 -0.035937
0 0.407813 0.521094 -0.034375 -0.064062
0 0.404687 0.510156 -0.021875 -0.035937
0 0.391406 0.475000 -0.035937 -0.050000
0 0.390625 0.441406 -0.025000 -0.032813
0 0.374219 0.416406 -0.039062 -0.048438
0 0.357812 0.382812 -0.043750 -0.031250
0 0.357031 0.356250 -0.032813 -0.031250
0 0.342969 0.327344 0.035937 0.035937
0 0.333594 0.298438 -0.035937 -0.021875
0 0.354687 0.282031 -0.018750 -0.029687
0 0.321875 0.263281 -0.050000 -0.035937
0 0.304688 0.222656 -0.034375 -0.045312
0 0.300000 0.195312 -0.021875 -0.021875
0 0.284375 0.165625 -0.040625 -0.043750
0 0.274219 0.131250 -0.035937 -0.037500
0 0.260937 0.098437 -0.046875 -0.053125
0 0.270313 0.067969 -0.021875 -0.045312
0 0.249219 0.066406 -0.017188 -0.014063
0 0.251563 0.036719 -0.028125 -0.026562
0 0.236719 0.022656 -0.042188 -0.042188
0 0.267969 0.020313 -0.026562 -0.037500
0 0.289844 0.029687 -0.020313 -0.028125
0 0.296875 0.062500 -0.031250 -0.053125
0 0.308594 0.114062 -0.048438 -0.053125
0 0.322656 0.153906 -0.039062 -0.051562
0 0.585156 0.931250 -0.051562 -0.043750
0 0.575781 0.898438 -0.042188 -0.037500
0 0.567969 0.876563 -0.048438 -0.037500
0 0.563281 0.850781 -0.042188 -0.035937
0 0.547656 0.825000 -0.035937 -0.040625
0 0.542188 0.798438 -0.050000 -0.043750
0 0.544531 0.762500 -0.020313 -0.034375
0 0.526563 0.758594 -0.037500 -0.023438
0 0.524219 0.726562 -0.039062 -0.050000
0 0.514844 0.718750 0.026562 0.028125
0 0.517969 0.685937 -0.026562 -0.034375
0 0.525781 0.681250 0.010937 0.012500
0 0.496875 0.665625 -0.040625 -0.050000
0 0.489063 0.626563 -0.056250 -0.034375
0 0.510156 0.628906 0.014063 0.020313
0 0.486719 0.603125 -0.042188 -0.034375
0 0.483594 0.589063 -0.039062 -0.025000
0 0.466406 0.565625 -0.045312 -0.034375
0 0.453125 0.537500 -0.050000 -0.037500
0 0.447656 0.509375 -0.042188 -0.028125
0 0.440625 0.488281 -0.046875 -0.029687
0 0.425000 0.470313 -0.034375 -0.031250
0 0.444531 0.453906 -0.017188 -0.032813
0 0.425000 0.441406 -0.034375 -0.032813
0 0.414062 0.411719 -0.040625 -0.042188
0 0.401562 0.382031 -0.050000 -0.029687
0 0.414062 0.353906 -0.012500 -0.042188
0 0.394531 0.335938 -0.035937 -0.053125
0 0.367188 0.326562 -0.031250 -0.056250
0 0.376563 0.296875 -0.037500 -0.040625
0 0.363281 0.262500 -0.026562 -0.040625
0 0.346094 0.238281 -0.039062 -0.039062
0 0.352344 0.210938 -0.023438 -0.031250
0 0.330469 0.203125 -0.042188 -0.050000
0 0.317188 0.013281 -0.034375 -0.026562
0 0.653906 0.988281 0.039062 0.020313
0 0.707812 0.992969 0.034375 0.010937
0 0.694531 0.979688 0.039062 0.028125
0 0.658594 0.968750 0.039062 0.028125
0 0.640625 0.957812 0.040625 0.034375
0 0.653125 0.938281 0.021875 0.017188
0 0.628906 0.932031 0.039062 0.026562
0 0.620313 0.919531 0.021875 0.035937
0 0.639062 0.913281 0.021875 0.032813
0 0.621875 0.889062 0.031250 0.021875
0 0.610156 0.868750 -0.032813 -0.028125
0 0.594531 0.853906 -0.026562 -0.035937
0 0.610156 0.849219 -0.020313 -0.042188
0 0.600000 0.835938 -0.037500 -0.037500
0 0.588281 0.806250 -0.045312 -0.043750
0 0.594531 0.814844 0.032813 0.023438
0 0.589063 0.760938 -0.037500 -0.046875
0 0.562500 0.757812 -0.025000 -0.034375
0 0.573438 0.726562 -0.031250 -0.037500
0 0.554688 0.714063 -0.037500 -0.021875
0 0.562500 0.703906 -0.037500 -0.035937
0 0.550781 0.670312 -0.039062 -0.034375
0 0.528125 0.645312 -0.028125 -0.025000
0 0.552344 0.642188 -0.029687 -0.037500
0 0.534375 0.622656 -0.046875 -0.035937
0 0.542188 0.600781 -0.018750 -0.035937
0 0.520312 0.589844 -0.043750 -0.032813
0 0.507812 0.557813 -0.050000 -0.037500
0 0.511719 0.536719 -0.014063 -0.020313
0 0.496094 0.521875 -0.039062 -0.040625
0 0.485938 0.495312 -0.034375 -0.028125
0 0.482031 0.475781 -0.032813 -0.023438
0 0.465625 0.452344 -0.043750 -0.035937
0 0.452344 0.430469 -0.026562 -0.042188
0 0.471875 0.423438 -0.018750 -0.025000
0 0.449219 0.388281 -0.035937 -0.039062
0 0.435156 0.354687 -0.042188 -0.050000
0 0.428906 0.330469 -0.014063 -0.029687
0 0.417969 0.301563 -0.048438 -0.056250
0 0.418750 0.314844 0.031250 0.026562
0 0.398438 0.292187 0.012500 0.025000
0 0.412500 0.264844 -0.021875 -0.029687
0 0.394531 0.266406 -0.020313 -0.020313
0 0.376563 0.254688 -0.025000 -0.028125
0 0.392188 0.234375 -0.043750 -0.031250
0 0.382031 0.197656 -0.039062 -0.054688
0 0.367188 0.160156 -0.040625 -0.045312
0 0.371875 0.153125 -0.028125 -0.025000
0 0.353906 0.113281 -0.032813 -0.051562
0 0.332031 0.083594 -0.014063 -0.045312
0 0.354687 0.066406 -0.025000 -0.054688
0 0.328125 0.042188 -0.043750 -0.040625
0 0.321875 0.033594 -0.015625 -0.020313
0 0.353906 0.014063 -0.035937 -0.025000
0 0.364844 0.033594 -0.032813 -0.029687
0 0.683594 0.949219 -0.045312 -0.035937
0 0.673438 0.917188 -0.040625 -0.046875
0 0.661719 0.892188 -0.029687 -0.040625
0 0.640625 0.872656 -0.040625 -0.032813
0 0.662500 0.854688 -0.018750 -0.031250
0 0.635938 0.840625 -0.034375 -0.037500
0 0.657031 0.830469 -0.032813 -0.020313
0 0.635938 0.799219 -0.040625 -0.048438
0 0.618750 0.770312 -0.025000 -0.046875
0 0.632812 0.760938 -0.018750 -0.018750
0 0.629687 0.744531 -0.015625 -0.020313
0 0.617188 0.736719 -0.018750 -0.023438
0 0.604688 0.724219 -0.034375 -0.032813
0 0.600000 0.689844 -0.037500 -0.045312
0 0.587500 0.643750 -0.031250 -0.037500
0 0.564063 0.618750 -0.025000 -0.028125
0 0.589063 0.615625 -0.018750 -0.031250
0 0.574219 0.596875 -0.039062 -0.031250
0 0.560156 0.575781 -0.029687 -0.020313
0 0.546094 0.557031 -0.039062 -0.023438
0 0.538281 0.537500 -0.039062 -0.025000
0 0.534375 0.508594 -0.037500 -0.048438
0 0.532031 0.478906 -0.017188 -0.051562
0 0.509375 0.468750 -0.040625 -0.043750
0 0.524219 0.453125 0.020313 0.031250
0 0.501563 0.435156 -0.040625 -0.032813
0 0.492969 0.408594 -0.042188 -0.029687
0 0.493750 0.377344 -0.021875 -0.032813
0 0.475781 0.389844 -0.032813 -0.017188
0 0.477344 0.370312 -0.029687 -0.015625
0 0.459375 0.360156 -0.012500 -0.017188
0 0.466406 0.346094 -0.045312 -0.035937
0 0.476562 0.327344 -0.031250 -0.042188
0 0.461719 0.305469 -0.042188 -0.029687
0 0.466406 0.277344 -0.014063 -0.035937
0 0.445312 0.267969 -0.031250 -0.048438
0 0.437500 0.232813 -0.031250 -0.031250
0 0.441406 0.214062 -0.014063 -0.034375
0 0.422656 0.212500 -0.048438 -0.031250
0 0.426563 0.185156 -0.028125 -0.032813
0 0.404687 0.167187 -0.025000 -0.056250
0 0.419531 0.160156 -0.020313 -0.042188
0 0.394531 0.128125 -0.048438 -0.046875
0 0.409375 0.104688 -0.018750 -0.037500
0 0.387500 0.092969 -0.018750 -0.032813
0 0.381250 0.075000 -0.028125 -0.028125
0 0.376563 0.056250 -0.025000 -0.031250
0 0.743750 0.989062 0.031250 0.015625
0 0.735156 0.967969 -0.045312 -0.045312
0 0.722656 0.953906 -0.035937 -0.039062
0 0.722656 0.939063 -0.032813 -0.025000
0 0.724219 0.916406 -0.029687 -0.035937
0 0.700781 0.910156 -0.039062 -0.029687
0 0.708594 0.892188 -0.048438 -0.025000
0 0.695312 0.870313 -0.046875 -0.043750
0 0.694531 0.845313 -0.039062 -0.028125
0 0.687500 0.821094 -0.025000 -0.023438
0 0.704688 0.817969 -0.015625 -0.023438
0 0.669531 0.794531 -0.020313 -0.042188
0 0.685937 0.793750 -0.028125 -0.025000
0 0.646875 0.759375 -0.012500 -0.034375
0 0.660937 0.751563 -0.021875 -0.043750
0 0.679688 0.764062 -0.034375 -0.040625
0 0.686719 0.758594 -0.010937 -0.026562
0 0.650000 0.719531 -0.050000 -0.039062
0 0.653906 0.706250 0.029687 0.062500
0 0.632812 0.668750 -0.037500 -0.043750
0 0.633594 0.634375 -0.032813 -0.050000
0 0.610938 0.617188 -0.040625 -0.093750
0 0.592969 0.559375 -0.045312 -0.046875
0 0.593750 0.522656 -0.015625 -0.020313
0 0.570312 0.514844 0.050000 0.045312
0 0.575781 0.492188 -0.042188 -0.034375
0 0.544531 0.450000 -0.017188 -0.062500
0 0.568750 0.451562 -0.028125 -0.043750
0 0.547656 0.417969 -0.042188 -0.032813
0 0.532813 0.400781 -0.037500 -0.026562
0 0.525781 0.384375 -0.039062 -0.037500
0 0.515625 0.342187 -0.050000 -0.040625
0 0.507812 0.310937 -0.040625 -0.031250
0 0.494531 0.287500 -0.048438 -0.037500
0 0.503906 0.265625 -0.014063 -0.025000
0 0.486719 0.250781 -0.039062 -0.029687
0 0.471094 0.215625 -0.045312 -0.053125
0 0.453906 0.181250 -0.042188 -0.031250
0 0.449219 0.157031 -0.026562 -0.029687
0 0.442188 0.155469 -0.018750 -0.029687
0 0.449219 0.136719 -0.023438 -0.017188
0 0.434375 0.121094 -0.031250 -0.035937
0 0.434375 0.092188 -0.015625 -0.025000
0 0.416406 0.066406 -0.045312 -0.039062
0 0.415625 0.039062 -0.028125 -0.037500
0 0.392969 0.032031 -0.042188 -0.064062
0 0.584375 0.453125 0.012500 0.025000
0 0.777344 0.983594 0.039062 0.029687
0 0.811719 0.985938 0.029687 0.021875
0 0.833594 0.982812 0.023438 0.028125
0 0.772656 0.971094 -0.023438 -0.023438
0 0.763281 0.958594 -0.026562 -0.017188
0 0.781250 0.940625 0.009375 0.018750
0 0.755469 0.931250 -0.032813 -0.037500
0 0.757031 0.903125 -0.026562 -0.015625
0 0.751563 0.885156 -0.028125 -0.029687
0 0.736719 0.877344 -0.029687 -0.026562
0 0.749219 0.865625 -0.026562 -0.015625
0 0.735938 0.858594 -0.040625 -0.023438
0 0.734375 0.841406 -0.034375 -0.035937
0 0.733594 0.825000 -0.029687 -0.034375
0 0.719531 0.801562 -0.026562 -0.034375
0 0.710156 0.779687 -0.032813 -0.037500
0 0.702344 0.748437 -0.035937 -0.050000
0 0.700781 0.716406 -0.026562 -0.048438
0 0.685937 0.721875 -0.012500 -0.018750
0 0.689844 0.701562 -0.026562 -0.040625
0 0.676562 0.671875 -0.040625 -0.025000
0 0.683594 0.650781 -0.035937 -0.042188
0 0.669531 0.648438 -0.029687 -0.021875
0 0.656250 0.611719 -0.037500 -0.042188
0 0.651563 0.587500 -0.021875 -0.028125
0 0.635156 0.590625 -0.026562 -0.034375
0 0.635938 0.560937 -0.037500 -0.034375
0 0.628906 0.535937 -0.026562 -0.031250
0 0.609375 0.517188 -0.034375 -0.031250
0 0.627344 0.507031 -0.026562 -0.032813
0 0.609375 0.483594 -0.031250 -0.029687
0 0.600000 0.460938 -0.031250 -0.037500
0 0.605469 0.450000 -0.014063 -0.021875
0 0.593750 0.420312 -0.037500 -0.056250
0 0.592969 0.403906 -0.020313 -0.023438
0 0.569531 0.404687 -0.039062 -0.028125
0 0.572656 0.378906 -0.039062 -0.048438
0 0.558594 0.371875 -0.029687 -0.037500
0 0.565625 0.340625 -0.021875 -0.031250
0 0.547656 0.341406 -0.023438 -0.029687
0 0.562500 0.312500 -0.018750 -0.031250
0 0.555469 0.310156 -0.023438 -0.029687
0 0.535156 0.288281 -0.035937 -0.073438
0 0.521875 0.228125 -0.037500 -0.028125
0 0.513281 0.195312 -0.042188 -0.050000
0 0.494531 0.186719 -0.035937 -0.032813
0 0.471875 0.165625 -0.028125 -0.034375
0 0.524219 0.292969 -0.014063 -0.045312
0 0.506250 0.171875 -0.031250 -0.025000
0 0.489844 0.144531 -0.039062 -0.035937
0 0.468750 0.118750 -0.031250 -0.040625
0 0.485938 0.108594 -0.021875 -0.039062
0 0.466406 0.093750 -0.032813 -0.018750
0 0.464062 0.075781 -0.034375 -0.032813
0 0.460938 0.042969 -0.025000 -0.045312
0 0.448437 0.047656 -0.031250 -0.051562
0 0.438281 0.016406 -0.039062 -0.032813
0 0.859375 0.985938 0.025000 0.021875
0 0.891406 0.986719 0.032813 0.023438
0 0.896094 0.989062 0.020313 0.015625
0 0.932813 0.987500 0.050000 0.021875
0 0.980469 0.980469 0.032813 0.029687
0 0.932813 0.965625 0.037500 0.031250
0 0.895312 0.963281 0.031250 0.029687
0 0.863281 0.964063 0.029687 0.025000
0 0.795312 0.957812 0.028125 0.025000
0 0.822656 0.954688 0.029687 0.037500
0 0.789844 0.925000 0.026562 0.034375
0 0.808594 0.921875 0.023438 0.034375
0 0.841406 0.932031 0.035937 0.035937
0 0.876563 0.931250 0.028125 0.031250
0 0.901563 0.933594 0.021875 0.032813
0 0.933594 0.938281 0.017188 0.020313
0 0.925781 0.928125 0.020313 0.040625
0 0.969531 0.949219 0.048438 0.039062
0 0.977344 0.917188 0.020313 0.021875
0 0.953906 0.903125 0.042188 0.050000
0 0.989062 0.900000 0.015625 0.053125
0 0.985938 0.873437 0.021875 0.050000
0 0.874219 0.903125 0.020313 0.025000
0 0.917188 0.895312 0.034375 0.034375
0 0.894531 0.907813 0.020313 0.015625
0 0.782031 0.888281 0.026562 0.029687
0 0.771875 0.857031 0.021875 0.029687
0 0.766406 0.827344 0.020313 0.026562
0 0.755469 0.799219 0.035937 0.026562
0 0.751563 0.767188 0.043750 0.034375
0 0.746875 0.745313 -0.021875 -0.040625
0 0.735938 0.742969 -0.034375 -0.035937
0 0.732812 0.717969 -0.037500 -0.023438
0 0.719531 0.698438 -0.035937 -0.018750
0 0.729688 0.682031 -0.031250 -0.014063
0 0.719531 0.675781 0.023438 0.023438
0 0.710938 0.651563 0.025000 0.031250
0 0.707031 0.624219 0.035937 0.026562
0 0.685937 0.620313 0.018750 0.018750
0 0.711719 0.601562 0.023438 0.025000
0 0.683594 0.590625 -0.035937 -0.028125
0 0.674219 0.565625 -0.029687 -0.028125
0 0.661719 0.546094 -0.029687 -0.023438
0 0.657813 0.520312 -0.031250 -0.040625
0 0.641406 0.491406 -0.039062 -0.029687
0 0.657813 0.525781 -0.018750 -0.023438
0 0.496094 0.353125 0.010937 0.015625
0 0.710156 0.575781 -0.017188 -0.020313
0 0.692187 0.549219 -0.034375 -0.054688
0 0.683594 0.525000 -0.039062 -0.050000
0 0.684375 0.506250 -0.025000 -0.021875
0 0.674219 0.492969 -0.026562 -0.032813
0 0.675781 0.474219 -0.023438 -0.042188
0 0.659375 0.491406 0.012500 0.026562
0 0.639062 0.464062 -0.034375 -0.043750
0 0.631250 0.435156 -0.043750 -0.039062
0 0.623437 0.428125 -0.015625 -0.025000
0 0.635938 0.418750 -0.031250 -0.031250
0 0.618750 0.393750 -0.031250 -0.028125
0 0.607031 0.375781 -0.035937 -0.023438
0 0.610156 0.352344 -0.026562 -0.045312
0 0.592969 0.335156 -0.035937 -0.029687
0 0.590625 0.307812 -0.034375 -0.037500
0 0.575781 0.278125 -0.048438 -0.043750
0 0.570312 0.250781 -0.034375 -0.032813
0 0.549219 0.234375 -0.032813 -0.040625
0 0.553125 0.216406 -0.040625 -0.020313
0 0.559375 0.201563 -0.025000 -0.037500
0 0.539062 0.184375 -0.031250 -0.034375
0 0.530469 0.153125 -0.039062 -0.043750
0 0.529687 0.121094 -0.034375 -0.029687
0 0.511719 0.113281 -0.026562 -0.026562
0 0.501563 0.084375 -0.050000 -0.056250
0 0.511719 0.068750 -0.014063 -0.021875
0 0.485938 0.043750 -0.034375 -0.031250
0 0.468750 0.014844 -0.031250 -0.029687
0 0.493750 0.015625 -0.018750 -0.031250
0 0.808594 0.880469 -0.023438 -0.035937
0 0.787500 0.847656 -0.034375 -0.054688
0 0.805469 0.844531 -0.035937 -0.035937
0 0.794531 0.817187 -0.054688 -0.031250
0 0.787500 0.790625 -0.037500 -0.034375
0 0.810937 0.793750 -0.012500 -0.018750
0 0.803125 0.764062 -0.015625 -0.040625
0 0.778906 0.767188 -0.039062 -0.018750
0 0.784375 0.748437 -0.028125 -0.025000
0 0.767188 0.715625 -0.028125 -0.068750
0 0.788281 0.721875 -0.014063 -0.037500
0 0.769531 0.673438 -0.014063 -0.028125
0 0.750781 0.702344 -0.020313 -0.039062
0 0.745313 0.673438 -0.037500 -0.018750
0 0.746094 0.654687 -0.045312 -0.021875
0 0.775000 0.646094 -0.025000 -0.029687
0 0.751563 0.642969 -0.043750 -0.029687
0 0.733594 0.616406 -0.035937 -0.048438
0 0.757031 0.619531 -0.017188 -0.039062
0 0.739062 0.592187 -0.043750 -0.021875
0 0.746875 0.578906 -0.009375 -0.020313
0 0.720313 0.569531 -0.031250 -0.023438
0 0.732031 0.551562 -0.035937 -0.034375
0 0.744531 0.552344 0.014063 0.029687
0 0.716406 0.539062 -0.039062 -0.025000
0 0.713281 0.519531 -0.026562 -0.014063
0 0.707812 0.502344 -0.021875 -0.032813
0 0.701562 0.480469 -0.021875 -0.026562
0 0.698438 0.446094 -0.015625 -0.039062
0 0.673438 0.443750 -0.040625 -0.025000
0 0.674219 0.409375 -0.045312 -0.034375
0 0.646875 0.401562 -0.021875 -0.031250
0 0.666406 0.378906 -0.020313 -0.029687
0 0.641406 0.357031 -0.045312 -0.032813
0 0.642188 0.335156 -0.046875 -0.032813
0 0.634375 0.315625 -0.040625 -0.021875
0 0.615625 0.303906 -0.018750 -0.029687
0 0.630469 0.294531 -0.045312 -0.048438
0 0.610156 0.252344 -0.048438 -0.039062
0 0.600000 0.229687 -0.050000 -0.034375
0 0.608594 0.189844 -0.020313 -0.060937
0 0.596094 0.196875 -0.020313 -0.028125
0 0.583594 0.200000 -0.023438 -0.028125
0 0.575781 0.161719 -0.035937 -0.042188
0 0.563281 0.120313 -0.039062 -0.050000
0 0.555469 0.132031 -0.020313 -0.017188
0 0.540625 0.071875 -0.046875 -0.056250
0 0.553906 0.074219 0.020313 -0.042188
0 0.529687 0.042188 -0.046875 -0.037500
0 0.515625 0.043750 -0.021875 -0.025000
0 0.534375 0.023438 -0.025000 -0.015625
0 0.504687 0.001563 0.000000 0.000000
0 0.836719 0.892969 -0.048438 -0.042188
0 0.832812 0.862500 -0.021875 -0.043750
0 0.845313 0.773438 -0.012500 -0.037500
0 0.825781 0.796875 -0.026562 -0.031250
0 0.828906 0.780469 -0.020313 -0.032813
0 0.839063 0.826562 -0.034375 -0.037500
0 0.843750 0.835938 0.034375 0.015625
0 0.858594 0.880469 -0.032813 -0.032813
0 0.890625 0.895312 -0.025000 -0.031250
0 0.867969 0.862500 -0.042188 -0.037500
0 0.873437 0.857031 -0.018750 -0.026562
0 0.907031 0.869531 -0.029687 -0.032813
0 0.905469 0.853125 -0.023438 -0.034375
0 0.878125 0.835938 -0.050000 -0.025000
0 0.900781 0.835938 -0.029687 -0.034375
0 0.941406 0.868750 -0.032813 -0.021875
0 0.955469 0.857031 -0.023438 -0.032813
0 0.928906 0.848437 -0.023438 -0.034375
0 0.950000 0.825781 -0.012500 -0.026562
0 0.931250 0.814063 -0.028125 -0.037500
0 0.985156 0.832812 0.026562 0.028125
0 0.865625 0.811719 -0.031250 -0.035937
0 0.860156 0.789062 -0.020313 -0.025000
0 0.832812 0.747656 -0.025000 -0.035937
0 0.807813 0.735938 -0.028125 -0.056250
0 0.813281 0.721875 -0.051562 -0.025000
0 0.811719 0.694531 -0.029687 -0.026562
0 0.789844 0.671875 -0.035937 -0.050000
0 0.814844 0.680469 -0.020313 -0.032813
0 0.800781 0.655469 -0.042188 -0.020313
0 0.805469 0.634375 -0.017188 -0.028125
0 0.790625 0.614844 0.046875 0.039062
0 0.777344 0.592187 -0.048438 -0.031250
0 0.778125 0.584375 -0.046875 -0.028125
0 0.788281 0.553125 -0.014063 -0.037500
0 0.767188 0.559375 -0.050000 -0.021875
0 0.766406 0.551562 -0.051562 -0.028125
0 0.747656 0.521094 -0.073438 -0.026562
0 0.760156 0.503906 -0.023438 -0.026562
0 0.734375 0.496094 -0.040625 -0.032813
0 0.731250 0.475781 -0.046875 -0.048438
0 0.721094 0.438281 -0.039062 -0.042188
0 0.704688 0.400000 -0.043750 -0.050000
0 0.715625 0.409375 0.025000 0.028125
0 0.684375 0.353125 -0.046875 -0.040625
0 0.678125 0.322656 -0.043750 -0.045312
0 0.666406 0.291406 -0.048438 -0.032813
0 0.657031 0.264844 -0.042188 -0.032813
0 0.631250 0.233594 -0.028125 -0.045312
0 0.660156 0.234375 -0.023438 -0.021875
0 0.641406 0.213281 -0.035937 -0.020313
0 0.628125 0.182812 -0.037500 -0.040625
0 0.616406 0.151562 -0.048438 -0.037500
0 0.590625 0.132031 -0.025000 -0.051562
0 0.603906 0.123438 -0.045312 -0.056250
0 0.586719 0.065625 -0.029687 -0.078125
0 0.567187 0.064062 -0.025000 -0.059375
0 0.575781 0.032031 -0.039062 -0.026562
0 0.525000 0.000000 0.000000 0.000000
0 0.596094 0.011719 -0.045312 -0.020313
0 0.545312 0.013281 -0.025000 -0.023438
0 0.516406 0.012500 -0.026562 -0.021875
0 0.563281 0.012500 -0.023438 -0.021875
0 0.639062 0.015625 -0.028125 -0.028125
0 0.625000 0.012500 -0.012500 -0.021875
0 0.682813 0.012500 -0.037500 -0.021875
0 0.703125 0.000000 0.000000 0.000000
0 0.763281 0.012500 -0.042188 -0.021875
0 0.720313 0.007031 -0.031250 -0.014063
0 0.650781 0.018750 -0.042188 -0.025000
0 0.607031 0.025781 -0.035937 -0.026562
0 0.621875 0.050000 -0.028125 -0.031250
0 0.626563 0.079687 -0.034375 -0.037500
0 0.630469 0.072656 0.023438 0.020313
0 0.637500 0.114844 -0.037500 -0.039062
0 0.647656 0.146094 -0.042188 -0.035937
0 0.668750 0.169531 -0.021875 -0.020313
0 0.650000 0.175000 -0.018750 -0.021875
0 0.662500 0.201563 -0.059375 -0.037500
0 0.685937 0.200781 0.015625 -0.035937
0 0.692969 0.255469 -0.026562 -0.023438
0 0.687500 0.234375 -0.028125 -0.028125
0 0.694531 0.272656 -0.032813 -0.026562
0 0.707031 0.300000 -0.029687 -0.031250
0 0.701562 0.327344 -0.034375 -0.032813
0 0.722656 0.328125 -0.020313 -0.043750
0 0.724219 0.361719 -0.035937 -0.032813
0 0.742969 0.388281 -0.032813 -0.035937
0 0.758594 0.432812 -0.020313 -0.018750
0 0.748437 0.425000 -0.040625 -0.037500
0 0.757812 0.455469 -0.037500 -0.029687
0 0.771094 0.481250 -0.023438 -0.040625
0 0.791406 0.511719 -0.035937 -0.039062
0 0.802344 0.525000 0.014063 0.012500
0 0.804688 0.547656 -0.031250 -0.035937
0 0.819531 0.584375 -0.035937 -0.037500
0 0.807813 0.583594 -0.018750 -0.032813
0 0.827344 0.578125 -0.014063 -0.021875
0 0.825000 0.613281 -0.018750 -0.017188
0 0.832812 0.630469 -0.028125 -0.035937
0 0.839844 0.658594 -0.035937 -0.023438
0 0.846875 0.687500 -0.040625 -0.037500
0 0.852344 0.717969 -0.042188 -0.026562
0 0.862500 0.738281 -0.034375 -0.032813
0 0.885156 0.775000 -0.017188 -0.037500
0 0.866406 0.773438 -0.023438 -0.037500
0 0.903125 0.802344 -0.018750 -0.032813
0 0.893750 0.807813 -0.021875 -0.028125
0 0.943750 0.903906 -0.018750 -0.045312
0 0.969531 0.817187 -0.017188 -0.021875
0 0.957812 0.799219 -0.021875 -0.023438
0 0.925000 0.778125 -0.034375 -0.031250
0 0.946875 0.766406 -0.018750 -0.045312
0 0.967969 0.775781 -0.023438 -0.023438
0 0.964063 0.757812 -0.015625 -0.018750
0 0.982812 0.807031 -0.018750 -0.051562
0 0.988281 0.782031 0.020313 0.048438
0 0.987500 0.771094 0.012500 0.014063
0 0.984375 0.734375 0.025000 0.037500
0 0.902344 0.754687 -0.048438 -0.018750
0 0.917969 0.746875 -0.026562 -0.028125
0 0.923438 0.721875 -0.015625 -0.028125
0 0.892188 0.734375 -0.028125 -0.031250
0 0.907031 0.714063 -0.014063 -0.034375
0 0.905469 0.704688 -0.010937 -0.015625
0 0.885938 0.709375 -0.025000 -0.018750
0 0.886719 0.687500 -0.035937 -0.031250
0 0.889062 0.665625 0.021875 0.015625
0 0.872656 0.653906 0.039062 0.020313
0 0.856250 0.642188 -0.028125 -0.025000
0 0.884375 0.642188 -0.015625 -0.018750
0 0.864062 0.618750 0.028125 0.025000
0 0.854688 0.585156 0.031250 0.042188
0 0.836719 0.551562 0.029687 0.021875
0 0.828906 0.519531 0.032813 0.029687
0 0.818750 0.496875 0.031250 0.028125
0 0.791406 0.475781 -0.026562 -0.039062
0 0.812500 0.473438 -0.034375 -0.028125
0 0.837500 0.439844 0.009375 0.020313
0 0.825000 0.440625 -0.009375 -0.021875
0 0.813281 0.436719 -0.007812 -0.017188
0 0.803125 0.457813 -0.031250 -0.028125
0 0.787500 0.444531 -0.021875 -0.026562
0 0.801562 0.433594 -0.021875 -0.032813
0 0.785937 0.418750 -0.031250 -0.040625
0 0.773438 0.384375 -0.034375 -0.046875
0 0.750000 0.351562 -0.012500 -0.031250
0 0.770312 0.353906 -0.021875 -0.029687
0 0.756250 0.329688 -0.037500 -0.028125
0 0.746094 0.314844 -0.029687 -0.020313
0 0.739844 0.298438 -0.039062 -0.018750
0 0.732812 0.271094 -0.043750 -0.032813
0 0.721094 0.273438 -0.020313 -0.025000
0 0.746094 0.265625 0.017188 0.018750
0 0.706250 0.237500 -0.025000 -0.046875
0 0.728906 0.241406 -0.017188 -0.039062
0 0.710156 0.214844 -0.029687 -0.023438
0 0.700000 0.176563 -0.021875 -0.053125
0 0.682813 0.150781 -0.025000 -0.042188
0 0.685156 0.142969 -0.035937 -0.029687
0 0.674219 0.119531 -0.029687 -0.026562
0 0.667188 0.093750 -0.040625 -0.021875
0 0.660937 0.071094 -0.031250 -0.023438
0 0.650000 0.050781 -0.040625 -0.020313
0 0.650000 0.037500 -0.037500 -0.018750
0 0.690625 0.035156 -0.040625 -0.026562
0 0.695312 0.054688 -0.043750 -0.021875
0 0.695312 0.074219 -0.043750 -0.029687
0 0.692187 0.099219 -0.031250 -0.048438
0 0.721875 0.114062 -0.034375 -0.053125
0 0.728125 0.152344 -0.037500 -0.039062
0 0.725781 0.190625 -0.029687 -0.034375
0 0.750000 0.196875 -0.025000 -0.043750
0 0.757812 0.236719 -0.034375 -0.035937
0 0.761719 0.221875 -0.023438 -0.028125
0 0.771875 0.267188 -0.034375 -0.031250
0 0.796094 0.300000 -0.014063 -0.018750
0 0.781250 0.298438 -0.040625 -0.034375
0 0.794531 0.325000 -0.032813 -0.050000
0 0.803906 0.355469 -0.045312 -0.017188
0 0.808594 0.375781 -0.045312 -0.026562
0 0.821094 0.405469 -0.042188 -0.039062
0 0.847656 0.468750 -0.029687 -0.028125
0 0.857812 0.496094 -0.031250 -0.029687
0 0.867188 0.526563 -0.043750 -0.034375
0 0.878125 0.533594 0.018750 0.017188
0 0.878906 0.560156 0.039062 0.035937
0 0.883594 0.582031 -0.017188 -0.048438
0 0.900000 0.589844 -0.034375 -0.032813
0 0.905469 0.621094 -0.039062 -0.039062
0 0.917969 0.638281 -0.032813 -0.032813
0 0.925000 0.662500 -0.034375 -0.034375
0 0.917188 0.684375 -0.018750 -0.040625
0 0.934375 0.692187 -0.028125 -0.028125
0 0.950781 0.726562 -0.039062 -0.037500
0 0.953906 0.692969 -0.017188 -0.051562
0 0.975000 0.695312 -0.031250 -0.037500
0 0.989844 0.700781 0.014063 0.023438
0 0.975000 0.671094 -0.025000 -0.023438
0 0.960156 0.653906 0.035937 0.017188
0 0.982031 0.644531 0.032813 0.057813
0 0.959375 0.639844 -0.021875 -0.020313
0 0.941406 0.621875 -0.035937 -0.040625
0 0.936719 0.597656 -0.032813 -0.029687
0 0.926562 0.572656 -0.031250 -0.026562
0 0.918750 0.553906 -0.034375 -0.026562
0 0.910156 0.534375 -0.035937 -0.025000
0 0.901563 0.515625 -0.021875 -0.025000
0 0.889062 0.488281 -0.037500 -0.035937
0 0.868750 0.470313 -0.015625 -0.021875
0 0.884375 0.463281 -0.034375 -0.023438
0 0.871875 0.442969 -0.034375 -0.029687
0 0.870313 0.422656 -0.028125 -0.020313
0 0.853906 0.403906 -0.042188 -0.026562
0 0.850000 0.377344 -0.028125 -0.026562
0 0.842187 0.357031 -0.028125 -0.032813
0 0.829688 0.335156 -0.034375 -0.029687
0 0.825781 0.312500 -0.023438 -0.031250
0 0.811719 0.283594 -0.026562 -0.039062
0 0.804688 0.252344 -0.031250 -0.035937
0 0.782813 0.233594 -0.028125 -0.020313
0 0.789062 0.211719 -0.037500 -0.035937
0 0.777344 0.182031 -0.026562 -0.029687
0 0.768750 0.144531 -0.037500 -0.051562
0 0.760156 0.097656 -0.035937 -0.054688
0 0.749219 0.061719 -0.042188 -0.032813
0 0.735938 0.031250 -0.040625 -0.046875
0 0.769531 0.034375 0.023438 -0.018750
0 0.782813 0.051562 -0.037500 -0.031250
0 0.789844 0.080469 -0.023438 -0.029687
0 0.800000 0.110156 -0.037500 -0.032813
0 0.808594 0.146875 -0.035937 -0.034375
0 0.811719 0.176563 -0.045312 -0.028125
0 0.799219 0.178125 -0.020313 -0.034375
0 0.825000 0.207813 -0.037500 -0.034375
0 0.826562 0.230469 0.028125 0.054688
0 0.846875 0.253125 0.037500 0.046875
0 0.846875 0.282813 0.050000 0.031250
0 0.858594 0.319531 0.039062 0.042188
0 0.850781 0.314063 -0.020313 -0.028125
0 0.875781 0.356250 -0.035937 -0.034375
0 0.881250 0.339062 -0.021875 -0.021875
0 0.890625 0.386719 -0.043750 -0.029687
0 0.918750 0.421875 0.012500 0.009375
0 0.897656 0.415625 -0.045312 -0.031250
0 0.909375 0.408594 0.015625 0.014063
0 0.919531 0.451562 -0.035937 -0.043750
0 0.919531 0.469531 0.026562 0.032813
0 0.931250 0.493750 0.050000 0.050000
0 0.943750 0.532813 0.034375 0.037500
0 0.955469 0.552344 0.039062 0.035937
0 0.954688 0.572656 0.015625 0.042188
0 0.974219 0.588281 0.023438 0.057813
0 0.984375 0.604688 0.018750 0.031250
0 0.987500 0.560937 0.018750 0.065625
0 0.982812 0.528125 0.018750 0.034375
0 0.979688 0.497656 0.034375 0.029687
0 0.972656 0.471875 0.032813 0.034375
0 0.955469 0.443750 0.035937 0.040625
0 0.939063 0.413281 0.040625 0.035937
0 0.930469 0.381250 0.039062 0.043750
0 0.914844 0.346875 0.039062 0.028125
0 0.900781 0.314063 0.039062 0.031250
0 0.893750 0.285938 0.043750 0.028125
0 0.895312 0.258594 0.056250 0.032813
0 0.912500 0.259375 0.025000 0.021875
0 0.868750 0.228125 0.046875 0.021875
0 0.864062 0.203906 0.037500 0.020313
0 0.856250 0.175781 0.050000 0.032813
0 0.838281 0.142969 0.023438 0.035937
0 0.864062 0.142969 0.018750 0.029687
0 0.842969 0.115625 0.035937 0.025000
0 0.815625 0.077344 0.018750 0.039062
0 0.842187 0.093750 0.031250 0.021875
0 0.839063 0.070312 -0.025000 -0.031250
0 0.813281 0.042969 -0.039062 -0.029687
0 0.782813 0.001563 0.000000 0.000000
0 0.827344 0.015625 -0.017188 -0.025000
0 0.790625 0.001563 0.000000 0.000000
0 0.850781 0.017969 -0.017188 -0.026562
0 0.805469 0.014844 -0.035937 -0.026562
0 0.862500 0.037500 -0.021875 -0.025000
0 0.869531 0.067969 -0.023438 -0.029687
0 0.843750 0.039062 -0.028125 -0.028125
0 0.877344 0.091406 -0.023438 -0.026562
0 0.882031 0.122656 -0.035937 -0.035937
0 0.886719 0.146094 -0.045312 -0.029687
0 0.897656 0.171875 -0.045312 -0.025000
0 0.904687 0.193750 0.040625 0.031250
0 0.914844 0.221094 0.039062 0.029687
0 0.933594 0.251563 0.020313 0.037500
0 0.939844 0.257812 0.023438 0.018750
0 0.938281 0.285156 0.048438 0.042188
0 0.935937 0.321094 0.025000 0.026562
0 0.958594 0.319531 0.023438 0.020313
0 0.957031 0.348438 0.042188 0.034375
0 0.971875 0.375000 0.037500 0.037500
0 0.982031 0.397656 0.029687 0.029687
0 0.801562 0.338281 0.018750 0.023438
0 0.972656 0.414844 0.017188 0.029687
0 0.990625 0.437500 0.015625 0.090625
0 0.990625 0.356250 0.015625 0.040625
0 0.984375 0.324219 0.009375 0.029687
0 0.992969 0.316406 0.010937 0.039062
0 0.975781 0.298438 0.023438 0.031250
0 0.990625 0.282031 0.012500 0.032813
0 0.969531 0.275781 0.023438 0.032813
0 0.967969 0.252344 0.032813 0.023438
0 0.953906 0.231250 0.026562 0.037500
0 0.983594 0.226562 0.023438 0.034375
0 0.992188 0.238281 0.009375 0.042188
0 0.991406 0.261719 0.010937 0.023438
0 0.948438 0.200000 0.031250 0.025000
0 0.938281 0.176563 0.039062 0.031250
0 0.925781 0.156250 -0.029687 -0.040625
0 0.917969 0.131250 -0.032813 -0.028125
0 0.921875 0.105469 0.031250 0.020313
0 0.904687 0.099219 -0.025000 -0.032813
0 0.910937 0.091406 -0.040625 -0.023438
0 0.903125 0.070312 -0.031250 -0.025000
0 0.882812 0.059375 -0.028125 -0.031250
0 0.897656 0.050000 -0.035937 -0.037500
0 0.904687 0.041406 -0.015625 -0.017188
0 0.882812 0.022656 -0.043750 -0.029687
0 0.882031 0.013281 -0.067187 -0.020313
0 0.970313 0.194531 -0.034375 -0.026562
0 0.992188 0.190625 0.009375 0.040625
0 0.967969 0.167187 0.026562 0.018750
0 0.952344 0.141406 0.026562 0.029687
0 0.943750 0.106250 0.018750 0.037500
0 0.935156 0.068750 0.029687 0.040625
0 0.931250 0.032031 0.037500 0.032813
0 0.929688 0.019531 -0.025000 -0.032813
0 0.956250 0.013281 -0.025000 -0.023438
0 0.985938 0.017188 0.025000 0.028125
0 0.958594 0.035937 0.029687 0.025000
0 0.958594 0.067187 0.017188 0.021875
0 0.957812 0.089844 0.015625 0.026562
0 0.972656 0.043750 0.023438 0.040625
0 0.993750 0.036719 0.009375 0.017188
0 0.989844 0.065625 0.014063 0.037500
0 0.967969 0.092188 -0.017188 -0.059375
0 0.988281 0.094531 0.020313 0.032813
0 0.978125 0.124219 0.025000 0.054688
0 0.992969 0.144531 0.007812 0.060937
