0 0.033594 0.980469 0.051562 0.032813
0 0.027344 0.957812 -0.048438 -0.028125
0 0.021094 0.931250 -0.039062 -0.034375
0 0.017188 0.900781 -0.031250 -0.035937
0 0.013281 0.867969 -0.026562 -0.045312
0 0.071094 0.985156 0.023438 0.026562
0 0.061719 0.964063 0.029687 0.021875
0 0.059375 0.944531 -0.025000 -0.020313
0 0.051562 0.912500 -0.028125 -0.025000
0 0.052344 0.883594 -0.035937 -0.029687
0 0.035937 0.842969 -0.037500 -0.029687
0 0.025000 0.807031 -0.025000 -0.032813
0 0.023438 0.780469 -0.028125 -0.017188
0 0.014063 0.746875 -0.025000 -0.043750
0 0.100781 0.984375 0.035937 0.028125
0 0.093750 0.956250 0.034375 0.031250
0 0.088281 0.930469 0.032813 0.029687
0 0.082812 0.901563 0.031250 0.040625
0 0.075781 0.871875 0.032813 0.025000
0 0.071875 0.850000 0.025000 0.015625
0 0.060937 0.825781 0.040625 0.029687
0 0.055469 0.795312 0.029687 0.031250
0 0.046875 0.765625 0.037500 0.031250
0 0.044531 0.739062 0.029687 0.031250
0 0.035937 0.706250 0.034375 0.040625
0 0.018750 0.666406 -0.037500 -0.035937
0 0.011719 0.628125 -0.023438 -0.043750
0 0.145313 0.983594 0.043750 0.029687
0 0.134375 0.954688 0.034375 0.028125
0 0.124219 0.924219 0.039062 0.035937
0 0.117969 0.891406 0.035937 0.026562
0 0.107813 0.861719 0.043750 0.029687
0 0.101562 0.832812 0.040625 0.037500
0 0.096875 0.802344 0.031250 0.032813
0 0.089844 0.778906 -0.035937 -0.029687
0 0.080469 0.748437 -0.032813 -0.031250
0 0.074219 0.717187 -0.039062 -0.025000
0 0.062500 0.685937 -0.043750 -0.034375
0 0.050781 0.650000 -0.042188 -0.034375
0 0.043750 0.609375 -0.037500 -0.037500
0 0.023438 0.569531 -0.046875 -0.035937
0 0.023438 0.530469 -0.043750 -0.042188
0 0.012500 0.473438 -0.025000 -0.062500
0 0.005469 0.422656 -0.007812 -0.029687
0 0.185156 0.982031 0.042188 0.032813
0 0.175000 0.945312 0.040625 0.034375
0 0.164844 0.910156 0.039062 0.029687
0 0.156250 0.875781 0.043750 0.039062
0 0.139063 0.836719 0.034375 0.039062
0 0.132031 0.796094 0.029687 0.035937
0 0.122656 0.756250 0.029687 0.037500
0 0.106250 0.716406 0.034375 0.035937
0 0.103906 0.676562 0.032813 0.037500
0 0.092188 0.642188 0.046875 0.034375
0 0.083594 0.605469 -0.042188 -0.045312
0 0.073438 0.571875 -0.043750 -0.043750
0 0.067187 0.536719 -0.031250 -0.042188
0 0.057031 0.497656 -0.045312 -0.029687
0 0.049219 0.467187 -0.045312 -0.043750
0 0.034375 0.432031 -0.037500 -0.039062
0 0.030469 0.401562 -0.039062 -0.046875
0 0.018750 0.365625 -0.034375 -0.040625
0 0.013281 0.320312 -0.023438 -0.065625
0 0.230469 0.989844 0.042188 0.017188
0 0.224219 0.964844 0.032813 0.029687
0 0.214062 0.939063 0.034375 0.034375
0 0.207031 0.907813 -0.042188 -0.034375
0 0.200000 0.880469 -0.037500 -0.029687
0 0.186719 0.851562 -0.035937 -0.031250
0 0.178125 0.817187 -0.050000 -0.034375
0 0.167187 0.781250 -0.040625 -0.037500
0 0.163281 0.743750 -0.039062 -0.031250
0 0.153125 0.709375 -0.043750 -0.037500
0 0.145313 0.678906 -0.046875 -0.035937
0 0.138281 0.646875 -0.039062 -0.034375
0 0.132812 0.614062 -0.050000 -0.031250
0 0.124219 0.585938 -0.042188 -0.028125
0 0.111719 0.553906 -0.039062 -0.048438
0 0.105469 0.521094 -0.029687 -0.020313
0 0.103906 0.500781 -0.026562 -0.023438
0 0.093750 0.480469 -0.037500 -0.029687
0 0.077344 0.432031 -0.048438 -0.070312
0 0.068750 0.388281 -0.034375 -0.032813
0 0.060937 0.365625 -0.028125 -0.025000
0 0.046875 0.333594 -0.046875 -0.064062
0 0.028125 0.263281 -0.053125 -0.067187
0 0.018750 0.178906 -0.034375 -0.104688
0 0.282813 0.993750 0.000000 0.000000
0 0.256250 0.954688 0.037500 0.034375
0 0.264844 0.979688 0.042188 0.034375
0 0.251563 0.925781 -0.037500 -0.026562
0 0.242188 0.903125 -0.040625 -0.037500
0 0.235156 0.865625 -0.048438 -0.037500
0 0.228125 0.832812 -0.050000 -0.040625
0 0.216406 0.786719 -0.054688 -0.039062
0 0.205469 0.746094 -0.042188 -0.042188
0 0.192188 0.703906 -0.043750 -0.045312
0 0.192969 0.668750 -0.057813 -0.056250
0 0.179688 0.630469 -0.046875 -0.039062
0 0.171875 0.595313 -0.050000 -0.046875
0 0.159375 0.550781 -0.040625 -0.042188
0 0.151562 0.514844 -0.050000 -0.045312
0 0.132031 0.459375 -0.057813 -0.062500
0 0.111719 0.418750 -0.029687 -0.018750
0 0.106250 0.385156 -0.043750 -0.057813
0 0.092969 0.333594 -0.048438 -0.048438
0 0.081250 0.289062 -0.046875 -0.040625
0 0.078125 0.246094 -0.037500 -0.042188
0 0.061719 0.200781 -0.045312 -0.045312
0 0.046094 0.153906 -0.045312 -0.048438
0 0.028906 0.110937 -0.048438 -0.046875
0 0.024219 0.073438 -0.045312 -0.043750
0 0.014063 0.031250 -0.025000 -0.043750
0 0.303125 0.964844 -0.040625 -0.029687
0 0.292969 0.932813 -0.039062 -0.028125
0 0.280469 0.900000 -0.035937 -0.031250
0 0.272656 0.864062 -0.035937 -0.031250
0 0.267969 0.830469 -0.029687 -0.032813
0 0.264062 0.797656 -0.034375 -0.035937
0 0.260156 0.763281 -0.026562 -0.029687
0 0.246875 0.736719 -0.034375 -0.042188
0 0.232813 0.692187 -0.040625 -0.037500
0 0.228906 0.653906 -0.035937 -0.032813
0 0.223438 0.617188 -0.037500 -0.031250
0 0.209375 0.581250 -0.043750 -0.037500
0 0.203906 0.544531 -0.045312 -0.039062
0 0.194531 0.512500 -0.032813 -0.028125
0 0.181250 0.480469 -0.028125 -0.042188
0 0.178125 0.444531 -0.031250 -0.035937
0 0.157031 0.404687 -0.042188 -0.031250
0 0.148438 0.370312 -0.034375 -0.040625
0 0.135937 0.329688 -0.034375 -0.046875
0 0.123438 0.278906 -0.040625 -0.051562
0 0.110937 0.227344 -0.040625 -0.042188
0 0.102344 0.183594 -0.045312 -0.032813
0 0.086719 0.142969 -0.045312 -0.045312
0 0.074219 0.099219 -0.042188 -0.042188
0 0.057813 0.060937 -0.034375 -0.034375
0 0.050000 0.025000 -0.043750 -0.046875
0 0.335938 0.938281 -0.043750 -0.051562
0 0.315625 0.884375 -0.040625 -0.050000
0 0.307812 0.840625 -0.034375 -0.034375
0 0.300781 0.801562 -0.035937 -0.046875
0 0.288281 0.752344 -0.039062 -0.042188
0 0.279687 0.706250 -0.037500 -0.043750
0 0.267188 0.660156 -0.031250 -0.045312
0 0.256250 0.612500 -0.037500 -0.046875
0 0.250000 0.571875 -0.037500 -0.043750
0 0.235937 0.523438 -0.031250 -0.040625
0 0.219531 0.478906 -0.035937 -0.042188
0 0.203125 0.434375 -0.034375 -0.040625
0 0.196094 0.393750 -0.035937 -0.028125
0 0.185938 0.357812 -0.040625 -0.046875
0 0.177344 0.313281 -0.039062 -0.045312
0 0.167187 0.258594 -0.046875 -0.054688
0 0.150781 0.213281 -0.032813 -0.035937
0 0.146875 0.183594 -0.028125 -0.023438
0 0.132812 0.148438 -0.037500 -0.037500
0 0.117188 0.103125 -0.046875 -0.056250
0 0.096094 0.054688 -0.051562 -0.037500
0 0.071875 0.000000 0.000000 0.000000
0 0.366406 0.910156 -0.045312 -0.029687
0 0.360156 0.888281 -0.035937 -0.035937
0 0.352344 0.857031 -0.045312 -0.035937
0 0.342969 0.818750 -0.029687 -0.034375
0 0.338281 0.785937 -0.035937 -0.031250
0 0.326562 0.750000 -0.037500 -0.034375
0 0.318750 0.723437 -0.040625 -0.050000
0 0.314063 0.685937 -0.040625 -0.037500
0 0.304688 0.657031 -0.037500 -0.042188
0 0.296094 0.615625 -0.035937 -0.046875
0 0.285156 0.567187 -0.035937 -0.046875
0 0.275781 0.542969 -0.042188 -0.039062
0 0.261719 0.500781 -0.026562 -0.032813
0 0.250000 0.466406 -0.043750 -0.045312
0 0.242969 0.429688 -0.048438 -0.040625
0 0.233594 0.394531 -0.039062 -0.039062
0 0.227344 0.350781 -0.039062 -0.042188
0 0.216406 0.312500 -0.048438 -0.037500
0 0.213281 0.275000 -0.035937 -0.043750
0 0.198437 0.236719 -0.034375 -0.045312
0 0.177344 0.198437 -0.042188 -0.046875
0 0.172656 0.155469 -0.035937 -0.042188
0 0.156250 0.112500 -0.043750 -0.037500
0 0.150781 0.071875 -0.039062 -0.046875
0 0.134375 0.040625 -0.050000 -0.034375
0 0.131250 0.021094 -0.040625 -0.039062
0 0.096875 0.018750 -0.046875 -0.031250
0 0.406250 0.903906 -0.040625 -0.032813
0 0.400781 0.876563 -0.039062 -0.031250
0 0.388281 0.850781 -0.029687 -0.020313
0 0.379688 0.825781 -0.031250 -0.026562
0 0.375000 0.795312 -0.034375 -0.031250
0 0.369531 0.764844 -0.029687 -0.029687
0 0.358594 0.735938 -0.032813 -0.025000
0 0.354687 0.703125 -0.037500 -0.034375
0 0.346875 0.667969 -0.034375 -0.029687
0 0.340625 0.639844 -0.034375 -0.026562
0 0.330469 0.610938 -0.035937 -0.031250
0 0.321875 0.579688 -0.025000 -0.028125
0 0.315625 0.547656 -0.034375 -0.029687
0 0.310156 0.514844 -0.039062 -0.029687
0 0.291406 0.478906 -0.035937 -0.035937
0 0.285156 0.445312 -0.026562 -0.031250
0 0.285156 0.417187 -0.032813 -0.028125
0 0.278906 0.392188 -0.035937 -0.031250
0 0.271094 0.358594 -0.045312 -0.029687
0 0.265625 0.329688 -0.031250 -0.028125
0 0.256250 0.301563 -0.034375 -0.031250
0 0.249219 0.275781 -0.029687 -0.026562
0 0.243750 0.251563 -0.018750 -0.028125
0 0.232031 0.225781 -0.042188 -0.032813
0 0.224219 0.203906 -0.045312 -0.017188
0 0.214844 0.174219 -0.045312 -0.039062
0 0.203125 0.130469 -0.034375 -0.035937
0 0.186719 0.092188 -0.032813 -0.040625
0 0.182812 0.055469 -0.037500 -0.029687
0 0.180469 0.035937 -0.032813 -0.028125
0 0.169531 0.014844 -0.032813 -0.029687
0 0.429688 0.886719 -0.015625 -0.023438
0 0.454688 0.879687 -0.028125 -0.034375
0 0.429688 0.858594 -0.028125 -0.029687
0 0.421875 0.829688 -0.050000 -0.021875
0 0.412500 0.802344 -0.043750 -0.032813
0 0.407813 0.772656 -0.028125 -0.029687
0 0.400781 0.750000 -0.035937 -0.028125
0 0.393750 0.725000 -0.037500 -0.031250
0 0.390625 0.699219 -0.031250 -0.029687
0 0.388281 0.678906 -0.039062 -0.029687
0 0.381250 0.650000 -0.034375 -0.021875
0 0.374219 0.624219 -0.042188 -0.023438
0 0.366406 0.596094 -0.035937 -0.029687
0 0.358594 0.572656 -0.035937 -0.023438
0 0.347656 0.546875 -0.029687 -0.028125
0 0.341406 0.516406 -0.029687 -0.026562
0 0.329688 0.489063 -0.037500 -0.025000
0 0.324219 0.462500 -0.035937 -0.031250
0 0.321875 0.427344 -0.037500 -0.035937
0 0.316406 0.391406 -0.035937 -0.032813
0 0.307031 0.357031 -0.029687 -0.032813
0 0.292969 0.325000 -0.035937 -0.028125
0 0.282813 0.290625 -0.031250 -0.034375
0 0.271875 0.254688 -0.040625 -0.034375
0 0.263281 0.219531 -0.029687 -0.032813
0 0.263281 0.200000 -0.020313 -0.021875
0 0.250000 0.164844 -0.046875 -0.039062
0 0.247656 0.139063 -0.045312 -0.034375
0 0.233594 0.104688 -0.051562 -0.040625
0 0.224219 0.070312 -0.048438 -0.031250
0 0.216406 0.041406 -0.042188 -0.029687
0 0.211719 0.016406 -0.045312 -0.029687
0 0.473438 0.858594 -0.043750 -0.026562
0 0.462500 0.834375 -0.034375 -0.028125
0 0.457813 0.805469 -0.037500 -0.023438
0 0.443750 0.775000 -0.031250 -0.031250
0 0.434375 0.746875 -0.040625 -0.025000
0 0.431250 0.721875 -0.037500 -0.031250
0 0.428906 0.690625 -0.035937 -0.031250
0 0.414844 0.660156 -0.045312 -0.035937
0 0.410156 0.623437 -0.045312 -0.034375
0 0.410938 0.595313 -0.031250 -0.031250
0 0.389844 0.561719 -0.039062 -0.032813
0 0.380469 0.529687 -0.039062 -0.031250
0 0.371875 0.503906 -0.040625 -0.039062
0 0.366406 0.467187 -0.035937 -0.040625
0 0.354687 0.430469 -0.034375 -0.035937
0 0.350781 0.398438 -0.035937 -0.034375
0 0.345313 0.367969 -0.043750 -0.039062
0 0.328906 0.337500 -0.045312 -0.034375
0 0.328125 0.313281 -0.028125 -0.039062
0 0.311719 0.285938 -0.035937 -0.037500
0 0.308594 0.256250 -0.042188 -0.043750
0 0.298438 0.224219 -0.040625 -0.032813
0 0.296094 0.197656 -0.039062 -0.035937
0 0.289062 0.159375 -0.037500 -0.040625
0 0.281250 0.125000 -0.031250 -0.031250
0 0.268750 0.094531 -0.037500 -0.032813
0 0.265625 0.064844 -0.031250 -0.023438
0 0.256250 0.041406 -0.034375 -0.029687
0 0.253906 0.014063 -0.035937 -0.028125
0 0.513281 0.846094 -0.045312 -0.029687
0 0.499219 0.823438 -0.048438 -0.028125
0 0.496094 0.799219 -0.035937 -0.035937
0 0.481250 0.767188 -0.037500 -0.034375
0 0.476562 0.736719 -0.031250 -0.035937
0 0.467969 0.707031 -0.032813 -0.032813
0 0.452344 0.677344 -0.032813 -0.029687
0 0.454688 0.646875 -0.034375 -0.025000
0 0.449219 0.618750 -0.029687 -0.025000
0 0.435937 0.588281 -0.040625 -0.032813
0 0.417187 0.550781 -0.034375 -0.035937
0 0.417187 0.509375 -0.037500 -0.034375
0 0.404687 0.472656 -0.040625 -0.039062
0 0.399219 0.435156 -0.048438 -0.039062
0 0.392188 0.401562 -0.040625 -0.034375
0 0.387500 0.368750 -0.037500 -0.034375
0 0.375000 0.340625 -0.040625 -0.028125
0 0.365625 0.308594 -0.043750 -0.039062
0 0.351562 0.271094 -0.043750 -0.029687
0 0.344531 0.235156 -0.045312 -0.042188
0 0.337500 0.199219 -0.034375 -0.032813
0 0.328906 0.160938 -0.042188 -0.040625
0 0.313281 0.120313 -0.039062 -0.034375
0 0.308594 0.082031 -0.035937 -0.032813
0 0.296875 0.048438 -0.043750 -0.034375
0 0.295312 0.015625 -0.040625 -0.031250
0 0.548438 0.829688 -0.037500 -0.037500
0 0.537500 0.793750 -0.040625 -0.028125
0 0.521094 0.759375 -0.029687 -0.028125
0 0.514062 0.729688 -0.037500 -0.031250
0 0.504687 0.697656 -0.037500 -0.032813
0 0.495312 0.664062 -0.037500 -0.034375
0 0.489063 0.632812 -0.034375 -0.034375
0 0.482031 0.601562 -0.035937 -0.031250
0 0.469531 0.572656 -0.035937 -0.029687
0 0.469531 0.542969 -0.032813 -0.035937
0 0.443750 0.549219 -0.018750 -0.039062
0 0.461719 0.510156 -0.042188 -0.029687
0 0.450781 0.472656 -0.042188 -0.035937
0 0.446875 0.440625 -0.040625 -0.043750
0 0.425781 0.396094 -0.032813 -0.042188
0 0.423438 0.350781 -0.037500 -0.048438
0 0.411719 0.314063 -0.035937 -0.040625
0 0.396875 0.271875 -0.034375 -0.040625
0 0.391406 0.231250 -0.042188 -0.040625
0 0.378125 0.188281 -0.040625 -0.042188
0 0.364063 0.147656 -0.037500 -0.039062
0 0.349219 0.115625 -0.035937 -0.037500
0 0.345313 0.082031 -0.043750 -0.032813
0 0.332031 0.050781 -0.039062 -0.035937
0 0.318750 0.001563 0.000000 0.000000
0 0.578125 0.814063 -0.034375 -0.025000
0 0.564063 0.780469 -0.040625 -0.029687
0 0.552344 0.746875 -0.042188 -0.034375
0 0.548438 0.708594 -0.034375 -0.035937
0 0.538281 0.676562 -0.039062 -0.028125
0 0.548438 0.650000 -0.018750 -0.018750
0 0.520312 0.643750 -0.040625 -0.037500
0 0.521875 0.607031 -0.034375 -0.032813
0 0.512500 0.574219 -0.037500 -0.035937
0 0.509375 0.541406 -0.040625 -0.035937
0 0.507031 0.506250 -0.042188 -0.040625
0 0.493750 0.461719 -0.034375 -0.035937
0 0.484375 0.423438 -0.037500 -0.037500
0 0.475000 0.383594 -0.046875 -0.039062
0 0.461719 0.350000 -0.045312 -0.037500
0 0.448437 0.310937 -0.050000 -0.037500
0 0.439063 0.271875 -0.040625 -0.043750
0 0.431250 0.235937 -0.037500 -0.040625
0 0.421094 0.187500 -0.039062 -0.037500
0 0.401562 0.146875 -0.043750 -0.040625
0 0.388281 0.109375 -0.042188 -0.037500
0 0.385156 0.082812 -0.039062 -0.031250
0 0.372656 0.053125 -0.042188 -0.034375
0 0.315625 0.001563 0.000000 0.000000
0 0.369531 0.019531 -0.029687 -0.039062
0 0.339062 0.020313 -0.040625 -0.034375
0 0.612500 0.802344 -0.040625 -0.035937
0 0.607031 0.767188 -0.035937 -0.031250
0 0.592187 0.735156 -0.040625 -0.026562
0 0.588281 0.702344 -0.045312 -0.035937
0 0.577344 0.669531 -0.045312 -0.029687
0 0.573438 0.639062 -0.025000 -0.025000
0 0.562500 0.609375 -0.040625 -0.040625
0 0.559375 0.570312 -0.043750 -0.040625
0 0.549219 0.533594 -0.039062 -0.032813
0 0.542969 0.510156 -0.029687 -0.014063
0 0.538281 0.478906 -0.035937 -0.045312
0 0.522656 0.424219 -0.032813 -0.032813
0 0.512500 0.389062 -0.037500 -0.034375
0 0.505469 0.353906 -0.035937 -0.035937
0 0.492969 0.318750 -0.039062 -0.031250
0 0.485156 0.285156 -0.039062 -0.035937
0 0.471094 0.243750 -0.045312 -0.043750
0 0.463281 0.202344 -0.045312 -0.035937
0 0.450781 0.171094 -0.042188 -0.029687
0 0.445312 0.146094 -0.043750 -0.032813
0 0.434375 0.111719 -0.046875 -0.035937
0 0.417969 0.078125 -0.032813 -0.034375
0 0.414844 0.049219 -0.035937 -0.032813
0 0.406250 0.021094 -0.037500 -0.035937
0 0.653125 0.766406 -0.043750 -0.035937
0 0.642188 0.739062 -0.053125 -0.028125
0 0.628125 0.707031 -0.040625 -0.045312
0 0.619531 0.666406 -0.042188 -0.035937
0 0.614062 0.635156 -0.043750 -0.029687
0 0.601562 0.597656 -0.043750 -0.039062
0 0.599219 0.564063 -0.051562 -0.040625
0 0.588281 0.525000 -0.045312 -0.040625
0 0.573438 0.478125 -0.050000 -0.046875
0 0.557813 0.400781 -0.043750 -0.045312
0 0.566406 0.439063 -0.039062 -0.043750
0 0.543750 0.352344 -0.043750 -0.051562
0 0.532813 0.307812 -0.046875 -0.040625
0 0.522656 0.269531 -0.039062 -0.039062
0 0.512500 0.228906 -0.050000 -0.051562
0 0.497656 0.181250 -0.045312 -0.043750
0 0.483594 0.140625 -0.035937 -0.040625
0 0.473438 0.100781 -0.050000 -0.042188
0 0.456250 0.065625 -0.043750 -0.043750
0 0.447656 0.026562 -0.042188 -0.050000
0 0.685156 0.749219 -0.035937 -0.035937
0 0.680469 0.710938 -0.042188 -0.031250
0 0.667188 0.678125 -0.037500 -0.031250
0 0.666406 0.642969 -0.042188 -0.035937
0 0.651563 0.609375 -0.040625 -0.040625
0 0.646094 0.575000 -0.042188 -0.028125
0 0.631250 0.538281 -0.034375 -0.035937
0 0.620313 0.498437 -0.037500 -0.037500
0 0.607812 0.461719 -0.043750 -0.042188
0 0.597656 0.425000 -0.042188 -0.040625
0 0.590625 0.382031 -0.043750 -0.039062
0 0.581250 0.338281 -0.037500 -0.042188
0 0.570312 0.301563 -0.031250 -0.037500
0 0.556250 0.267969 -0.040625 -0.035937
0 0.544531 0.228125 -0.045312 -0.040625
0 0.540625 0.188281 -0.046875 -0.045312
0 0.519531 0.143750 -0.035937 -0.031250
0 0.509375 0.108594 -0.031250 -0.035937
0 0.497656 0.073438 -0.042188 -0.043750
0 0.487500 0.039844 -0.034375 -0.035937
0 0.492188 0.021875 -0.034375 -0.037500
0 0.718750 0.720313 -0.040625 -0.031250
0 0.710156 0.685937 0.039062 0.037500
0 0.699219 0.650781 -0.032813 -0.039062
0 0.685156 0.607812 -0.029687 -0.040625
0 0.676562 0.565625 -0.034375 -0.040625
0 0.666406 0.531250 -0.042188 -0.034375
0 0.654687 0.496875 -0.037500 -0.031250
0 0.650781 0.465625 -0.035937 -0.034375
0 0.638281 0.432812 -0.032813 -0.040625
0 0.633594 0.395313 -0.035937 -0.025000
0 0.624219 0.364844 -0.032813 -0.026562
0 0.621875 0.339062 -0.031250 -0.028125
0 0.610156 0.310156 -0.029687 -0.032813
0 0.599219 0.278125 -0.032813 -0.028125
0 0.590625 0.247656 -0.034375 -0.029687
0 0.580469 0.221094 -0.029687 -0.035937
0 0.581250 0.185156 -0.028125 -0.032813
0 0.565625 0.154688 -0.031250 -0.025000
0 0.553125 0.128906 -0.031250 -0.029687
0 0.548438 0.100781 -0.043750 -0.029687
0 0.533594 0.071094 -0.035937 -0.026562
0 0.519531 0.042188 -0.039062 -0.031250
0 0.521094 0.015625 -0.029687 -0.028125
0 0.746094 0.685156 -0.042188 -0.026562
0 0.742969 0.703125 -0.020313 -0.009375
0 0.744531 0.661719 -0.029687 -0.020313
0 0.736719 0.641406 -0.029687 -0.023438
0 0.729688 0.617188 -0.034375 -0.025000
0 0.721094 0.591406 -0.039062 -0.023438
0 0.716406 0.564844 -0.035937 -0.029687
0 0.707812 0.535937 -0.037500 -0.031250
0 0.701562 0.503125 -0.037500 -0.025000
0 0.690625 0.472656 -0.040625 -0.026562
0 0.676562 0.445312 -0.040625 -0.028125
0 0.671094 0.415625 -0.035937 -0.025000
0 0.667969 0.386719 -0.032813 -0.029687
0 0.663281 0.362500 -0.039062 -0.025000
0 0.653125 0.339844 -0.034375 -0.023438
0 0.645312 0.310937 -0.034375 -0.028125
0 0.636719 0.284375 -0.039062 -0.028125
0 0.625781 0.253906 -0.035937 -0.026562
0 0.621875 0.225000 -0.034375 -0.031250
0 0.613281 0.189062 -0.026562 -0.034375
0 0.603125 0.158594 -0.037500 -0.029687
0 0.593750 0.125781 -0.040625 -0.029687
0 0.585938 0.093750 -0.025000 -0.028125
0 0.573438 0.067969 -0.040625 -0.023438
0 0.565625 0.040625 -0.046875 -0.031250
0 0.560937 0.015625 -0.043750 -0.025000
0 0.775781 0.677344 -0.020313 -0.010937
0 0.774219 0.653906 -0.032813 -0.029687
0 0.765625 0.626563 -0.031250 -0.015625
0 0.764062 0.607031 -0.037500 -0.026562
0 0.753906 0.578906 -0.045312 -0.026562
0 0.748437 0.547656 -0.037500 -0.029687
0 0.736719 0.521094 -0.026562 -0.023438
0 0.729688 0.491406 -0.031250 -0.026562
0 0.725781 0.464062 -0.035937 -0.031250
0 0.716406 0.433594 -0.045312 -0.035937
0 0.711719 0.392969 -0.042188 -0.042188
0 0.691406 0.364844 -0.042188 -0.035937
0 0.685156 0.331250 -0.032813 -0.037500
0 0.678906 0.294531 -0.032813 -0.035937
0 0.671094 0.267188 -0.032813 -0.031250
0 0.662500 0.237500 -0.040625 -0.031250
0 0.655469 0.207813 -0.042188 -0.031250
0 0.643750 0.180469 -0.037500 -0.029687
0 0.637500 0.150781 -0.034375 -0.029687
0 0.632031 0.121875 -0.032813 -0.034375
0 0.618750 0.089063 -0.037500 -0.021875
0 0.616406 0.063281 -0.029687 -0.023438
0 0.607031 0.053906 -0.026562 -0.029687
0 0.603906 0.029687 -0.026562 -0.028125
0 0.585938 0.003125 0.000000 0.000000
0 0.633594 0.016406 -0.032813 -0.023438
0 0.599219 0.014844 -0.032813 -0.023438
0 0.642969 0.035937 -0.023438 -0.018750
0 0.650781 0.055469 -0.032813 -0.026562
0 0.658594 0.082812 -0.029687 -0.028125
0 0.664062 0.106250 -0.031250 -0.028125
0 0.675000 0.135156 -0.028125 -0.020313
0 0.681250 0.166406 -0.034375 -0.039062
0 0.691406 0.196875 -0.029687 -0.034375
0 0.696875 0.225000 -0.025000 -0.031250
0 0.703906 0.253906 -0.026562 -0.029687
0 0.710156 0.278125 -0.032813 -0.034375
0 0.715625 0.307812 -0.034375 -0.037500
0 0.720313 0.342969 -0.028125 -0.032813
0 0.732031 0.369531 -0.023438 -0.032813
0 0.756250 0.517188 -0.012500 -0.021875
0 0.750000 0.492188 -0.015625 -0.034375
0 0.736719 0.396875 -0.007812 -0.040625
0 0.795312 0.684375 0.043750 0.037500
0 0.817187 0.664062 -0.040625 -0.040625
0 0.804688 0.627344 -0.043750 -0.032813
0 0.799219 0.595313 -0.035937 -0.025000
0 0.792969 0.564063 -0.045312 -0.028125
0 0.783594 0.528906 -0.039062 -0.032813
0 0.769531 0.494531 -0.035937 -0.032813
0 0.760938 0.462500 -0.034375 -0.028125
0 0.757812 0.430469 -0.046875 -0.035937
0 0.751563 0.394531 -0.034375 -0.042188
0 0.742969 0.360156 -0.032813 -0.039062
0 0.737500 0.321875 -0.031250 -0.040625
0 0.728906 0.270313 -0.020313 -0.046875
0 0.720313 0.221094 -0.025000 -0.042188
0 0.702344 0.176563 -0.023438 -0.040625
0 0.673438 0.016406 -0.046875 -0.032813
0 0.672656 0.041406 -0.026562 -0.020313
0 0.683594 0.056250 -0.032813 -0.031250
0 0.691406 0.088281 -0.035937 -0.035937
0 0.703125 0.123438 -0.037500 -0.037500
0 0.713281 0.143750 -0.032813 -0.040625
0 0.721875 0.178125 -0.034375 -0.031250
0 0.738281 0.216406 -0.026562 -0.039062
0 0.745313 0.256250 -0.031250 -0.031250
0 0.757812 0.285156 -0.046875 -0.029687
0 0.764844 0.312500 -0.042188 -0.037500
0 0.775781 0.346094 -0.048438 -0.035937
0 0.789062 0.384375 -0.034375 -0.034375
0 0.796875 0.416406 -0.040625 -0.032813
0 0.799219 0.450781 -0.032813 -0.039062
0 0.811719 0.480469 -0.035937 -0.032813
0 0.816406 0.507812 -0.054688 -0.037500
0 0.821094 0.539062 -0.035937 -0.028125
0 0.829688 0.564063 -0.037500 -0.025000
0 0.843750 0.591406 -0.028125 -0.029687
0 0.848437 0.615625 -0.034375 -0.025000
0 0.848437 0.639844 -0.034375 -0.032813
0 0.853125 0.660937 -0.034375 -0.015625
0 0.889062 0.622656 -0.034375 -0.032813
0 0.871094 0.582031 -0.039062 -0.035937
0 0.863281 0.537500 -0.042188 -0.043750
0 0.851562 0.493750 -0.031250 -0.031250
0 0.842187 0.466406 -0.025000 -0.026562
0 0.831250 0.438281 -0.028125 -0.026562
0 0.922656 0.610938 -0.035937 -0.028125
0 0.916406 0.582812 -0.042188 -0.034375
0 0.905469 0.547656 -0.039062 -0.029687
0 0.895312 0.518750 -0.040625 -0.028125
0 0.884375 0.487500 -0.037500 -0.034375
0 0.878125 0.460156 -0.043750 -0.029687
0 0.867188 0.433594 -0.034375 -0.029687
0 0.845313 0.411719 -0.034375 -0.026562
0 0.824219 0.389062 -0.032813 -0.028125
0 0.821875 0.361719 -0.034375 -0.035937
0 0.810156 0.325000 -0.035937 -0.028125
0 0.797656 0.294531 -0.039062 -0.032813
0 0.789062 0.267188 -0.031250 -0.028125
0 0.780469 0.244531 -0.035937 -0.026562
0 0.771094 0.216406 -0.029687 -0.029687
0 0.757812 0.187500 -0.021875 -0.018750
0 0.742969 0.157812 -0.026562 -0.028125
0 0.730469 0.120313 -0.023438 -0.031250
0 0.715625 0.014844 -0.040625 -0.029687
0 0.715625 0.047656 -0.037500 -0.032813
0 0.725000 0.086719 -0.037500 -0.045312
0 0.745313 0.108594 -0.043750 -0.026562
0 0.757031 0.133594 -0.032813 -0.029687
0 0.964063 0.589844 -0.043750 -0.032813
0 0.953125 0.560937 -0.043750 -0.031250
0 0.943750 0.540625 -0.043750 -0.034375
0 0.939844 0.514844 -0.042188 -0.039062
0 0.924219 0.485156 -0.029687 -0.026562
0 0.916406 0.460938 -0.026562 -0.025000
0 0.907813 0.435156 -0.034375 -0.026562
0 0.879687 0.406250 -0.028125 -0.034375
0 0.855469 0.372656 -0.039062 -0.032813
0 0.851562 0.342187 -0.034375 -0.028125
0 0.839063 0.314063 -0.031250 -0.028125
0 0.828906 0.288281 -0.039062 -0.029687
0 0.816406 0.254688 -0.035937 -0.031250
0 0.807813 0.228125 -0.028125 -0.031250
0 0.797656 0.202344 -0.029687 -0.026562
0 0.781250 0.178125 -0.037500 -0.028125
0 0.770312 0.160156 -0.025000 -0.023438
0 0.735156 0.047656 -0.010937 -0.026562
0 0.989844 0.569531 0.017188 0.029687
0 0.982031 0.542969 -0.020313 -0.023438
0 0.968750 0.517969 -0.015625 -0.020313
0 0.983594 0.513281 0.026562 0.032813
0 0.971094 0.483594 0.029687 0.026562
0 0.945312 0.485938 -0.025000 -0.028125
0 0.958594 0.461719 -0.042188 -0.020313
0 0.957812 0.439844 -0.034375 -0.032813
0 0.911719 0.410156 -0.035937 -0.023438
0 0.906250 0.384375 -0.040625 -0.028125
0 0.902344 0.358594 -0.039062 -0.023438
0 0.894531 0.332031 -0.045312 -0.026562
0 0.874219 0.308594 -0.054688 -0.032813
0 0.857031 0.280469 -0.039062 -0.032813
0 0.854688 0.242969 -0.037500 -0.042188
0 0.815625 0.207031 -0.025000 -0.023438
0 0.843750 0.201563 -0.031250 -0.037500
0 0.815625 0.179688 -0.021875 -0.028125
0 0.838281 0.168750 -0.029687 -0.031250
0 0.799219 0.150781 -0.032813 -0.026562
0 0.828125 0.143750 -0.028125 -0.025000
0 0.786719 0.124219 -0.026562 -0.023438
0 0.820312 0.118750 -0.037500 -0.021875
0 0.778125 0.095312 -0.040625 -0.025000
0 0.817969 0.095312 -0.035937 -0.025000
0 0.757031 0.068750 -0.042188 -0.028125
0 0.803906 0.069531 -0.045312 -0.029687
0 0.763281 0.040625 -0.035937 -0.025000
0 0.798438 0.040625 -0.031250 -0.021875
0 0.740625 0.001563 0.000000 0.000000
0 0.795312 0.017188 -0.034375 -0.031250
0 0.757031 0.015625 -0.035937 -0.028125
0 0.945312 0.407031 -0.034375 -0.026562
0 0.935937 0.375000 -0.037500 -0.034375
0 0.925781 0.334375 -0.032813 -0.034375
0 0.914844 0.296875 -0.026562 -0.031250
0 0.901563 0.264844 -0.043750 -0.035937
0 0.896094 0.235937 -0.042188 -0.028125
0 0.879687 0.207813 -0.037500 -0.034375
0 0.875781 0.176563 -0.032813 -0.031250
0 0.867188 0.149219 -0.040625 -0.032813
0 0.858594 0.117188 -0.029687 -0.025000
0 0.857812 0.096094 -0.034375 -0.029687
0 0.848437 0.063281 -0.034375 -0.023438
0 0.835156 0.042969 -0.035937 -0.023438
0 0.829688 0.015625 -0.031250 -0.031250
0 0.998437 0.471875 0.000000 0.000000
0 0.982031 0.411719 0.026562 0.032813
0 0.989062 0.453125 0.018750 0.043750
0 0.973437 0.375781 -0.034375 -0.029687
0 0.996094 0.339062 0.004687 0.034375
0 0.967187 0.345313 -0.031250 -0.031250
0 0.988281 0.331250 -0.020313 -0.031250
0 0.955469 0.306250 -0.029687 -0.034375
0 0.985938 0.295312 0.025000 0.040625
0 0.949219 0.275781 -0.039062 -0.023438
0 0.996875 0.273438 0.000000 0.000000
0 0.946875 0.253125 -0.034375 -0.028125
0 0.983594 0.257031 0.029687 0.032813
0 0.939063 0.226562 -0.037500 -0.028125
0 0.927344 0.197656 -0.048438 -0.029687
0 0.915625 0.171875 -0.046875 -0.025000
0 0.904687 0.146094 -0.031250 -0.026562
0 0.895312 0.117969 -0.034375 -0.029687
0 0.889062 0.091406 -0.028125 -0.029687
0 0.878906 0.058594 -0.039062 -0.035937
0 0.867969 0.021875 -0.039062 -0.043750
0 0.976562 0.225000 0.021875 0.037500
0 0.963281 0.191406 0.029687 0.032813
0 0.957031 0.169531 -0.029687 -0.026562
0 0.948438 0.142969 -0.037500 -0.029687
0 0.939844 0.112500 -0.042188 -0.031250
0 0.928125 0.081250 -0.043750 -0.028125
0 0.920312 0.053906 -0.040625 -0.017188
0 0.914062 0.031250 -0.046875 -0.034375
0 0.892188 0.001563 0.000000 0.000000
0 0.959375 0.016406 -0.031250 -0.029687
0 0.914844 0.010937 -0.048438 -0.015625
0 0.983594 0.018750 0.023438 0.031250
0 0.960938 0.042188 -0.037500 -0.028125
0 0.963281 0.067969 -0.032813 -0.026562
0 0.966406 0.089844 -0.039062 -0.039062
0 0.981250 0.124219 -0.031250 -0.045312
0 0.987500 0.171094 0.021875 0.045312
0 0.988281 0.046094 0.020313 0.039062
