0 0.992188 0.008594 0.012500 0.014063
0 0.026562 0.946875 0.040625 0.037500
0 0.011719 0.906250 -0.023438 -0.034375
0 0.075781 0.982812 0.035937 0.031250
0 0.027344 0.984375 0.045312 0.028125
0 0.061719 0.947656 0.042188 0.032813
0 0.049219 0.909375 0.045312 0.040625
0 0.031250 0.870313 0.037500 0.028125
0 0.021094 0.840625 0.032813 0.031250
0 0.014063 0.803906 0.018750 0.032813
0 0.114844 0.983594 0.035937 0.029687
0 0.105469 0.956250 0.032813 0.018750
0 0.098437 0.932031 0.037500 0.026562
0 0.092969 0.905469 0.035937 0.026562
0 0.078125 0.882031 0.037500 0.020313
0 0.069531 0.857031 0.035937 0.029687
0 0.055469 0.832031 0.035937 0.026562
0 0.043750 0.803906 0.037500 0.026562
0 0.040625 0.781250 0.040625 0.018750
0 0.027344 0.754687 0.045312 0.031250
0 0.018750 0.719531 0.034375 0.035937
0 0.015625 0.685156 -0.031250 -0.032813
0 0.009375 0.653906 -0.018750 -0.026562
0 0.155469 0.984375 0.039062 0.028125
0 0.148438 0.952344 0.043750 0.032813
0 0.134375 0.918750 0.040625 0.034375
0 0.118750 0.888281 0.043750 0.026562
0 0.111719 0.863281 0.042188 0.020313
0 0.101562 0.839844 0.040625 0.023438
0 0.092969 0.818750 0.048438 0.021875
0 0.082031 0.793750 0.051562 0.028125
0 0.072656 0.764844 0.042188 0.026562
0 0.067969 0.740625 0.042188 0.018750
0 0.061719 0.721094 0.035937 0.020313
0 0.053125 0.698438 0.046875 0.025000
0 0.046094 0.672656 0.042188 0.026562
0 0.035937 0.644531 0.046875 0.029687
0 0.022656 0.615625 0.042188 0.028125
0 0.017188 0.575000 -0.034375 -0.031250
0 0.011719 0.536719 -0.023438 -0.039062
0 0.199219 0.985156 0.048438 0.026562
0 0.185938 0.952344 -0.046875 -0.032813
0 0.172656 0.918750 -0.048438 -0.031250
0 0.162500 0.884375 -0.050000 -0.031250
0 0.158594 0.853906 -0.039062 -0.023438
0 0.145313 0.826562 -0.046875 -0.025000
0 0.128906 0.794531 -0.042188 -0.029687
0 0.121875 0.761719 -0.046875 -0.029687
0 0.110156 0.729688 0.039062 0.034375
0 0.096875 0.697656 0.040625 0.029687
0 0.084375 0.669531 0.040625 0.023438
0 0.077344 0.642969 0.048438 0.026562
0 0.071094 0.615625 0.054688 0.021875
0 0.054688 0.583594 0.043750 0.039062
0 0.041406 0.546875 0.039062 0.028125
0 0.025781 0.504687 0.048438 0.053125
0 0.012500 0.446094 -0.025000 -0.057813
0 0.239844 0.985156 0.029687 0.026562
0 0.228125 0.959375 0.034375 0.021875
0 0.217969 0.931250 0.039062 0.034375
0 0.209375 0.897656 0.034375 0.026562
0 0.200781 0.871094 0.032813 0.032813
0 0.186719 0.837500 0.042188 0.034375
0 0.178906 0.807813 0.042188 0.025000
0 0.171094 0.779687 0.045312 0.031250
0 0.157031 0.748437 0.045312 0.031250
0 0.144531 0.718750 0.045312 0.031250
0 0.134375 0.693750 0.034375 0.021875
0 0.123438 0.664844 0.043750 0.032813
0 0.112500 0.621875 -0.034375 -0.031250
0 0.100781 0.590625 -0.051562 -0.034375
0 0.083594 0.548438 -0.045312 -0.046875
0 0.065625 0.494531 -0.037500 -0.032813
0 0.049219 0.460938 -0.045312 -0.034375
0 0.039062 0.426563 -0.034375 -0.034375
0 0.022656 0.386719 -0.045312 -0.039062
0 0.012500 0.349219 -0.025000 -0.032813
0 0.005469 0.320312 -0.010937 -0.018750
0 0.271875 0.984375 -0.040625 -0.028125
0 0.267969 0.956250 -0.042188 -0.028125
0 0.255469 0.926562 -0.042188 -0.028125
0 0.249219 0.897656 -0.048438 -0.029687
0 0.237500 0.865625 -0.046875 -0.031250
0 0.225781 0.833594 -0.045312 -0.026562
0 0.216406 0.802344 -0.045312 -0.029687
0 0.206250 0.772656 -0.046875 -0.032813
0 0.198437 0.740625 -0.040625 -0.031250
0 0.183594 0.707812 -0.048438 -0.031250
0 0.173437 0.675781 -0.050000 -0.032813
0 0.160156 0.646875 -0.051562 -0.028125
0 0.148438 0.614844 -0.043750 -0.032813
0 0.136719 0.583594 -0.045312 -0.026562
0 0.129688 0.557813 -0.043750 -0.025000
0 0.117188 0.528906 -0.037500 -0.032813
0 0.104688 0.496875 -0.046875 -0.028125
0 0.097656 0.467187 -0.039062 -0.031250
0 0.078906 0.435937 -0.039062 -0.025000
0 0.073438 0.407813 -0.040625 -0.025000
0 0.060937 0.379688 -0.046875 -0.025000
0 0.051562 0.353125 -0.050000 -0.028125
0 0.043750 0.322656 -0.043750 -0.032813
0 0.029687 0.286719 -0.050000 -0.035937
0 0.019531 0.257031 -0.039062 -0.023438
0 0.014844 0.229687 -0.029687 -0.031250
0 0.007031 0.196094 -0.014063 -0.035937
0 0.313281 0.983594 0.035937 0.029687
0 0.300000 0.945312 -0.034375 -0.043750
0 0.296875 0.907031 -0.040625 -0.023438
0 0.292187 0.877344 -0.050000 -0.029687
0 0.274219 0.845313 -0.042188 -0.037500
0 0.257031 0.808594 -0.039062 -0.032813
0 0.248438 0.771875 -0.034375 -0.034375
0 0.235937 0.734375 -0.037500 -0.031250
0 0.222656 0.698438 -0.039062 -0.043750
0 0.207813 0.658594 -0.050000 -0.032813
0 0.193750 0.622656 -0.043750 -0.032813
0 0.172656 0.585156 -0.039062 -0.035937
0 0.163281 0.548438 -0.042188 -0.034375
0 0.148438 0.512500 -0.037500 -0.031250
0 0.137500 0.483594 -0.034375 -0.020313
0 0.127344 0.453906 -0.035937 -0.035937
0 0.118750 0.421875 -0.043750 -0.028125
0 0.107031 0.389844 -0.039062 -0.035937
0 0.088281 0.347656 -0.045312 -0.039062
0 0.071875 0.302344 -0.050000 -0.035937
0 0.055469 0.266406 -0.042188 -0.032813
0 0.043750 0.229687 -0.043750 -0.037500
0 0.028125 0.189844 -0.037500 -0.032813
0 0.017969 0.156250 -0.035937 -0.028125
0 0.009375 0.117188 -0.018750 -0.046875
0 0.010937 0.036719 -0.021875 -0.029687
0 0.008594 0.009375 -0.017188 -0.018750
0 0.018750 0.069531 -0.037500 -0.032813
0 0.024219 0.095312 -0.045312 -0.018750
0 0.038281 0.121875 -0.039062 -0.031250
0 0.053125 0.153906 -0.040625 -0.029687
0 0.064844 0.187500 -0.048438 -0.034375
0 0.078906 0.219531 -0.042188 -0.026562
0 0.085938 0.245312 -0.046875 -0.025000
0 0.098437 0.273438 -0.040625 -0.031250
0 0.110937 0.308594 -0.040625 -0.039062
0 0.126562 0.341406 -0.040625 -0.026562
0 0.133594 0.374219 -0.042188 -0.035937
0 0.146094 0.406250 -0.045312 -0.025000
0 0.166406 0.435156 -0.048438 -0.029687
0 0.172656 0.467187 -0.054688 -0.031250
0 0.180469 0.496875 -0.051562 -0.031250
0 0.197656 0.528906 -0.048438 -0.029687
0 0.210156 0.560937 -0.048438 -0.031250
0 0.220312 0.592969 -0.050000 -0.029687
0 0.232813 0.623437 -0.046875 -0.031250
0 0.244531 0.660156 -0.039062 -0.035937
0 0.253125 0.698438 -0.040625 -0.040625
0 0.272656 0.735156 -0.039062 -0.035937
0 0.283594 0.766406 -0.042188 -0.029687
0 0.296875 0.800000 -0.046875 -0.037500
0 0.306250 0.835156 -0.040625 -0.029687
0 0.315625 0.866406 -0.043750 -0.029687
0 0.330469 0.903125 -0.042188 -0.040625
0 0.342969 0.936719 -0.048438 -0.029687
0 0.351562 0.965625 -0.046875 -0.028125
0 0.357031 0.989844 0.042188 0.017188
0 0.399219 0.987500 0.035937 0.021875
0 0.392969 0.962500 -0.035937 -0.025000
0 0.382031 0.932031 -0.032813 -0.026562
0 0.369531 0.900781 -0.035937 -0.029687
0 0.358594 0.868750 -0.042188 -0.031250
0 0.350781 0.839063 -0.045312 -0.031250
0 0.335938 0.805469 -0.037500 -0.035937
0 0.328125 0.771875 -0.040625 -0.031250
0 0.314063 0.737500 -0.043750 -0.031250
0 0.305469 0.707031 -0.048438 -0.026562
0 0.288281 0.671094 -0.042188 -0.039062
0 0.276562 0.629687 -0.043750 -0.034375
0 0.267188 0.592969 -0.043750 -0.032813
0 0.256250 0.559375 -0.040625 -0.031250
0 0.240625 0.528906 -0.046875 -0.023438
0 0.233594 0.497656 -0.045312 -0.035937
0 0.219531 0.466406 -0.042188 -0.026562
0 0.214844 0.431250 -0.045312 -0.037500
0 0.196094 0.396094 -0.039062 -0.032813
0 0.178125 0.359375 -0.050000 -0.031250
0 0.157031 0.325000 -0.045312 -0.031250
0 0.142187 0.293750 -0.040625 -0.034375
0 0.135156 0.260937 -0.042188 -0.031250
0 0.125781 0.230469 -0.035937 -0.020313
0 0.113281 0.204687 -0.035937 -0.028125
0 0.104688 0.175000 -0.037500 -0.028125
0 0.090625 0.146875 -0.037500 -0.028125
0 0.080469 0.114844 -0.045312 -0.032813
0 0.064844 0.082031 -0.042188 -0.032813
0 0.054688 0.044531 -0.046875 -0.035937
0 0.042188 0.013281 -0.037500 -0.026562
0 0.089063 0.014844 -0.040625 -0.029687
0 0.092969 0.047656 -0.039062 -0.035937
0 0.102344 0.082031 -0.042188 -0.032813
0 0.123438 0.117969 -0.046875 -0.035937
0 0.130469 0.150781 -0.039062 -0.026562
0 0.145313 0.185156 -0.050000 -0.039062
0 0.154688 0.221875 -0.043750 -0.034375
0 0.177344 0.263281 -0.045312 -0.039062
0 0.190625 0.304688 -0.046875 -0.040625
0 0.203125 0.339844 -0.050000 -0.035937
0 0.224219 0.382031 -0.048438 -0.042188
0 0.239844 0.417187 -0.035937 -0.031250
0 0.263281 0.467187 -0.051562 -0.046875
0 0.275000 0.503906 -0.034375 -0.029687
0 0.282813 0.535156 -0.040625 -0.029687
0 0.294531 0.562500 -0.042188 -0.031250
0 0.436719 0.991406 0.032813 0.014063
0 0.428906 0.971094 0.035937 0.023438
0 0.417969 0.945312 0.039062 0.025000
0 0.405469 0.916406 0.035937 0.023438
0 0.397656 0.892188 0.035937 0.028125
0 0.392188 0.866406 0.034375 0.023438
0 0.381250 0.838281 0.034375 0.029687
0 0.371094 0.804688 0.039062 0.034375
0 0.364063 0.768750 0.034375 0.037500
0 0.353125 0.732812 0.037500 0.034375
0 0.342187 0.699219 0.037500 0.032813
0 0.326562 0.664062 0.037500 0.037500
0 0.317969 0.625781 0.035937 0.035937
0 0.310156 0.588281 0.039062 0.023438
0 0.468750 0.989062 0.034375 0.018750
0 0.460156 0.964063 -0.035937 -0.028125
0 0.453125 0.933594 -0.037500 -0.026562
0 0.439063 0.901563 -0.037500 -0.031250
0 0.435937 0.867969 -0.037500 -0.032813
0 0.418750 0.835156 -0.040625 -0.032813
0 0.409375 0.800000 -0.037500 -0.034375
0 0.400000 0.764844 -0.034375 -0.032813
0 0.390625 0.726562 -0.043750 -0.034375
0 0.379688 0.692969 -0.040625 -0.029687
0 0.369531 0.660937 -0.035937 -0.031250
0 0.357031 0.623437 -0.035937 -0.034375
0 0.348438 0.587500 -0.037500 -0.025000
0 0.329688 0.557813 -0.037500 -0.034375
0 0.315625 0.521094 -0.034375 -0.029687
0 0.310937 0.485938 -0.037500 -0.034375
0 0.287500 0.454688 -0.034375 -0.025000
0 0.276562 0.425000 -0.034375 -0.028125
0 0.263281 0.391406 -0.029687 -0.032813
0 0.251563 0.359375 -0.034375 -0.028125
0 0.243750 0.326562 -0.040625 -0.031250
0 0.235156 0.295312 -0.032813 -0.028125
0 0.220312 0.260156 -0.040625 -0.035937
0 0.209375 0.225781 -0.037500 -0.032813
0 0.192969 0.192188 -0.039062 -0.031250
0 0.179688 0.162500 -0.037500 -0.025000
0 0.168750 0.133594 -0.043750 -0.023438
0 0.160156 0.107813 -0.035937 -0.025000
0 0.144531 0.080469 -0.042188 -0.026562
0 0.137500 0.055469 -0.043750 -0.026562
0 0.129688 0.020313 -0.037500 -0.040625
0 0.167969 0.015625 -0.042188 -0.031250
0 0.175000 0.048438 -0.037500 -0.031250
0 0.179688 0.081250 -0.034375 -0.031250
0 0.194531 0.108594 -0.032813 -0.029687
0 0.210156 0.136719 -0.039062 -0.029687
0 0.221875 0.168750 -0.037500 -0.034375
0 0.233594 0.198437 -0.035937 -0.028125
0 0.248438 0.229687 -0.040625 -0.031250
0 0.257031 0.261719 -0.039062 -0.032813
0 0.273438 0.296875 -0.040625 -0.031250
0 0.285938 0.332031 -0.040625 -0.035937
0 0.294531 0.368750 -0.051562 -0.037500
0 0.304688 0.403125 -0.043750 -0.028125
0 0.321875 0.435156 -0.050000 -0.032813
0 0.335938 0.466406 -0.037500 -0.026562
0 0.345313 0.493750 -0.040625 -0.025000
0 0.355469 0.525000 -0.039062 -0.034375
0 0.366406 0.559375 -0.042188 -0.034375
0 0.384375 0.595313 -0.043750 -0.034375
0 0.395313 0.635156 -0.043750 -0.039062
0 0.404687 0.672656 -0.040625 -0.032813
0 0.417969 0.706250 -0.039062 -0.037500
0 0.427344 0.745313 -0.045312 -0.040625
0 0.439844 0.785937 -0.042188 -0.040625
0 0.450781 0.825000 -0.042188 -0.034375
0 0.461719 0.858594 -0.042188 -0.032813
0 0.478125 0.893750 -0.037500 -0.034375
0 0.485156 0.932813 -0.035937 -0.037500
0 0.492188 0.962500 -0.034375 -0.025000
0 0.507812 0.988281 0.037500 0.020313
0 0.546094 0.989062 0.035937 0.018750
0 0.536719 0.963281 -0.048438 -0.026562
0 0.530469 0.932031 -0.048438 -0.029687
0 0.521875 0.899219 -0.043750 -0.029687
0 0.511719 0.864844 -0.048438 -0.035937
0 0.500000 0.833594 -0.046875 -0.029687
0 0.492969 0.804688 -0.042188 -0.025000
0 0.479687 0.774219 -0.037500 -0.029687
0 0.467969 0.741406 -0.048438 -0.029687
0 0.459375 0.708594 -0.043750 -0.029687
0 0.448437 0.675781 -0.040625 -0.029687
0 0.441406 0.644531 -0.042188 -0.026562
0 0.433594 0.614062 -0.035937 -0.025000
0 0.419531 0.585938 -0.032813 -0.028125
0 0.399219 0.525000 -0.045312 -0.025000
0 0.406250 0.554688 -0.034375 -0.031250
0 0.392188 0.496875 -0.040625 -0.028125
0 0.376563 0.466406 -0.043750 -0.029687
0 0.367188 0.436719 -0.037500 -0.026562
0 0.354687 0.407813 -0.037500 -0.028125
0 0.340625 0.375781 -0.037500 -0.032813
0 0.335156 0.343750 -0.045312 -0.025000
0 0.317969 0.314063 -0.035937 -0.034375
0 0.310937 0.282813 -0.037500 -0.028125
0 0.294531 0.258594 -0.035937 -0.023438
0 0.289844 0.228906 -0.035937 -0.029687
0 0.271875 0.200000 -0.040625 -0.028125
0 0.268750 0.171875 -0.040625 -0.028125
0 0.251563 0.142187 -0.037500 -0.025000
0 0.246875 0.112500 -0.037500 -0.031250
0 0.235937 0.079687 -0.034375 -0.031250
0 0.215625 0.107031 -0.018750 -0.023438
0 0.207031 0.071875 -0.020313 -0.034375
0 0.220312 0.046094 -0.043750 -0.023438
0 0.210156 0.017188 -0.039062 -0.034375
0 0.242969 0.011719 -0.029687 -0.023438
0 0.250781 0.035156 -0.035937 -0.023438
0 0.257812 0.058594 -0.034375 -0.020313
0 0.276562 0.079687 -0.040625 -0.021875
0 0.282813 0.107031 -0.040625 -0.029687
0 0.309375 0.175000 -0.040625 -0.028125
0 0.289062 0.139844 -0.037500 -0.032813
0 0.325781 0.230469 -0.039062 -0.026562
0 0.315625 0.202344 -0.043750 -0.029687
0 0.335938 0.263281 -0.040625 -0.032813
0 0.350781 0.296094 -0.039062 -0.029687
0 0.360938 0.332031 -0.043750 -0.039062
0 0.376563 0.371875 -0.043750 -0.037500
0 0.385156 0.411719 -0.035937 -0.039062
0 0.407031 0.446094 -0.035937 -0.026562
0 0.423438 0.477344 -0.043750 -0.029687
0 0.436719 0.506250 -0.045312 -0.031250
0 0.446875 0.542969 -0.040625 -0.042188
0 0.455469 0.575781 -0.039062 -0.026562
0 0.469531 0.613281 -0.042188 -0.045312
0 0.484375 0.650000 -0.040625 -0.025000
0 0.495312 0.685156 -0.046875 -0.042188
0 0.501563 0.723437 -0.037500 -0.031250
0 0.510938 0.759375 -0.043750 -0.037500
0 0.521875 0.793750 -0.040625 -0.037500
0 0.535156 0.828125 -0.039062 -0.031250
0 0.544531 0.861719 -0.029687 -0.032813
0 0.553125 0.897656 -0.037500 -0.042188
0 0.568750 0.939844 -0.031250 -0.035937
0 0.571875 0.977344 -0.037500 -0.032813
0 0.616406 0.989062 0.042188 0.018750
0 0.608594 0.966406 0.032813 0.029687
0 0.603906 0.936719 0.035937 0.026562
0 0.591406 0.910937 0.029687 0.025000
0 0.584375 0.887500 0.034375 0.025000
0 0.575000 0.864062 0.031250 0.021875
0 0.573438 0.840625 0.034375 0.018750
0 0.566406 0.813281 0.032813 0.029687
0 0.559375 0.784375 -0.034375 -0.025000
0 0.546094 0.753125 -0.029687 -0.031250
0 0.535937 0.721875 -0.034375 -0.031250
0 0.534375 0.685937 -0.034375 -0.034375
0 0.525781 0.646875 -0.048438 -0.037500
0 0.514062 0.609375 -0.040625 -0.034375
0 0.500000 0.578125 -0.040625 -0.021875
0 0.489844 0.551562 -0.039062 -0.031250
0 0.477344 0.513281 -0.032813 -0.035937
0 0.468750 0.482031 -0.037500 -0.026562
0 0.453125 0.453125 -0.043750 -0.028125
0 0.435156 0.421875 -0.039062 -0.025000
0 0.419531 0.397656 -0.045312 -0.023438
0 0.415625 0.369531 -0.031250 -0.032813
0 0.403125 0.338281 -0.034375 -0.026562
0 0.397656 0.310156 -0.035937 -0.026562
0 0.389844 0.282031 -0.035937 -0.029687
0 0.379688 0.253906 -0.043750 -0.026562
0 0.364063 0.220312 -0.037500 -0.034375
0 0.353906 0.187500 -0.035937 -0.031250
0 0.338281 0.157031 -0.042188 -0.026562
0 0.328906 0.131250 -0.045312 -0.025000
0 0.321875 0.102344 -0.037500 -0.026562
0 0.311719 0.072656 -0.039062 -0.026562
0 0.297656 0.050000 -0.039062 -0.018750
0 0.285156 0.018750 -0.042188 -0.037500
0 0.658594 0.988281 0.042188 0.020313
0 0.644531 0.960938 0.039062 0.031250
0 0.639844 0.925000 0.039062 0.034375
0 0.630469 0.890625 0.035937 0.028125
0 0.617969 0.862500 0.035937 0.031250
0 0.611719 0.828906 0.042188 0.032813
0 0.601562 0.800000 0.037500 0.025000
0 0.595313 0.773438 0.034375 0.025000
0 0.588281 0.745313 0.042188 0.025000
0 0.576562 0.716406 0.040625 0.029687
0 0.575781 0.685156 0.035937 0.032813
0 0.564063 0.651563 -0.040625 -0.028125
0 0.555469 0.629687 -0.014063 -0.012500
0 0.546875 0.603906 -0.025000 -0.026562
0 0.541406 0.571875 -0.035937 -0.031250
0 0.526563 0.542188 -0.040625 -0.028125
0 0.517188 0.517969 -0.043750 -0.029687
0 0.507812 0.489063 -0.040625 -0.021875
0 0.492969 0.461719 -0.035937 -0.026562
0 0.484375 0.435937 -0.037500 -0.025000
0 0.475000 0.409375 -0.043750 -0.028125
0 0.461719 0.383594 -0.039062 -0.020313
0 0.452344 0.357031 -0.042188 -0.026562
0 0.439063 0.326562 -0.040625 -0.031250
0 0.435156 0.298438 -0.035937 -0.021875
0 0.423438 0.272656 -0.043750 -0.029687
0 0.421094 0.246875 -0.039062 -0.028125
0 0.399219 0.215625 -0.042188 -0.028125
0 0.394531 0.190625 -0.039062 -0.021875
0 0.387500 0.159375 -0.040625 -0.034375
0 0.371875 0.121875 -0.043750 -0.034375
0 0.356250 0.087500 -0.034375 -0.031250
0 0.344531 0.057031 -0.035937 -0.026562
0 0.328125 0.019531 -0.040625 -0.039062
0 0.368750 0.017969 -0.043750 -0.035937
0 0.382031 0.054688 -0.035937 -0.031250
0 0.396875 0.088281 -0.040625 -0.029687
0 0.407813 0.121094 -0.034375 -0.029687
0 0.424219 0.159375 -0.039062 -0.040625
0 0.440625 0.197656 -0.043750 -0.035937
0 0.457031 0.235156 -0.042188 -0.039062
0 0.466406 0.273438 -0.039062 -0.034375
0 0.478906 0.310156 -0.042188 -0.039062
0 0.493750 0.350781 -0.043750 -0.042188
0 0.507812 0.392188 -0.040625 -0.040625
0 0.521094 0.432812 -0.039062 -0.040625
0 0.533594 0.471094 -0.042188 -0.032813
0 0.549219 0.507812 -0.035937 -0.037500
0 0.564063 0.546094 -0.034375 -0.035937
0 0.581250 0.584375 -0.043750 -0.040625
0 0.592969 0.623437 -0.051562 -0.034375
0 0.613281 0.667188 -0.048438 -0.053125
0 0.622656 0.714063 -0.048438 -0.037500
0 0.625781 0.742969 -0.026562 -0.017188
0 0.638281 0.767969 -0.042188 -0.029687
0 0.648438 0.800781 -0.040625 -0.032813
0 0.657813 0.836719 -0.037500 -0.039062
0 0.664062 0.877344 -0.043750 -0.039062
0 0.678125 0.917969 -0.040625 -0.042188
0 0.681250 0.953906 -0.034375 -0.032813
0 0.690625 0.986719 0.031250 0.023438
0 0.732031 0.987500 0.042188 0.021875
0 0.720313 0.962500 0.034375 0.025000
0 0.715625 0.933594 0.028125 0.029687
0 0.717969 0.903906 0.029687 0.023438
0 0.708594 0.875781 -0.035937 -0.026562
0 0.703906 0.846875 -0.035937 -0.028125
0 0.689844 0.816406 -0.029687 -0.026562
0 0.678125 0.792969 -0.018750 -0.017188
0 0.666406 0.769531 -0.017188 -0.023438
0 0.651563 0.739844 -0.025000 -0.026562
0 0.512500 0.072656 -0.031250 -0.032813
0 0.514844 0.313281 -0.026562 -0.029687
0 0.534375 0.343750 -0.034375 -0.028125
0 0.776563 0.988281 0.040625 0.020313
0 0.768750 0.965625 0.037500 0.025000
0 0.745313 0.934375 0.021875 0.034375
0 0.771094 0.934375 0.026562 0.037500
0 0.750000 0.896875 -0.034375 -0.031250
0 0.745313 0.865625 -0.037500 -0.025000
0 0.737500 0.838281 -0.037500 -0.023438
0 0.717969 0.811719 -0.032813 -0.026562
0 0.693750 0.782031 -0.031250 -0.023438
0 0.675781 0.754687 -0.039062 -0.025000
0 0.665625 0.723437 -0.031250 -0.028125
0 0.658594 0.696094 -0.032813 -0.026562
0 0.649219 0.668750 -0.029687 -0.025000
0 0.633594 0.640625 -0.026562 -0.021875
0 0.816406 0.989844 0.029687 0.017188
0 0.812500 0.971094 0.031250 0.020313
0 0.806250 0.953125 0.034375 0.018750
0 0.801562 0.931250 0.031250 0.021875
0 0.796875 0.908594 0.034375 0.023438
0 0.780469 0.892969 0.020313 0.039062
0 0.800781 0.883594 0.026562 0.029687
0 0.775000 0.853906 -0.025000 -0.023438
0 0.763281 0.829688 -0.026562 -0.021875
0 0.741406 0.803125 -0.023438 -0.028125
0 0.720313 0.776563 -0.028125 -0.025000
0 0.700781 0.748437 -0.032813 -0.025000
0 0.696094 0.717969 -0.035937 -0.026562
0 0.688281 0.686719 -0.032813 -0.026562
0 0.671875 0.655469 -0.034375 -0.026562
0 0.659375 0.632031 -0.034375 -0.023438
0 0.629687 0.613281 -0.028125 -0.020313
0 0.621094 0.591406 -0.035937 -0.017188
0 0.610156 0.571094 -0.026562 -0.020313
0 0.596875 0.550000 -0.031250 -0.021875
0 0.585938 0.522656 -0.031250 -0.023438
0 0.588281 0.504687 -0.023438 -0.012500
0 0.573438 0.481250 -0.028125 -0.031250
0 0.561719 0.451562 -0.026562 -0.018750
0 0.555469 0.425000 -0.029687 -0.028125
0 0.544531 0.390625 -0.032813 -0.034375
0 0.839844 0.986719 0.017188 0.023438
0 0.861719 0.985156 0.026562 0.026562
0 0.846875 0.961719 0.034375 0.023438
0 0.842187 0.937500 0.040625 0.025000
0 0.837500 0.911719 0.037500 0.023438
0 0.831250 0.884375 0.031250 0.031250
0 0.897656 0.982812 0.042188 0.031250
0 0.937500 0.992969 0.031250 0.010937
0 0.931250 0.981250 0.012500 0.012500
0 0.947656 0.971875 0.014063 0.028125
0 0.967969 0.988281 0.023438 0.020313
0 0.989062 0.978906 0.018750 0.039062
0 0.966406 0.964063 0.020313 0.025000
0 0.884375 0.952344 0.037500 0.026562
0 0.914844 0.956250 0.023438 0.018750
0 0.933594 0.965625 0.010937 0.018750
0 0.904687 0.773438 0.000000 0.000000
0 0.989062 0.948438 0.000000 0.000000
0 0.951562 0.917188 0.000000 0.000000
0 0.991406 0.942187 -0.014063 -0.031250
0 0.966406 0.939844 0.029687 0.023438
0 0.931250 0.942969 0.034375 0.023438
0 0.883594 0.926562 0.039062 0.025000
0 0.871875 0.903906 0.034375 0.020313
0 0.814844 0.860156 0.032813 0.017188
0 0.810156 0.841406 0.032813 0.020313
0 0.767188 0.808594 -0.031250 -0.026562
0 0.801562 0.816406 -0.031250 -0.026562
0 0.790625 0.785156 -0.025000 -0.026562
0 0.758594 0.780469 -0.035937 -0.023438
0 0.912500 0.915625 0.018750 0.028125
0 0.931250 0.922656 -0.018750 -0.014063
0 0.960156 0.915625 0.032813 0.021875
0 0.964063 0.003906 -0.018750 -0.007812
0 0.968750 0.020313 0.018750 0.018750
0 0.986719 0.045312 0.020313 0.021875
0 0.939063 0.010937 0.021875 0.018750
0 0.996875 0.485938 0.000000 0.000000
0 0.758594 0.016406 0.032813 0.026562
0 0.797656 0.017188 0.039062 0.025000
0 0.840625 0.017969 0.043750 0.029687
0 0.882812 0.018750 0.037500 0.031250
0 0.961719 0.041406 0.023438 0.026562
0 0.912500 0.017188 0.021875 0.028125
0 0.926562 0.045312 0.028125 0.025000
0 0.939844 0.073438 0.026562 0.025000
0 0.966406 0.073438 0.026562 0.028125
0 0.998437 0.093750 0.000000 0.000000
0 0.990625 0.077344 -0.012500 -0.035937
0 0.404687 0.014063 -0.025000 -0.028125
0 0.992969 0.475000 -0.010937 -0.037500
0 0.989844 0.448437 -0.017188 -0.018750
0 0.966406 0.407813 0.023438 0.028125
0 0.961719 0.375000 0.026562 0.025000
0 0.951562 0.346094 0.034375 0.029687
0 0.942969 0.317188 0.026562 0.021875
0 0.942969 0.295312 0.032813 0.025000
0 0.932813 0.269531 0.028125 0.026562
0 0.996875 0.925000 0.000000 0.000000
0 0.863281 0.879687 0.029687 0.025000
0 0.988281 0.913281 0.017188 0.023438
0 0.896094 0.884375 0.023438 0.025000
0 0.850781 0.853906 0.035937 0.023438
0 0.836719 0.827344 0.029687 0.029687
0 0.833594 0.794531 0.029687 0.032813
0 0.615625 0.516406 0.025000 0.029687
0 0.625781 0.550000 0.032813 0.031250
0 0.654687 0.582031 0.037500 0.032813
0 0.668750 0.616406 0.031250 0.029687
0 0.603906 0.475000 0.029687 0.034375
0 0.591406 0.442188 0.032813 0.028125
0 0.581250 0.407813 0.031250 0.034375
0 0.571875 0.374219 0.028125 0.029687
0 0.564844 0.342969 0.029687 0.029687
0 0.545312 0.307812 0.034375 0.028125
0 0.508594 0.280469 0.029687 0.026562
0 0.542969 0.278906 0.029687 0.029687
0 0.538281 0.250000 0.029687 0.028125
0 0.503125 0.246875 0.031250 0.031250
0 0.490625 0.216406 0.034375 0.029687
0 0.526563 0.215625 0.025000 0.031250
0 0.479687 0.187500 0.034375 0.025000
0 0.517188 0.187500 0.034375 0.025000
0 0.507812 0.158594 0.028125 0.029687
0 0.468750 0.158594 0.040625 0.032813
0 0.436719 0.119531 0.026562 0.035937
0 0.469531 0.121875 0.039062 0.031250
0 0.514844 0.122656 0.042188 0.032813
0 0.429688 0.082812 0.031250 0.034375
0 0.412500 0.046094 0.031250 0.035937
0 0.433594 0.014063 0.029687 0.025000
0 0.464062 0.017969 0.028125 0.032813
0 0.493750 0.018750 -0.028125 -0.037500
0 0.525781 0.015625 -0.026562 -0.031250
0 0.442188 0.046875 0.021875 0.034375
0 0.467187 0.088281 -0.037500 -0.032813
0 0.472656 0.053906 0.029687 0.029687
0 0.510156 0.047656 0.035937 0.017188
0 0.513281 0.098437 -0.042188 -0.015625
0 0.490625 0.073438 0.015625 0.025000
0 0.540625 0.153906 0.028125 0.029687
0 0.551562 0.189844 0.025000 0.029687
0 0.558594 0.221094 0.026562 0.035937
0 0.571875 0.252344 0.031250 0.026562
0 0.583594 0.282031 0.035937 0.029687
0 0.586719 0.314063 0.042188 0.025000
0 0.601562 0.342969 0.034375 0.032813
0 0.612500 0.375000 0.037500 0.028125
0 0.623437 0.409375 0.034375 0.031250
0 0.629687 0.437500 0.028125 0.021875
0 0.634375 0.471875 0.031250 0.034375
0 0.639062 0.510938 0.021875 0.037500
0 0.658594 0.546094 0.026562 0.029687
0 0.684375 0.552344 0.021875 0.032813
0 0.689063 0.580469 0.031250 0.023438
0 0.703125 0.607031 0.037500 0.029687
0 0.708594 0.639844 0.039062 0.032813
0 0.721875 0.673438 0.037500 0.034375
0 0.729688 0.704688 0.034375 0.025000
0 0.732031 0.726562 0.029687 0.015625
0 0.738281 0.751563 0.042188 0.025000
0 0.543750 0.044531 0.021875 0.023438
0 0.546875 0.075781 0.028125 0.032813
0 0.553125 0.112500 0.031250 0.031250
0 0.582812 0.176563 0.034375 0.028125
0 0.589063 0.205469 0.034375 0.032813
0 0.573438 0.143750 0.037500 0.034375
0 0.604688 0.243750 0.037500 0.034375
0 0.618750 0.281250 0.037500 0.037500
0 0.643750 0.353125 0.043750 0.025000
0 0.634375 0.320312 0.046875 0.037500
0 0.660156 0.384375 0.042188 0.028125
0 0.673438 0.418750 0.043750 0.031250
0 0.682813 0.453906 0.040625 0.029687
0 0.646094 0.417969 0.007812 0.026562
0 0.655469 0.452344 0.010937 0.029687
0 0.661719 0.481250 0.020313 0.021875
0 0.666406 0.507031 0.023438 0.035937
0 0.691406 0.487500 0.032813 0.028125
0 0.697656 0.518750 0.035937 0.025000
0 0.715625 0.550000 0.031250 0.028125
0 0.723437 0.580469 0.031250 0.026562
0 0.742969 0.613281 0.032813 0.029687
0 0.750781 0.644531 0.032813 0.023438
0 0.758594 0.673438 0.032813 0.031250
0 0.760156 0.701562 0.029687 0.021875
0 0.764062 0.726562 0.031250 0.025000
0 0.782813 0.756250 0.037500 0.025000
0 0.810156 0.775781 0.014063 0.045312
0 0.561719 0.017188 0.035937 0.028125
0 0.571875 0.048438 0.031250 0.034375
0 0.582812 0.082812 0.028125 0.031250
0 0.592187 0.113281 0.037500 0.026562
0 0.610938 0.146875 0.031250 0.037500
0 0.622656 0.182812 0.035937 0.031250
0 0.628125 0.212500 0.040625 0.028125
0 0.643750 0.243750 0.034375 0.034375
0 0.660937 0.282031 0.037500 0.035937
0 0.674219 0.311719 0.039062 0.023438
0 0.682813 0.339062 0.040625 0.025000
0 0.689063 0.371094 0.043750 0.032813
0 0.705469 0.404687 0.042188 0.031250
0 0.714844 0.437500 0.029687 0.025000
0 0.727344 0.471094 0.039062 0.032813
0 0.729688 0.505469 0.040625 0.026562
0 0.743750 0.532813 0.040625 0.025000
0 0.752344 0.557813 0.042188 0.031250
0 0.758594 0.586719 0.035937 0.023438
0 0.771875 0.608594 0.025000 0.029687
0 0.786719 0.650000 0.029687 0.028125
0 0.790625 0.679688 0.028125 0.028125
0 0.789844 0.707031 0.026562 0.023438
0 0.801562 0.738281 0.037500 0.029687
0 0.763281 0.495312 0.023438 0.034375
0 0.778125 0.530469 0.028125 0.032813
0 0.786719 0.571094 0.023438 0.039062
0 0.796875 0.614844 0.015625 0.039062
0 0.810937 0.654687 0.015625 0.028125
0 0.811719 0.695312 0.010937 0.043750
0 0.827344 0.747656 0.010937 0.048438
0 0.840625 0.758594 0.009375 0.029687
0 0.864844 0.790625 0.029687 0.028125
0 0.868750 0.823438 0.031250 0.031250
0 0.888281 0.855469 0.032813 0.023438
0 0.918750 0.884375 0.015625 0.025000
0 0.931250 0.905469 0.025000 0.020313
0 0.948438 0.885938 0.031250 0.028125
0 0.931250 0.858594 -0.053125 -0.026562
0 0.907813 0.830469 -0.043750 -0.023438
0 0.897656 0.801562 -0.029687 -0.028125
0 0.871875 0.770312 -0.040625 -0.028125
0 0.857031 0.737500 -0.042188 -0.028125
0 0.841406 0.705469 -0.035937 -0.029687
0 0.834375 0.675000 -0.031250 -0.031250
0 0.824219 0.641406 -0.029687 -0.029687
0 0.812500 0.606250 -0.028125 -0.037500
0 0.808594 0.570312 -0.029687 -0.031250
0 0.800781 0.535156 -0.032813 -0.029687
0 0.785937 0.498437 -0.037500 -0.031250
0 0.774219 0.471094 -0.039062 -0.026562
0 0.756250 0.441406 -0.040625 -0.029687
0 0.750000 0.408594 -0.040625 -0.032813
0 0.735156 0.374219 -0.042188 -0.032813
0 0.727344 0.340625 -0.042188 -0.034375
0 0.719531 0.308594 -0.045312 -0.026562
0 0.699219 0.278906 -0.026562 -0.026562
0 0.683594 0.248438 -0.035937 -0.021875
0 0.678906 0.225781 -0.023438 -0.023438
0 0.657031 0.200781 -0.026562 -0.029687
0 0.656250 0.171875 -0.028125 -0.021875
0 0.648438 0.141406 -0.034375 -0.026562
0 0.630469 0.113281 -0.029687 -0.023438
0 0.625781 0.086719 -0.029687 -0.029687
0 0.603125 0.082812 0.009375 0.031250
0 0.595313 0.046094 0.018750 0.032813
0 0.596094 0.014063 -0.032813 -0.028125
0 0.621094 0.050781 -0.029687 -0.026562
0 0.839844 0.564063 0.026562 0.028125
0 0.840625 0.598437 0.021875 0.034375
0 0.851562 0.628125 0.034375 0.025000
0 0.857812 0.654687 0.034375 0.021875
0 0.871875 0.680469 0.034375 0.020313
0 0.879687 0.705469 0.025000 0.026562
0 0.892969 0.732812 0.023438 0.028125
0 0.902344 0.763281 0.029687 0.029687
0 0.919531 0.799219 0.017188 0.035937
0 0.981250 0.878906 0.031250 0.035937
0 0.971875 0.848437 0.025000 0.018750
0 0.989844 0.839844 0.017188 0.039062
0 0.951562 0.821094 0.040625 0.023438
0 0.943750 0.789062 0.034375 0.025000
0 0.936719 0.758594 0.029687 0.029687
0 0.926562 0.728906 0.046875 0.026562
0 0.912500 0.700781 0.043750 0.029687
0 0.903125 0.669531 0.040625 0.029687
0 0.892188 0.633594 0.037500 0.035937
0 0.861719 0.590625 0.020313 0.037500
0 0.886719 0.592187 0.029687 0.037500
0 0.863281 0.549219 0.029687 0.032813
0 0.832031 0.530469 0.023438 0.035937
0 0.857031 0.508594 0.035937 0.042188
0 0.816406 0.493750 0.026562 0.034375
0 0.795312 0.447656 0.031250 0.048438
0 0.837500 0.471094 0.043750 0.029687
0 0.830469 0.439844 0.039062 0.029687
0 0.785937 0.404687 0.031250 0.034375
0 0.824219 0.404687 0.042188 0.034375
0 0.812500 0.369531 0.043750 0.032813
0 0.773438 0.368750 0.034375 0.034375
0 0.761719 0.335156 0.029687 0.026562
0 0.797656 0.336719 0.039062 0.026562
0 0.756250 0.303906 0.025000 0.035937
0 0.787500 0.306250 0.034375 0.031250
0 0.725000 0.275781 0.031250 0.039062
0 0.749219 0.269531 0.017188 0.029687
0 0.775000 0.270313 0.034375 0.034375
0 0.710938 0.240625 0.021875 0.028125
0 0.739844 0.237500 0.029687 0.031250
0 0.770312 0.237500 0.028125 0.031250
0 0.762500 0.211719 -0.025000 -0.017188
0 0.733594 0.210938 -0.032813 -0.028125
0 0.703125 0.207031 -0.018750 -0.032813
0 0.680469 0.198437 0.020313 0.028125
0 0.684375 0.171094 0.025000 0.026562
0 0.707812 0.174219 0.015625 0.029687
0 0.735938 0.178906 0.028125 0.029687
0 0.677344 0.146094 0.017188 0.023438
0 0.699219 0.145313 0.026562 0.028125
0 0.730469 0.146094 0.032813 0.032813
0 0.655469 0.111719 0.020313 0.026562
0 0.681250 0.111719 0.025000 0.039062
0 0.708594 0.112500 0.023438 0.031250
0 0.735156 0.113281 0.020313 0.029687
0 0.650000 0.078906 0.025000 0.029687
0 0.677344 0.073438 0.029687 0.034375
0 0.742188 0.079687 0.025000 0.034375
0 0.710156 0.078906 0.032813 0.032813
0 0.657031 0.047656 0.032813 0.032813
0 0.635938 0.017969 -0.037500 -0.035937
0 0.672656 0.015625 -0.035937 -0.031250
0 0.690625 0.043750 -0.034375 -0.025000
0 0.703906 0.014844 -0.023438 -0.029687
0 0.729688 0.015625 -0.028125 -0.031250
0 0.738281 0.046094 -0.032813 -0.029687
0 0.714844 0.046094 -0.010937 -0.026562
0 0.765625 0.114062 -0.034375 -0.034375
0 0.772656 0.147656 -0.045312 -0.029687
0 0.784375 0.176563 -0.037500 -0.025000
0 0.759375 0.182031 0.012500 0.032813
0 0.792969 0.204687 0.039062 0.025000
0 0.803906 0.240625 0.035937 0.040625
0 0.809375 0.276562 0.031250 0.025000
0 0.817187 0.307031 0.028125 0.029687
0 0.837500 0.337500 0.034375 0.028125
0 0.850781 0.369531 0.029687 0.029687
0 0.862500 0.401562 0.031250 0.031250
0 0.867188 0.435937 0.037500 0.031250
0 0.876563 0.469531 0.031250 0.029687
0 0.892969 0.502344 0.032813 0.029687
0 0.900781 0.535156 0.035937 0.029687
0 0.904687 0.560937 0.043750 0.018750
0 0.921094 0.586719 0.035937 0.029687
0 0.925000 0.616406 0.037500 0.026562
0 0.932813 0.645312 0.040625 0.028125
0 0.948438 0.675781 0.037500 0.029687
0 0.959375 0.708594 0.037500 0.029687
0 0.974219 0.734375 0.039062 0.028125
0 0.975000 0.764844 0.040625 0.023438
0 0.981250 0.799219 0.031250 0.035937
0 0.988281 0.690625 0.017188 0.046875
0 0.989844 0.642188 0.014063 0.046875
0 0.975781 0.657031 0.014063 0.017188
0 0.961719 0.616406 0.026562 0.026562
0 0.961719 0.584375 0.035937 0.031250
0 0.948438 0.547656 0.037500 0.039062
0 0.932813 0.507812 0.040625 0.037500
0 0.921094 0.469531 0.042188 0.035937
0 0.907813 0.429688 0.037500 0.037500
0 0.887500 0.396094 0.021875 0.029687
0 0.912500 0.391406 0.028125 0.039062
0 0.881250 0.367188 0.031250 0.025000
0 0.910156 0.359375 0.026562 0.028125
0 0.875000 0.335156 0.037500 0.035937
0 0.909375 0.328906 0.031250 0.029687
0 0.844531 0.305469 0.029687 0.035937
0 0.874219 0.301563 0.029687 0.025000
0 0.907813 0.296875 0.034375 0.031250
0 0.850000 0.271094 0.050000 0.029687
0 0.897656 0.265625 0.035937 0.031250
0 0.842969 0.239844 0.042188 0.029687
0 0.830469 0.210938 0.039062 0.028125
0 0.818750 0.176563 0.037500 0.040625
0 0.810937 0.142187 0.025000 0.028125
0 0.797656 0.111719 0.029687 0.029687
0 0.767188 0.084375 0.025000 0.021875
0 0.767969 0.053125 0.023438 0.034375
0 0.798438 0.043750 0.028125 0.025000
0 0.827344 0.045312 0.026562 0.025000
0 0.827344 0.075000 0.026562 0.025000
0 0.796094 0.076563 0.029687 0.037500
0 0.833594 0.108594 0.035937 0.035937
0 0.844531 0.142969 0.039062 0.029687
0 0.860938 0.178125 0.046875 0.031250
0 0.870313 0.204687 0.040625 0.021875
0 0.884375 0.232813 0.037500 0.028125
0 0.854688 0.049219 0.028125 0.026562
0 0.861719 0.080469 0.032813 0.029687
0 0.871875 0.108594 0.040625 0.029687
0 0.882031 0.142187 0.032813 0.031250
0 0.898438 0.175000 0.037500 0.034375
0 0.910156 0.207031 0.035937 0.026562
0 0.926562 0.239844 0.043750 0.032813
0 0.998437 0.284375 0.000000 0.000000
0 0.996875 0.420312 0.000000 0.000000
0 0.939063 0.387500 0.021875 0.040625
0 0.942969 0.427344 0.026562 0.035937
0 0.964063 0.462500 0.028125 0.031250
0 0.969531 0.496875 0.029687 0.031250
0 0.981250 0.535156 0.034375 0.035937
0 0.989062 0.585938 0.015625 0.056250
0 0.987500 0.399219 0.018750 0.070312
0 0.979688 0.348438 0.018750 0.018750
0 0.990625 0.333594 0.009375 0.048438
0 0.965625 0.317969 0.018750 0.020313
0 0.979688 0.298438 0.025000 0.021875
0 0.966406 0.264844 0.029687 0.029687
0 0.958594 0.229687 0.026562 0.031250
0 0.940625 0.196094 0.021875 0.029687
0 0.927344 0.156250 0.035937 0.034375
0 0.912500 0.125000 0.034375 0.028125
0 0.906250 0.093750 0.037500 0.034375
0 0.894531 0.059375 0.042188 0.043750
0 0.946875 0.101562 0.034375 0.028125
0 0.943750 0.128906 0.025000 0.026562
0 0.987500 0.235156 0.021875 0.045312
0 0.966406 0.184375 0.029687 0.053125
0 0.990625 0.179688 0.012500 0.062500
