0 0.998437 0.011719 0.025000 0.023438
0 0.732812 0.099219 0.021875 0.017188
0 0.740625 0.121875 0.018750 0.021875
0 0.742969 0.149219 0.023438 0.026562
0 0.756250 0.171875 0.025000 0.037500
0 0.762500 0.196094 0.021875 0.023438
0 0.771875 0.211719 0.021875 0.026562
0 0.781250 0.232031 0.028125 0.023438
0 0.789062 0.264062 0.034375 0.040625
0 0.801562 0.289844 0.025000 0.032813
0 0.811719 0.320312 0.029687 0.028125
0 0.821094 0.343750 0.032813 0.025000
0 0.825000 0.364844 0.021875 0.023438
0 0.839844 0.398438 0.035937 0.040625
0 0.859375 0.432031 0.031250 0.026562
0 0.875000 0.460938 0.025000 0.028125
0 0.883594 0.489844 0.026562 0.026562
0 0.892188 0.517188 0.034375 0.028125
0 0.909375 0.549219 0.031250 0.029687
0 0.925000 0.578125 0.034375 0.028125
0 0.939063 0.606250 0.028125 0.025000
0 0.948438 0.632031 0.031250 0.029687
0 0.962500 0.661719 0.034375 0.029687
0 0.975000 0.693750 0.031250 0.028125
0 0.985938 0.725000 0.028125 0.031250
0 0.990625 0.753906 0.025000 0.029687
0 0.998437 0.783594 0.015625 0.029687
0 0.718750 0.065625 0.034375 0.046875
0 0.694531 0.015625 0.039062 0.028125
0 0.732031 0.010156 0.035937 0.020313
0 0.734375 0.032813 0.037500 0.028125
0 0.748437 0.054688 0.021875 0.018750
0 0.757031 0.075781 0.029687 0.023438
0 0.762500 0.096875 0.028125 0.021875
0 0.775000 0.118750 0.028125 0.031250
0 0.786719 0.144531 0.035937 0.039062
0 0.802344 0.182812 0.035937 0.028125
0 0.815625 0.212500 0.040625 0.046875
0 0.832812 0.261719 0.034375 0.029687
0 0.840625 0.291406 0.037500 0.029687
0 0.852344 0.321875 0.045312 0.031250
0 0.858594 0.343750 0.032813 0.015625
0 0.871094 0.363281 0.042188 0.032813
0 0.882031 0.396875 0.045312 0.034375
0 0.892188 0.428125 0.031250 0.028125
0 0.903906 0.449219 0.026562 0.020313
0 0.913281 0.472656 0.035937 0.029687
0 0.928125 0.503125 0.037500 0.034375
0 0.938281 0.514062 0.032813 0.028125
0 0.944531 0.542188 0.039062 0.031250
0 0.953125 0.564063 0.021875 0.021875
0 0.964063 0.592187 0.028125 0.025000
0 0.977344 0.617969 0.029687 0.035937
0 0.989844 0.665625 0.023438 0.056250
0 0.998437 0.597656 0.018750 0.026562
0 0.991406 0.567187 0.026562 0.025000
0 0.989062 0.533594 0.021875 0.048438
0 0.971094 0.496094 0.032813 0.035937
0 0.957812 0.465625 0.028125 0.031250
0 0.944531 0.439844 0.029687 0.023438
0 0.932813 0.417187 0.034375 0.031250
0 0.918750 0.390625 0.025000 0.025000
0 0.914844 0.359375 0.032813 0.034375
0 0.900781 0.324219 0.032813 0.035937
0 0.889062 0.294531 0.037500 0.026562
0 0.885156 0.275781 0.035937 0.017188
0 0.876563 0.254688 0.037500 0.021875
0 0.860938 0.230469 0.031250 0.029687
0 0.850000 0.200000 0.021875 0.028125
0 0.838281 0.170313 0.029687 0.037500
0 0.825000 0.139063 0.021875 0.025000
0 0.810156 0.109375 0.032813 0.034375
0 0.800000 0.076563 0.034375 0.031250
0 0.782031 0.049219 0.032813 0.032813
0 0.772656 0.017969 0.039062 0.035937
0 0.809375 0.014063 0.043750 0.028125
0 0.817969 0.039062 0.026562 0.021875
0 0.829688 0.065625 0.025000 0.031250
0 0.842969 0.096094 0.029687 0.035937
0 0.855469 0.127344 0.029687 0.029687
0 0.868750 0.153906 0.031250 0.029687
0 0.882031 0.183594 0.039062 0.039062
0 0.895312 0.221094 0.034375 0.032813
0 0.906250 0.246875 0.025000 0.018750
0 0.917969 0.269531 0.032813 0.020313
0 0.925781 0.293750 0.029687 0.028125
0 0.940625 0.315625 0.034375 0.012500
0 0.943750 0.335156 0.037500 0.020313
0 0.953906 0.367969 0.042188 0.042188
0 0.965625 0.402344 0.031250 0.029687
0 0.981250 0.435937 0.034375 0.034375
0 0.994531 0.478125 0.017188 0.043750
0 0.840625 0.007031 0.021875 0.014063
0 0.853125 0.017969 0.018750 0.017188
0 0.860938 0.039062 0.028125 0.028125
0 0.867969 0.064062 0.026562 0.025000
0 0.878906 0.088281 0.032813 0.026562
0 0.891406 0.112500 0.032813 0.031250
0 0.901563 0.145313 0.037500 0.037500
0 0.917969 0.174219 0.020313 0.026562
0 0.925000 0.193750 0.031250 0.031250
0 0.932031 0.216406 0.032813 0.032813
0 0.946875 0.246094 0.037500 0.026562
0 0.956250 0.274219 0.040625 0.026562
0 0.967187 0.299219 0.034375 0.017188
0 0.975000 0.318750 0.025000 0.018750
0 0.985156 0.356250 0.032813 0.053125
0 1.000000 0.392188 0.009375 0.018750
0 0.889844 0.019531 0.032813 0.039062
0 0.909375 0.052344 0.031250 0.045312
0 0.921875 0.082812 0.037500 0.028125
0 0.928906 0.106250 0.035937 0.028125
0 0.942187 0.129688 0.040625 0.034375
0 0.956250 0.166406 0.043750 0.039062
0 0.972656 0.200000 0.035937 0.028125
0 0.978125 0.223438 0.034375 0.021875
0 0.985938 0.249219 0.028125 0.029687
0 0.992188 0.281250 0.021875 0.025000
0 0.996094 0.313281 0.017188 0.035937
0 0.993750 0.161719 0.025000 0.048438
0 0.971094 0.116406 0.032813 0.042188
0 0.961719 0.078906 0.039062 0.029687
0 0.925000 0.012500 0.028125 0.025000
0 0.938281 0.044531 0.026562 0.045312
0 0.959375 0.013281 0.040625 0.023438
0 0.976562 0.044531 0.040625 0.035937
0 0.992969 0.082031 0.017188 0.026562
0 0.998437 0.111719 0.012500 0.035937
0 0.653906 0.009375 0.039062 0.018750
0 0.660937 0.031250 0.031250 0.031250
0 0.675000 0.057813 0.037500 0.028125
0 0.689844 0.094531 0.039062 0.045312
0 0.699219 0.125000 0.026562 0.031250
0 0.712500 0.153906 0.031250 0.032813
0 0.723437 0.185156 0.034375 0.029687
0 0.735938 0.216406 0.040625 0.032813
0 0.749219 0.246094 0.035937 0.035937
0 0.755469 0.279687 0.039062 0.034375
0 0.769531 0.313281 0.039062 0.029687
0 0.775000 0.335938 0.031250 0.015625
0 0.786719 0.358594 0.039062 0.020313
0 0.796875 0.382812 0.037500 0.034375
0 0.811719 0.411719 0.026562 0.026562
0 0.825781 0.436719 0.035937 0.026562
0 0.833594 0.462500 0.042188 0.021875
0 0.844531 0.485938 0.035937 0.021875
0 0.855469 0.510156 0.032813 0.023438
0 0.862500 0.534375 0.037500 0.025000
0 0.872656 0.560156 0.032813 0.023438
0 0.887500 0.584375 0.037500 0.018750
0 0.903125 0.606250 0.031250 0.031250
0 0.914062 0.633594 0.028125 0.026562
0 0.921875 0.657813 0.034375 0.021875
0 0.939063 0.678906 0.037500 0.026562
0 0.946094 0.703906 0.029687 0.023438
0 0.959375 0.729688 0.034375 0.025000
0 0.962500 0.752344 0.031250 0.020313
0 0.968750 0.782813 0.025000 0.046875
0 0.607812 0.013281 0.040625 0.026562
0 0.616406 0.032031 0.032813 0.023438
0 0.629687 0.057031 0.037500 0.029687
0 0.637500 0.085938 0.034375 0.034375
0 0.650781 0.107813 0.035937 0.031250
0 0.658594 0.128906 0.020313 0.029687
0 0.667969 0.159375 0.023438 0.034375
0 0.679688 0.192188 0.043750 0.040625
0 0.692187 0.225000 0.028125 0.028125
0 0.700000 0.250000 0.031250 0.034375
0 0.714844 0.278125 0.035937 0.028125
0 0.721094 0.306250 0.026562 0.021875
0 0.733594 0.326562 0.032813 0.028125
0 0.742969 0.356250 0.032813 0.034375
0 0.756250 0.388281 0.037500 0.026562
0 0.768750 0.414062 0.037500 0.025000
0 0.779687 0.439844 0.040625 0.026562
0 0.789844 0.462500 0.039062 0.025000
0 0.800000 0.481250 0.037500 0.015625
0 0.817187 0.510156 0.034375 0.035937
0 0.831250 0.540625 0.025000 0.028125
0 0.843750 0.567187 0.025000 0.034375
0 0.850000 0.592969 0.031250 0.017188
0 0.867969 0.614844 0.035937 0.026562
0 0.878125 0.639844 0.043750 0.020313
0 0.886719 0.664062 0.039062 0.025000
0 0.893750 0.685937 0.043750 0.021875
0 0.903125 0.710156 0.043750 0.026562
0 0.906250 0.734375 0.037500 0.028125
0 0.917188 0.760156 0.043750 0.023438
0 0.931250 0.782031 0.034375 0.023438
0 0.939063 0.809375 0.037500 0.028125
0 0.948438 0.837500 0.040625 0.025000
0 0.960156 0.864844 0.032813 0.029687
0 0.975000 0.887500 0.037500 0.021875
0 0.976562 0.907813 0.034375 0.018750
0 0.984375 0.927344 0.031250 0.017188
0 0.988281 0.946094 0.026562 0.017188
0 0.995313 0.965625 0.021875 0.015625
0 0.994531 0.986719 0.020313 0.023438
0 0.987500 0.810937 0.028125 0.031250
0 0.983594 0.833594 0.032813 0.026562
0 0.991406 0.859375 0.014063 0.031250
0 0.827344 0.967969 0.032813 0.029687
0 0.841406 0.990625 0.042188 0.018750
0 0.880469 0.987500 0.039062 0.021875
0 0.921094 0.989844 0.035937 0.017188
0 0.961719 0.985156 0.035937 0.023438
0 0.955469 0.957031 0.039062 0.032813
0 0.943750 0.922656 0.037500 0.035937
0 0.932031 0.889062 0.039062 0.031250
0 0.917969 0.857812 0.035937 0.031250
0 0.907031 0.826562 0.035937 0.034375
0 0.894531 0.792969 0.035937 0.039062
0 0.875781 0.754687 0.035937 0.037500
0 0.865625 0.719531 0.031250 0.035937
0 0.853906 0.685156 0.026562 0.039062
0 0.569531 0.013281 0.039062 0.023438
0 0.573438 0.038281 0.040625 0.026562
0 0.613281 0.010937 0.029687 0.018750
0 0.588281 0.064844 0.039062 0.017188
0 0.600781 0.086719 0.029687 0.020313
0 0.613281 0.110156 0.026562 0.023438
0 0.626563 0.134375 0.031250 0.018750
0 0.631250 0.153125 0.031250 0.021875
0 0.647656 0.178906 0.014063 0.020313
0 0.633594 0.181250 0.020313 0.028125
0 0.643750 0.204687 0.031250 0.025000
0 0.650781 0.225781 0.020313 0.032813
0 0.668750 0.257031 0.028125 0.023438
0 0.818750 0.935937 0.037500 0.031250
0 0.804688 0.905469 0.034375 0.026562
0 0.795312 0.878125 0.034375 0.021875
0 0.787500 0.851562 0.037500 0.025000
0 0.777344 0.824219 0.042188 0.029687
0 0.771875 0.795312 0.040625 0.031250
0 0.760156 0.767188 0.032813 0.025000
0 0.750000 0.743750 0.040625 0.025000
0 0.739062 0.715625 0.040625 0.031250
0 0.727344 0.688281 0.032813 0.026562
0 0.717187 0.664844 0.034375 0.023438
0 0.703906 0.632812 0.032813 0.034375
0 0.696094 0.601562 0.029687 0.031250
0 0.682813 0.568750 0.037500 0.028125
0 0.675781 0.542188 0.039062 0.021875
0 0.669531 0.517188 0.029687 0.025000
0 0.439844 0.012500 0.029687 0.025000
0 0.447656 0.032813 0.017188 0.018750
0 0.460938 0.055469 0.028125 0.029687
0 0.469531 0.090625 0.029687 0.037500
0 0.487500 0.125000 0.028125 0.034375
0 0.507031 0.156250 0.026562 0.031250
0 0.510156 0.185156 0.026562 0.029687
0 0.522656 0.214062 0.023438 0.028125
0 0.535937 0.244531 0.018750 0.026562
0 0.546094 0.273438 0.032813 0.028125
0 0.557813 0.295312 0.025000 0.018750
0 0.568750 0.315625 0.031250 0.021875
0 0.577344 0.342969 0.032813 0.026562
0 0.587500 0.366406 0.028125 0.020313
0 0.597656 0.393750 0.032813 0.025000
0 0.610156 0.420312 0.032813 0.021875
0 0.617188 0.441406 0.031250 0.023438
0 0.635938 0.462500 0.031250 0.025000
0 0.647656 0.489844 0.029687 0.029687
0 0.916406 0.967187 -0.039062 -0.028125
0 0.839063 0.655469 -0.046875 -0.017188
0 0.830469 0.629687 -0.032813 -0.034375
0 0.811719 0.596094 -0.039062 -0.032813
0 0.806250 0.565625 -0.034375 -0.025000
0 0.797656 0.539844 -0.035937 -0.023438
0 0.776563 0.517969 -0.031250 -0.017188
0 0.767969 0.493750 -0.032813 -0.021875
0 0.758594 0.468750 -0.026562 -0.025000
0 0.741406 0.440625 -0.029687 -0.025000
0 0.735156 0.416406 -0.029687 -0.026562
0 0.725000 0.388281 -0.031250 -0.023438
0 0.714063 0.359375 -0.021875 -0.034375
0 0.703125 0.335156 -0.028125 -0.026562
0 0.689063 0.310937 -0.028125 -0.021875
0 0.681250 0.288281 -0.037500 -0.026562
0 0.908594 0.939063 -0.035937 -0.031250
0 0.896094 0.910156 -0.048438 -0.029687
0 0.886719 0.878125 -0.045312 -0.028125
0 0.883594 0.853125 -0.048438 -0.018750
0 0.870313 0.824219 -0.050000 -0.029687
0 0.853125 0.793750 -0.040625 -0.034375
0 0.839844 0.758594 -0.039062 -0.032813
0 0.866406 0.961719 -0.042188 -0.023438
0 0.860938 0.936719 -0.043750 -0.023438
0 0.846875 0.911719 -0.043750 -0.020313
0 0.830469 0.882812 0.026562 0.025000
0 0.858594 0.892188 0.020313 0.015625
0 0.852344 0.873437 0.023438 0.015625
0 0.828906 0.851562 0.042188 0.028125
0 0.818750 0.821094 0.043750 0.032813
0 0.811719 0.791406 0.042188 0.026562
0 0.794531 0.766406 0.042188 0.026562
0 0.787500 0.742188 0.037500 0.021875
0 0.782813 0.716406 0.043750 0.029687
0 0.830469 0.730469 -0.048438 -0.020313
0 0.827344 0.710938 -0.042188 -0.012500
0 0.820312 0.683594 -0.031250 -0.029687
0 0.578125 0.253906 0.040625 0.032813
0 0.588281 0.290625 0.032813 0.031250
0 0.601562 0.322656 0.034375 0.029687
0 0.614844 0.351562 0.035937 0.031250
0 0.628125 0.382812 0.043750 0.034375
0 0.639844 0.413281 0.032813 0.035937
0 0.652344 0.446094 0.035937 0.026562
0 0.672656 0.470313 0.035937 0.025000
0 0.679688 0.492969 0.031250 0.017188
0 0.696094 0.514844 0.026562 0.026562
0 0.710938 0.546094 0.025000 0.026562
0 0.720313 0.573438 0.031250 0.031250
0 0.728906 0.601562 0.029687 0.028125
0 0.736719 0.634375 0.029687 0.031250
0 0.748437 0.664844 0.031250 0.020313
0 0.757812 0.686719 0.028125 0.023438
0 0.790625 0.686719 0.031250 0.020313
0 0.475000 0.017188 0.031250 0.034375
0 0.484375 0.054688 0.021875 0.034375
0 0.494531 0.092188 0.017188 0.037500
0 0.792188 0.653125 0.040625 0.037500
0 0.781250 0.622656 -0.056250 -0.020313
0 0.765625 0.598437 -0.043750 -0.021875
0 0.767969 0.570312 -0.048438 -0.028125
0 0.754687 0.541406 -0.053125 -0.023438
0 0.734375 0.515625 -0.046875 -0.025000
0 0.723437 0.490625 -0.050000 -0.018750
0 0.718750 0.469531 -0.046875 -0.026562
0 0.710938 0.442969 -0.028125 -0.020313
0 0.682031 0.444531 -0.026562 -0.023438
0 0.706250 0.416406 0.025000 0.029687
0 0.675781 0.415625 0.039062 0.034375
0 0.696094 0.387500 0.023438 0.031250
0 0.666406 0.380469 0.032813 0.035937
0 0.692969 0.356250 0.026562 0.025000
0 0.675781 0.329688 0.026562 0.025000
0 0.658594 0.350781 0.042188 0.023438
0 0.640625 0.320312 0.040625 0.031250
0 0.653125 0.284375 0.025000 0.037500
0 0.620313 0.285156 0.037500 0.035937
0 0.627344 0.253125 0.051562 0.028125
0 0.621094 0.233594 0.032813 0.017188
0 0.619531 0.208594 0.020313 0.029687
0 0.597656 0.217188 0.026562 0.028125
0 0.560937 0.219531 0.031250 0.029687
0 0.603125 0.187500 -0.028125 -0.025000
0 0.569531 0.192188 -0.029687 -0.021875
0 0.540625 0.185156 0.021875 0.026562
0 0.594531 0.164844 0.035937 0.017188
0 0.544531 0.157812 0.035937 0.025000
0 0.562500 0.169531 0.028125 0.017188
0 0.588281 0.141406 0.039062 0.026562
0 0.546094 0.135156 -0.039062 -0.014063
0 0.516406 0.126562 0.023438 0.031250
0 0.578906 0.114062 0.035937 0.025000
0 0.566406 0.085938 0.035937 0.034375
0 0.542969 0.055469 0.035937 0.026562
0 0.536719 0.031250 0.032813 0.021875
0 0.532813 0.010156 0.031250 0.017188
0 0.546094 0.118750 -0.035937 -0.018750
0 0.527344 0.092188 -0.039062 -0.034375
0 0.508594 0.057813 -0.029687 -0.025000
0 0.504687 0.033594 -0.025000 -0.017188
0 0.423438 0.051562 -0.046875 -0.021875
0 0.417187 0.029687 -0.050000 -0.015625
0 0.400000 0.008594 -0.043750 -0.017188
0 0.431250 0.077344 0.034375 0.026562
0 0.441406 0.107031 0.039062 0.026562
0 0.450781 0.134375 0.042188 0.025000
0 0.466406 0.164062 0.042188 0.031250
0 0.478125 0.197656 0.034375 0.032813
0 0.491406 0.232031 0.032813 0.032813
0 0.496094 0.268750 0.039062 0.034375
0 0.512500 0.296875 0.031250 0.025000
0 0.525781 0.323437 0.032813 0.021875
0 0.536719 0.353125 0.035937 0.034375
0 0.551562 0.383594 0.037500 0.029687
0 0.809375 0.989062 0.015625 0.025000
0 0.789062 0.960938 -0.040625 -0.021875
0 0.775781 0.931250 -0.048438 -0.028125
0 0.761719 0.903125 -0.045312 -0.025000
0 0.753906 0.875781 -0.048438 -0.023438
0 0.746094 0.850781 -0.035937 -0.023438
0 0.734375 0.825000 -0.034375 -0.025000
0 0.725781 0.798438 -0.039062 -0.025000
0 0.719531 0.773438 -0.035937 -0.025000
0 0.714844 0.745313 -0.035937 -0.025000
0 0.581250 0.448437 0.040625 0.031250
0 0.567969 0.417187 0.042188 0.037500
0 0.696094 0.717969 0.039062 0.039062
0 0.679688 0.685937 0.043750 0.031250
0 0.671875 0.657031 0.040625 0.035937
0 0.658594 0.623437 0.042188 0.031250
0 0.646094 0.593750 0.035937 0.043750
0 0.625000 0.563281 0.040625 0.039062
0 0.611719 0.532031 0.032813 0.032813
0 0.602344 0.509375 0.042188 0.031250
0 0.595313 0.488281 0.040625 0.026562
0 0.352344 0.013281 0.045312 0.023438
0 0.368750 0.037500 0.037500 0.028125
0 0.384375 0.064062 0.040625 0.025000
0 0.398438 0.091406 0.037500 0.035937
0 0.407031 0.124219 0.042188 0.035937
0 0.418750 0.153906 0.037500 0.039062
0 0.429688 0.195312 0.046875 0.031250
0 0.441406 0.225000 0.045312 0.031250
0 0.457031 0.252344 0.039062 0.032813
0 0.464844 0.281250 0.042188 0.034375
0 0.479687 0.310156 0.040625 0.035937
0 0.490625 0.341406 0.040625 0.035937
0 0.502344 0.378125 0.035937 0.031250
0 0.520312 0.398438 0.031250 0.028125
0 0.529687 0.424219 0.034375 0.032813
0 0.546875 0.457813 0.034375 0.034375
0 0.553906 0.491406 0.039062 0.032813
0 0.562500 0.523438 0.040625 0.034375
0 0.571094 0.558594 0.048438 0.029687
0 0.590625 0.589063 0.037500 0.037500
0 0.613281 0.621875 0.039062 0.028125
0 0.628906 0.657813 0.039062 0.031250
0 0.642969 0.692187 0.029687 0.028125
0 0.663281 0.723437 0.032813 0.031250
0 0.676562 0.758594 0.037500 0.032813
0 0.691406 0.790625 0.042188 0.037500
0 0.700781 0.826562 0.035937 0.031250
0 0.253125 0.678906 0.034375 0.032813
0 0.710156 0.862500 0.039062 0.031250
0 0.722656 0.900000 0.039062 0.043750
0 0.729688 0.941406 0.028125 0.032813
0 0.748437 0.960156 0.037500 0.035937
0 0.763281 0.983594 0.035937 0.032813
0 0.047656 0.039062 0.045312 0.040625
0 0.060937 0.075781 0.037500 0.029687
0 0.073438 0.109375 0.037500 0.034375
0 0.084375 0.142187 0.040625 0.046875
0 0.096875 0.180469 0.040625 0.029687
0 0.107813 0.209375 0.034375 0.031250
0 0.114844 0.239063 0.035937 0.034375
0 0.128906 0.271875 0.039062 0.040625
0 0.153906 0.317969 0.045312 0.045312
0 0.167969 0.358594 0.035937 0.032813
0 0.178906 0.391406 0.039062 0.032813
0 0.196875 0.423438 0.037500 0.034375
0 0.205469 0.455469 0.039062 0.032813
0 0.219531 0.488281 0.032813 0.029687
0 0.231250 0.518750 0.037500 0.028125
0 0.239063 0.545312 0.037500 0.034375
0 0.253906 0.580469 0.039062 0.032813
0 0.269531 0.612500 0.032813 0.034375
0 0.286719 0.642188 0.032813 0.031250
0 0.287500 0.675000 0.037500 0.031250
0 0.298438 0.703906 0.034375 0.035937
0 0.317188 0.739062 0.040625 0.031250
0 0.328906 0.770312 0.035937 0.034375
0 0.342187 0.806250 0.034375 0.031250
0 0.357812 0.839063 0.034375 0.031250
0 0.365625 0.867969 0.037500 0.029687
0 0.375781 0.896875 0.039062 0.031250
0 0.385156 0.930469 0.035937 0.029687
0 0.393750 0.964063 0.037500 0.028125
0 0.407031 0.996094 0.035937 0.042188
0 0.036719 0.003906 0.039062 -0.039062
0 0.080469 0.008594 0.029687 -0.029687
0 0.082812 0.036719 0.043750 0.029687
0 0.094531 0.064844 0.039062 0.032813
0 0.108594 0.098437 0.039062 0.028125
0 0.121094 0.134375 0.048438 0.028125
0 0.133594 0.161719 0.051562 0.020313
0 0.138281 0.184375 0.048438 0.034375
0 0.143750 0.210938 0.040625 0.021875
0 0.152344 0.233594 0.039062 0.026562
0 0.169531 0.265625 0.032813 0.031250
0 0.178125 0.291406 0.034375 0.032813
0 0.203125 0.320312 0.034375 0.034375
0 0.206250 0.344531 0.037500 0.029687
0 0.209375 0.371094 0.034375 0.029687
0 0.223438 0.395313 0.034375 0.031250
0 0.242969 0.453125 0.032813 0.028125
0 0.236719 0.422656 0.035937 0.029687
0 0.256250 0.474219 0.037500 0.026562
0 0.267188 0.498437 0.037500 0.028125
0 0.285156 0.542969 0.042188 0.029687
0 0.277344 0.520312 0.039062 0.028125
0 0.298438 0.575781 0.037500 0.032813
0 0.311719 0.608594 0.032813 0.039062
0 0.324219 0.633594 0.032813 0.023438
0 0.326562 0.661719 0.037500 0.020313
0 0.338281 0.687500 0.032813 0.018750
0 0.342969 0.713281 0.042188 0.023438
0 0.357031 0.731250 0.039062 0.021875
0 0.368750 0.757812 0.034375 0.025000
0 0.377344 0.786719 0.039062 0.032813
0 0.391406 0.815625 0.029687 0.040625
0 0.396875 0.845313 0.031250 0.028125
0 0.403125 0.865625 0.031250 0.025000
0 0.203906 0.775781 0.029687 -0.026562
0 0.214062 0.796875 0.028125 -0.028125
0 0.225000 0.820312 0.021875 -0.031250
0 0.234375 0.842969 0.028125 -0.020313
0 0.242969 0.856250 0.032813 -0.028125
0 0.297656 0.811719 0.032813 -0.020313
0 0.269531 0.712500 0.029687 -0.028125
0 0.278125 0.741406 0.031250 -0.026562
0 0.287500 0.770312 0.037500 -0.028125
0 0.298438 0.790625 0.034375 -0.028125
0 0.358594 0.960156 0.026562 -0.026562
0 0.349219 0.935937 0.032813 -0.025000
0 0.330469 0.898438 0.035937 -0.025000
0 0.325000 0.879687 0.037500 -0.028125
0 0.317969 0.857812 0.029687 -0.025000
0 0.314844 0.836719 0.029687 -0.020313
0 0.303125 0.821094 0.037500 -0.026562
0 0.247656 0.880469 0.029687 -0.026562
0 0.253125 0.900000 0.040625 -0.028125
0 0.262500 0.930469 0.037500 -0.035937
0 0.278125 0.955469 0.034375 -0.029687
0 0.296094 0.976562 0.035937 -0.028125
0 0.325000 0.988281 0.037500 0.026562
0 0.367188 0.982812 0.037500 0.031250
0 0.330469 0.962500 0.039062 0.025000
0 0.314063 0.938281 0.037500 0.026562
0 0.300000 0.914844 0.040625 0.039062
0 0.287500 0.893750 0.034375 0.031250
0 0.285938 0.865625 0.031250 0.040625
0 0.270313 0.841406 0.037500 0.032813
0 0.260937 0.813281 0.034375 0.039062
0 0.247656 0.776563 0.035937 0.034375
0 0.416406 0.899219 0.035937 0.035937
0 0.424219 0.925781 0.032813 0.032813
0 0.433594 0.950000 0.039062 0.031250
0 0.442188 0.974219 0.034375 0.032813
0 0.123438 0.005469 0.050000 -0.029687
0 0.131250 0.025000 0.043750 -0.031250
0 0.139063 0.057813 0.043750 -0.037500
0 0.147656 0.089063 0.042188 -0.040625
0 0.165625 0.113281 0.034375 -0.039062
0 0.175781 0.150781 0.045312 -0.035937
0 0.188281 0.178125 0.042188 -0.037500
0 0.192188 0.210156 0.043750 -0.029687
0 0.194531 0.238281 0.048438 -0.032813
0 0.210938 0.267969 0.046875 -0.032813
0 0.222656 0.291406 0.039062 -0.032813
0 0.241406 0.323437 0.042188 -0.031250
0 0.253125 0.355469 0.031250 -0.035937
0 0.264844 0.394531 0.042188 -0.032813
0 0.278125 0.426563 0.040625 -0.034375
0 0.292187 0.460938 0.034375 -0.031250
0 0.312500 0.494531 0.034375 -0.032813
0 0.326562 0.527344 0.037500 -0.032813
0 0.337500 0.565625 0.040625 -0.040625
0 0.349219 0.593750 0.039062 -0.031250
0 0.352344 0.632031 0.039062 -0.029687
0 0.367969 0.664062 0.032813 -0.034375
0 0.382031 0.696875 0.039062 -0.031250
0 0.396875 0.733594 0.034375 -0.032813
0 0.407031 0.760938 0.039062 -0.031250
0 0.419531 0.789844 0.029687 -0.029687
0 0.424219 0.823438 0.032813 -0.028125
0 0.433594 0.853906 0.035937 -0.029687
0 0.453125 0.881250 0.031250 -0.034375
0 0.458594 0.911719 0.032813 -0.029687
0 0.471094 0.942187 0.035937 -0.025000
0 0.482031 0.964063 0.042188 -0.028125
0 0.489844 0.987500 0.042188 0.028125
0 0.173437 0.014063 0.031250 -0.040625
0 0.178906 0.046094 0.026562 -0.042188
0 0.187500 0.076563 0.028125 -0.028125
0 0.196875 0.101562 0.028125 -0.021875
0 0.206250 0.124219 0.025000 -0.026562
0 0.210156 0.150781 0.039062 -0.029687
0 0.226562 0.176563 0.037500 -0.021875
0 0.233594 0.201563 0.029687 -0.025000
0 0.241406 0.225000 0.029687 -0.025000
0 0.250000 0.257812 0.031250 -0.037500
0 0.266406 0.285156 0.032813 -0.026562
0 0.278125 0.317188 0.028125 -0.037500
0 0.289844 0.355469 0.039062 -0.032813
0 0.298438 0.392188 0.040625 -0.028125
0 0.316406 0.428906 0.032813 -0.035937
0 0.329688 0.465625 0.031250 -0.025000
0 0.346875 0.495312 0.031250 -0.028125
0 0.362500 0.526563 0.040625 -0.031250
0 0.370312 0.560937 0.037500 -0.037500
0 0.381250 0.592969 0.028125 -0.023438
0 0.391406 0.623437 0.026562 -0.028125
0 0.396094 0.656250 0.035937 -0.031250
0 0.535156 0.978906 0.039062 0.032813
0 0.525781 0.950781 0.039062 0.026562
0 0.513281 0.921875 0.032813 0.034375
0 0.497656 0.896094 0.029687 0.029687
0 0.486719 0.872656 0.032813 0.032813
0 0.474219 0.837500 0.035937 0.040625
0 0.454688 0.797656 0.031250 0.039062
0 0.442969 0.759375 0.035937 0.034375
0 0.428125 0.722656 0.028125 0.035937
0 0.414844 0.685937 0.035937 0.040625
0 0.579688 0.981250 0.037500 0.034375
0 0.604688 0.985938 0.028125 0.025000
0 0.636719 0.989844 0.023438 0.017188
0 0.660156 0.979688 0.032813 0.034375
0 0.688281 0.992188 0.020313 0.025000
0 0.721094 0.979688 0.029687 0.040625
0 0.568750 0.946875 0.037500 0.031250
0 0.552344 0.913281 0.042188 0.035937
0 0.538281 0.884375 0.032813 0.034375
0 0.523438 0.854688 0.040625 0.037500
0 0.517969 0.819531 0.042188 0.032813
0 0.508594 0.783594 0.029687 0.035937
0 0.479687 0.743750 0.043750 0.046875
0 0.465625 0.710938 0.040625 0.050000
0 0.449219 0.673438 0.045312 0.046875
0 0.430469 0.632031 0.060937 0.051562
0 0.418750 0.587500 0.040625 0.031250
0 0.404687 0.549219 0.040625 0.042188
0 0.393750 0.500781 0.040625 0.045312
0 0.367969 0.453906 0.039062 0.035937
0 0.621094 0.954688 0.029687 0.034375
0 0.655469 0.942969 0.035937 0.029687
0 0.690625 0.953906 0.031250 0.032813
0 0.695312 0.915625 0.028125 0.037500
0 0.664844 0.907031 0.039062 0.023438
0 0.608594 0.912500 0.035937 0.037500
0 0.641406 0.883594 0.026562 0.035937
0 0.665625 0.865625 0.034375 0.034375
0 0.580469 0.873437 0.035937 0.028125
0 0.619531 0.850000 0.026562 0.031250
0 0.650000 0.823438 0.034375 0.028125
0 0.571094 0.833594 0.032813 0.026562
0 0.603906 0.817187 0.035937 0.028125
0 0.643750 0.786719 0.034375 0.032813
0 0.562500 0.798438 0.028125 0.015625
0 0.596875 0.782031 0.031250 0.029687
0 0.584375 0.743750 0.034375 0.034375
0 0.539844 0.772656 0.035937 0.026562
0 0.517188 0.745313 0.043750 0.025000
0 0.623437 0.735938 0.034375 0.031250
0 0.464844 0.582812 0.035937 0.037500
0 0.479687 0.619531 0.053125 0.048438
0 0.494531 0.662500 0.035937 0.043750
0 0.507031 0.699219 0.039062 0.032813
0 0.526563 0.619531 0.037500 0.035937
0 0.417969 0.358594 0.035937 0.042188
0 0.432812 0.392969 0.043750 0.035937
0 0.442188 0.423438 0.040625 0.034375
0 0.454688 0.449219 0.034375 0.032813
0 0.464844 0.478125 0.029687 0.037500
0 0.475000 0.505469 0.034375 0.032813
0 0.489844 0.535156 0.039062 0.035937
0 0.502344 0.563281 0.039062 0.045312
0 0.516406 0.590625 0.035937 0.034375
0 0.534375 0.657813 0.046875 0.040625
0 0.546094 0.687500 0.042188 0.031250
0 0.555469 0.714063 0.042188 0.037500
0 0.590625 0.704688 0.031250 0.028125
0 0.616406 0.694531 0.026562 0.029687
0 0.583594 0.653125 0.042188 0.043750
0 0.565625 0.611719 0.028125 0.035937
0 0.553125 0.578125 0.031250 0.037500
0 0.535937 0.553125 0.028125 0.040625
0 0.525781 0.514062 0.023438 0.037500
0 0.514844 0.482031 0.029687 0.035937
0 0.495312 0.436719 0.028125 0.035937
0 0.479687 0.400000 0.031250 0.037500
0 0.454688 0.350781 0.028125 0.039062
0 0.438281 0.310156 0.029687 0.032813
0 0.420312 0.274219 0.031250 0.032813
0 0.444531 0.534375 0.035937 0.037500
0 0.432031 0.485156 0.035937 0.039062
0 0.410938 0.446094 0.037500 0.039062
0 0.400000 0.407031 0.028125 0.032813
0 0.357812 0.415625 0.040625 0.034375
0 0.387500 0.372656 0.034375 0.035937
0 0.350000 0.378906 0.034375 0.026562
0 0.332813 0.347656 0.043750 0.029687
0 0.382812 0.335938 0.025000 0.028125
0 0.408594 0.314844 0.026562 0.032813
0 0.321875 0.318750 0.040625 0.028125
0 0.367188 0.302344 0.031250 0.026562
0 0.340625 0.271875 0.037500 0.037500
0 0.268750 0.097656 0.028125 0.032813
0 0.294531 0.067187 0.032813 0.028125
0 0.330469 0.056250 0.035937 0.028125
0 0.239844 0.119531 0.029687 0.023438
0 0.306250 0.273438 0.031250 0.034375
0 0.378906 0.266406 0.029687 0.035937
0 0.410938 0.230469 0.028125 0.035937
0 0.335938 0.160938 0.031250 0.031250
0 0.328125 0.131250 0.034375 0.028125
0 0.317969 0.099219 0.035937 0.032813
0 0.360156 0.089063 0.042188 0.031250
0 0.367188 0.125000 0.031250 0.031250
0 0.381250 0.160938 0.034375 0.031250
0 0.388281 0.191406 0.032813 0.029687
0 0.347656 0.191406 0.032813 0.032813
0 0.373437 0.225781 0.031250 0.032813
0 0.338281 0.228906 0.035937 0.032813
0 0.297656 0.234375 0.029687 0.028125
0 0.273438 0.207031 0.028125 0.026562
0 0.263281 0.172656 0.035937 0.039062
0 0.245312 0.141406 0.031250 0.029687
0 0.285938 0.132031 0.031250 0.029687
0 0.303906 0.160938 0.032813 0.028125
0 0.309375 0.192188 0.031250 0.034375
0 0.210938 0.014844 0.031250 0.029687
0 0.214062 0.039844 0.031250 0.032813
0 0.224219 0.074219 0.032813 0.032813
0 0.250000 0.017188 0.031250 0.025000
0 0.256250 0.044531 0.031250 0.023438
0 0.260156 0.067969 0.032813 0.026562
0 0.294531 0.014063 0.032813 0.025000
0 0.291406 0.039062 0.029687 0.025000
0 0.013281 0.042188 0.020313 -0.031250
0 0.017969 0.070312 0.032813 -0.025000
0 0.046094 0.106250 0.023438 -0.034375
0 0.017969 0.110156 0.026562 -0.035937
0 0.237500 0.742969 -0.053125 -0.023438
0 0.228125 0.717969 -0.043750 -0.039062
0 0.217188 0.682031 -0.037500 -0.020313
0 0.204687 0.659375 -0.043750 -0.021875
0 0.200781 0.642188 -0.045312 -0.015625
0 0.194531 0.625000 -0.048438 -0.018750
0 0.247656 0.645312 -0.035937 -0.031250
0 0.235156 0.613281 -0.029687 -0.026562
0 0.132031 0.471875 -0.039062 -0.028125
0 0.095312 0.477344 -0.031250 -0.026562
0 0.061719 0.483594 -0.032813 -0.029687
0 0.015625 0.482031 -0.031250 -0.026562
0 0.168750 0.460938 -0.037500 -0.025000
0 0.178906 0.602344 -0.035937 -0.023438
0 0.217969 0.579688 -0.026562 -0.028125
0 0.209375 0.604688 -0.028125 -0.018750
0 0.205469 0.550000 -0.026562 -0.025000
0 0.200000 0.523438 -0.018750 -0.025000
0 0.194531 0.491406 -0.026562 -0.032813
0 0.134375 0.496875 0.040625 0.018750
0 0.140625 0.520312 0.040625 0.028125
0 0.150781 0.547656 0.039062 0.026562
0 0.164062 0.575000 0.037500 0.028125
0 0.194531 0.578125 -0.026562 -0.025000
0 0.183594 0.549219 -0.023438 -0.026562
0 0.175781 0.523438 -0.023438 -0.025000
0 0.160938 0.428125 -0.037500 -0.034375
0 0.142187 0.392188 -0.037500 -0.031250
0 0.132031 0.359375 -0.035937 -0.028125
0 0.118750 0.319531 -0.034375 -0.042188
0 0.099219 0.277344 -0.023438 -0.035937
0 0.089063 0.244531 -0.031250 -0.035937
0 0.073438 0.210156 -0.028125 -0.023438
0 0.125000 0.433594 -0.040625 -0.045312
0 0.094531 0.443750 -0.026562 -0.040625
0 0.047656 0.447656 0.035937 0.035937
0 0.072656 0.442188 0.020313 0.043750
0 0.015625 0.448437 -0.031250 -0.034375
0 0.016406 0.413281 -0.032813 -0.029687
0 0.052344 0.417187 -0.029687 -0.028125
0 0.071094 0.408594 -0.023438 -0.014063
0 0.057031 0.392969 -0.029687 -0.017188
0 0.021094 0.391406 -0.029687 -0.017188
0 0.010156 0.367188 -0.020313 -0.021875
0 0.052344 0.376563 -0.029687 -0.021875
0 0.043750 0.351562 -0.031250 -0.021875
0 0.011719 0.342969 -0.026562 -0.017188
0 0.034375 0.329688 -0.028125 -0.018750
0 0.011719 0.322656 -0.020313 -0.017188
0 0.031250 0.307031 -0.021875 -0.023438
0 0.009375 0.297656 -0.018750 -0.020313
0 0.026562 0.280469 -0.021875 -0.023438
0 0.007031 0.274219 -0.020313 -0.020313
0 0.023438 0.251563 -0.021875 -0.021875
0 0.007031 0.250781 -0.020313 -0.020313
0 0.082031 0.399219 -0.029687 -0.029687
0 0.097656 0.393750 -0.032813 -0.028125
0 0.091406 0.370312 -0.032813 -0.021875
0 0.077344 0.348438 -0.042188 -0.018750
0 0.088281 0.315625 -0.026562 -0.034375
0 0.063281 0.323437 -0.026562 -0.018750
0 0.059375 0.305469 -0.037500 -0.020313
0 0.059375 0.279687 -0.040625 -0.021875
0 0.053906 0.252344 -0.029687 -0.023438
0 0.050000 0.221094 -0.021875 -0.032813
0 0.022656 0.224219 -0.032813 -0.026562
0 0.059375 0.178906 -0.028125 -0.023438
0 0.046875 0.149219 -0.028125 -0.039062
0 0.015625 0.150000 -0.028125 -0.037500
0 0.026562 0.185156 -0.034375 -0.029687
0 0.196094 0.747656 -0.039062 -0.029687
0 0.192188 0.710938 -0.031250 -0.031250
0 0.181250 0.680469 -0.031250 -0.020313
0 0.167187 0.657813 -0.018750 -0.025000
0 0.159375 0.629687 -0.028125 -0.021875
0 0.143750 0.600781 -0.043750 -0.020313
0 0.126562 0.575000 -0.040625 -0.025000
0 0.115625 0.546875 -0.037500 -0.025000
0 0.101562 0.521094 -0.037500 -0.020313
0 0.096875 0.500781 -0.040625 -0.017188
0 0.059375 0.509375 0.034375 0.021875
0 0.068750 0.532813 0.031250 0.028125
0 0.090625 0.551562 0.015625 0.025000
0 0.067969 0.557031 0.017188 0.017188
0 0.085938 0.578125 0.034375 0.028125
0 0.099219 0.606250 0.032813 0.028125
0 0.108594 0.634375 0.032813 0.031250
0 0.133594 0.627344 0.020313 0.029687
0 0.123438 0.661719 0.034375 0.026562
0 0.148438 0.656250 0.018750 0.028125
0 0.131250 0.691406 0.031250 0.029687
0 0.157812 0.690625 0.018750 0.034375
0 0.145313 0.724219 0.025000 0.032813
0 0.167969 0.719531 0.020313 0.026562
0 0.156250 0.758594 0.025000 0.032813
0 0.017188 0.507031 0.031250 0.026562
0 0.028906 0.534375 0.035937 0.028125
0 0.041406 0.564063 0.032813 0.034375
0 0.050781 0.597656 0.026562 0.026562
0 0.071094 0.628906 0.032813 0.032813
0 0.083594 0.657813 0.032813 0.034375
0 0.094531 0.687500 0.032813 0.028125
0 0.106250 0.715625 0.037500 0.031250
0 0.115625 0.746094 0.034375 0.032813
0 0.128906 0.783594 0.026562 0.042188
0 0.136719 0.819531 0.032813 0.032813
0 0.144531 0.855469 0.029687 0.039062
0 0.159375 0.892188 0.034375 0.031250
0 0.169531 0.917969 0.039062 0.026562
0 0.183594 0.942187 0.029687 0.034375
0 0.193750 0.977344 0.040625 0.039062
0 0.245312 0.974219 0.059375 0.035937
0 0.221094 0.937500 0.042188 0.034375
0 0.207813 0.905469 0.046875 0.035937
0 0.200000 0.873437 0.050000 0.031250
0 0.167969 0.857031 0.017188 0.029687
0 0.192188 0.840625 0.043750 0.031250
0 0.164062 0.787500 0.034375 0.025000
0 0.178906 0.811719 0.039062 0.026562
0 0.009375 0.570312 -0.028125 -0.037500
0 0.019531 0.610938 -0.048438 -0.034375
0 0.036719 0.650000 -0.048438 -0.037500
0 0.055469 0.684375 -0.054688 -0.028125
0 0.071094 0.720313 -0.057813 -0.040625
0 0.078906 0.752344 -0.051562 -0.023438
0 0.092969 0.775781 -0.045312 -0.023438
0 0.099219 0.806250 -0.051562 -0.031250
0 0.103125 0.841406 -0.040625 -0.035937
0 0.117969 0.875781 -0.039062 -0.032813
0 0.126562 0.908594 -0.043750 -0.035937
0 0.142187 0.940625 -0.046875 -0.028125
0 0.150000 0.974219 -0.046875 -0.035937
0 0.111719 0.978906 -0.039062 -0.029687
0 0.102344 0.944531 -0.045312 -0.029687
0 0.087500 0.904687 -0.050000 -0.034375
0 0.075000 0.869531 -0.043750 -0.029687
0 0.065625 0.834375 -0.040625 -0.031250
0 0.058594 0.802344 -0.042188 -0.029687
0 0.046094 0.766406 -0.051562 -0.035937
0 0.021094 0.719531 -0.042188 -0.035937
0 0.011719 0.682031 -0.026562 -0.023438
0 0.015625 0.789062 -0.034375 -0.034375
0 0.028125 0.830469 -0.043750 -0.042188
0 0.026562 0.866406 -0.046875 -0.029687
0 0.048438 0.902344 -0.046875 -0.032813
0 0.058594 0.938281 -0.045312 -0.042188
0 0.065625 0.973437 -0.050000 -0.034375
0 0.020313 0.973437 -0.050000 -0.034375
0 0.013281 0.933594 -0.042188 -0.032813
0 0.010156 0.896094 -0.032813 -0.023438
