0 0.082812 0.019531 0.028125 0.023438
0 0.028906 0.099219 0.023438 0.017188
0 0.059375 0.077344 0.034375 0.032813
0 0.090625 0.039844 0.021875 0.017188
0 0.091406 0.060156 0.035937 0.029687
0 0.116406 0.010156 -0.023438 -0.017188
0 0.121875 0.023438 -0.025000 -0.021875
0 0.154688 0.008594 -0.034375 -0.014063
0 0.142187 0.018750 -0.021875 -0.018750
0 0.037500 0.116406 -0.025000 -0.020313
0 0.043750 0.135937 -0.028125 -0.018750
0 0.015625 0.153125 -0.031250 -0.034375
0 0.019531 0.177344 -0.029687 -0.026562
0 0.025000 0.195312 -0.037500 -0.028125
0 0.032813 0.216406 -0.031250 -0.023438
0 0.045312 0.239844 -0.037500 -0.029687
0 0.051562 0.267969 -0.037500 -0.029687
0 0.061719 0.294531 -0.039062 -0.035937
0 0.011719 0.246875 -0.020313 -0.043750
0 0.019531 0.277344 -0.026562 -0.029687
0 0.059375 0.177344 -0.028125 -0.020313
0 0.054688 0.161719 -0.031250 -0.026562
0 0.065625 0.198437 -0.031250 -0.028125
0 0.076563 0.221875 -0.034375 -0.021875
0 0.088281 0.197656 -0.029687 -0.020313
0 0.102344 0.221875 -0.023438 -0.021875
0 0.077344 0.242969 -0.032813 -0.026562
0 0.093750 0.271094 -0.034375 -0.020313
0 0.092188 0.285156 -0.031250 -0.032813
0 0.074219 0.320312 -0.035937 -0.025000
0 0.089063 0.344531 -0.028125 -0.023438
0 0.029687 0.296875 -0.031250 -0.021875
0 0.040625 0.321875 -0.028125 -0.025000
0 0.013281 0.308594 -0.020313 -0.029687
0 0.049219 0.355469 0.035937 0.029687
0 0.055469 0.384375 0.035937 0.025000
0 0.064062 0.414062 0.034375 0.034375
0 0.076563 0.450781 0.037500 0.029687
0 0.084375 0.480469 0.028125 0.032813
0 0.095312 0.512500 0.028125 0.031250
0 0.099219 0.540625 0.035937 0.018750
0 0.117969 0.564063 0.029687 0.031250
0 0.130469 0.589063 0.026562 0.025000
0 0.143750 0.612500 0.031250 0.037500
0 0.155469 0.646875 0.023438 0.028125
0 0.159375 0.670312 -0.034375 -0.021875
0 0.177344 0.696094 -0.032813 -0.029687
0 0.184375 0.718750 -0.031250 -0.031250
0 0.199219 0.745313 -0.039062 -0.028125
0 0.202344 0.770312 -0.042188 -0.040625
0 0.218750 0.798438 -0.037500 -0.028125
0 0.231250 0.832031 -0.031250 -0.039062
0 0.242969 0.851562 -0.026562 -0.028125
0 0.252344 0.869531 -0.029687 -0.026562
0 0.264844 0.890625 -0.029687 -0.025000
0 0.276562 0.915625 -0.037500 -0.031250
0 0.283594 0.939063 -0.032813 -0.031250
0 0.289844 0.959375 -0.029687 -0.028125
0 0.299219 0.981250 0.032813 0.031250
0 0.014063 0.985156 0.015625 0.026562
0 0.010156 0.958594 -0.020313 -0.026562
0 0.092188 0.371875 0.028125 0.034375
0 0.099219 0.403125 0.045312 0.037500
0 0.113281 0.439844 0.026562 0.042188
0 0.084375 0.428906 0.034375 0.020313
0 0.123438 0.471094 0.031250 0.039062
0 0.131250 0.510156 0.046875 0.032813
0 0.147656 0.537500 0.039062 0.031250
0 0.163281 0.565625 0.032813 0.031250
0 0.175000 0.602344 0.028125 0.035937
0 0.188281 0.636719 0.032813 0.032813
0 0.203906 0.671094 0.029687 0.032813
0 0.213281 0.696094 0.035937 0.039062
0 0.220312 0.725000 0.037500 0.025000
0 0.239063 0.753125 0.037500 0.031250
0 0.248438 0.786719 0.037500 0.029687
0 0.264062 0.818750 0.046875 0.043750
0 0.280469 0.857812 0.035937 0.037500
0 0.291406 0.888281 0.023438 0.020313
0 0.307031 0.914062 0.023438 0.018750
0 0.312500 0.932031 0.031250 0.029687
0 0.325000 0.953906 0.034375 0.026562
0 0.336719 0.980469 0.035937 0.035937
0 0.261719 0.980469 0.032813 0.032813
0 0.248438 0.956250 0.031250 0.031250
0 0.239063 0.926562 0.031250 0.025000
0 0.233594 0.905469 0.032813 0.020313
0 0.224219 0.887500 0.026562 0.028125
0 0.218750 0.869531 0.028125 0.035937
0 0.210938 0.846875 0.025000 0.028125
0 0.206250 0.821875 0.034375 0.034375
0 0.220312 0.978906 0.037500 0.039062
0 0.205469 0.950781 0.032813 0.026562
0 0.194531 0.922656 0.045312 0.032813
0 0.190625 0.898438 -0.040625 -0.028125
0 0.175000 0.868750 -0.040625 -0.031250
0 0.165625 0.837500 -0.034375 -0.037500
0 0.135937 0.775000 -0.034375 -0.025000
0 0.126562 0.746094 -0.031250 -0.023438
0 0.149219 0.803906 -0.029687 -0.032813
0 0.114062 0.715625 -0.028125 -0.031250
0 0.098437 0.688281 -0.028125 -0.029687
0 0.068750 0.631250 -0.037500 -0.046875
0 0.076563 0.657813 -0.037500 -0.037500
0 0.066406 0.592969 -0.032813 -0.029687
0 0.060156 0.564844 -0.023438 -0.020313
0 0.051562 0.533594 -0.031250 -0.026562
0 0.035937 0.507031 -0.028125 -0.023438
0 0.022656 0.478125 -0.032813 -0.031250
0 0.180469 0.796094 0.029687 0.026562
0 0.169531 0.767969 0.023438 0.032813
0 0.155469 0.739844 0.020313 0.020313
0 0.143750 0.712500 0.028125 0.031250
0 0.127344 0.682031 0.032813 0.032813
0 0.121094 0.651563 0.032813 0.028125
0 0.110937 0.626563 0.028125 0.031250
0 0.103125 0.600000 0.031250 0.025000
0 0.096094 0.576562 0.035937 0.025000
0 0.083594 0.559375 0.035937 0.025000
0 0.074219 0.535156 0.017188 0.020313
0 0.063281 0.504687 0.023438 0.031250
0 0.051562 0.477344 0.025000 0.023438
0 0.046094 0.455469 0.035937 0.029687
0 0.033594 0.431250 0.026562 0.025000
0 0.021094 0.404687 0.029687 0.031250
0 0.017188 0.376563 -0.028125 -0.034375
0 0.015625 0.345313 -0.025000 -0.034375
0 0.014844 0.442188 -0.020313 -0.034375
0 0.039844 0.594531 0.023438 0.029687
0 0.030469 0.564844 0.023438 0.026562
0 0.019531 0.534375 -0.029687 -0.025000
0 0.009375 0.509375 -0.015625 -0.034375
0 0.009375 0.576562 -0.015625 -0.050000
0 0.028125 0.616406 -0.031250 -0.029687
0 0.009375 0.629687 -0.018750 -0.031250
0 0.017188 0.664062 -0.028125 -0.034375
0 0.022656 0.690625 -0.035937 -0.034375
0 0.035937 0.716406 -0.031250 -0.026562
0 0.045312 0.735938 -0.028125 -0.021875
0 0.051562 0.758594 -0.040625 -0.026562
0 0.057813 0.782031 -0.031250 -0.023438
0 0.073438 0.800781 -0.028125 -0.023438
0 0.085938 0.821875 -0.037500 -0.025000
0 0.094531 0.848437 -0.023438 -0.025000
0 0.106250 0.876563 -0.031250 -0.031250
0 0.110937 0.900000 -0.018750 -0.021875
0 0.121875 0.924219 -0.034375 -0.017188
0 0.125000 0.945312 -0.037500 -0.025000
0 0.135937 0.968750 -0.028125 -0.018750
0 0.140625 0.950000 0.000000 0.000000
0 0.139844 0.982812 0.035937 0.028125
0 0.038281 0.647656 0.023438 0.029687
0 0.047656 0.679688 0.023438 0.021875
0 0.062500 0.705469 0.021875 0.023438
0 0.070312 0.685156 0.015625 0.020313
0 0.070312 0.727344 0.031250 0.023438
0 0.081250 0.750781 0.034375 0.023438
0 0.092188 0.775781 0.028125 0.029687
0 0.107031 0.798438 0.032813 0.021875
0 0.118750 0.820312 0.034375 0.021875
0 0.128125 0.844531 0.031250 0.020313
0 0.137500 0.868750 0.031250 0.031250
0 0.146875 0.900000 0.037500 0.028125
0 0.154688 0.928906 0.025000 0.026562
0 0.167187 0.954688 0.037500 0.021875
0 0.178125 0.982812 0.037500 0.028125
0 0.010937 0.728906 -0.021875 -0.026562
0 0.015625 0.759375 -0.025000 -0.028125
0 0.027344 0.788281 -0.029687 -0.026562
0 0.006250 0.795312 -0.012500 -0.031250
0 0.037500 0.816406 -0.034375 -0.035937
0 0.062500 0.848437 -0.040625 -0.028125
0 0.064062 0.873437 -0.025000 -0.028125
0 0.075781 0.899219 0.029687 0.020313
0 0.082812 0.923438 0.034375 0.021875
0 0.089844 0.943750 0.035937 0.021875
0 0.099219 0.968750 0.032813 0.025000
0 0.107813 0.987500 0.028125 0.018750
0 0.011719 0.824219 -0.020313 -0.026562
0 0.028125 0.852344 -0.028125 -0.029687
0 0.035156 0.882812 -0.029687 -0.028125
0 0.042969 0.911719 -0.029687 -0.026562
0 0.050781 0.939063 -0.029687 -0.034375
0 0.059375 0.965625 -0.034375 -0.025000
0 0.065625 0.986719 0.037500 0.023438
0 0.035156 0.981250 0.023438 0.028125
0 0.027344 0.951562 0.020313 0.028125
0 0.013281 0.929688 -0.023438 -0.025000
0 0.014844 0.903906 -0.023438 -0.029687
0 0.015625 0.878125 -0.021875 -0.025000
0 0.009375 0.856250 -0.012500 -0.028125
0 0.364063 0.985156 0.025000 0.026562
0 0.388281 0.983594 0.023438 0.029687
0 0.364063 0.967969 -0.031250 -0.020313
0 0.360156 0.945312 -0.020313 -0.025000
0 0.347656 0.923438 -0.026562 -0.015625
0 0.350000 0.911719 0.025000 0.017188
0 0.329688 0.900781 -0.025000 -0.023438
0 0.346875 0.895312 -0.031250 -0.025000
0 0.315625 0.881250 -0.028125 -0.021875
0 0.310156 0.861719 -0.026562 -0.023438
0 0.338281 0.869531 0.023438 0.020313
0 0.334375 0.854688 0.015625 0.012500
0 0.310937 0.835156 0.031250 0.023438
0 0.303125 0.810937 0.028125 0.025000
0 0.289844 0.783594 0.039062 0.029687
0 0.278906 0.756250 0.039062 0.031250
0 0.262500 0.722656 0.037500 0.029687
0 0.251563 0.693750 0.040625 0.031250
0 0.245312 0.664844 0.043750 0.023438
0 0.232031 0.636719 0.039062 0.020313
0 0.217969 0.616406 0.039062 0.029687
0 0.208594 0.587500 0.032813 0.025000
0 0.200000 0.557813 0.034375 0.025000
0 0.186719 0.533594 0.035937 0.023438
0 0.173437 0.503906 0.028125 0.029687
0 0.160938 0.472656 0.028125 0.029687
0 0.149219 0.437500 0.035937 0.034375
0 0.140625 0.405469 0.031250 0.026562
0 0.125781 0.377344 0.039062 0.026562
0 0.121094 0.349219 0.035937 0.026562
0 0.111719 0.324219 0.032813 0.035937
0 0.113281 0.240625 0.035937 0.018750
0 0.120313 0.260937 0.034375 0.025000
0 0.127344 0.286719 0.029687 0.026562
0 0.139063 0.312500 0.031250 0.028125
0 0.148438 0.336719 0.025000 0.023438
0 0.160938 0.364063 0.031250 0.021875
0 0.171094 0.390625 0.032813 0.028125
0 0.176563 0.418750 0.031250 0.034375
0 0.184375 0.452344 0.025000 0.026562
0 0.193750 0.477344 0.025000 0.026562
0 0.200781 0.500781 0.026562 0.026562
0 0.225000 0.527344 0.034375 0.026562
0 0.219531 0.493750 -0.023438 -0.028125
0 0.200000 0.422656 -0.018750 -0.029687
0 0.208594 0.456250 -0.023438 -0.028125
0 0.168750 0.337500 -0.015625 -0.034375
0 0.110937 0.210938 -0.025000 -0.021875
0 0.103125 0.185156 -0.034375 -0.020313
0 0.098437 0.160156 -0.034375 -0.029687
0 0.084375 0.138281 -0.034375 -0.029687
0 0.069531 0.114062 -0.029687 -0.028125
0 0.085938 0.099219 -0.021875 -0.032813
0 0.107813 0.089063 -0.025000 -0.018750
0 0.107813 0.113281 -0.028125 -0.020313
0 0.111719 0.136719 -0.032813 -0.029687
0 0.128125 0.160938 -0.028125 -0.018750
0 0.132031 0.184375 -0.029687 -0.025000
0 0.140625 0.210156 -0.025000 -0.032813
0 0.146875 0.237500 -0.037500 -0.025000
0 0.160156 0.261719 -0.032813 -0.026562
0 0.165625 0.285938 -0.037500 -0.031250
0 0.178906 0.312500 -0.029687 -0.025000
0 0.188281 0.335938 -0.029687 -0.025000
0 0.196094 0.360156 -0.032813 -0.026562
0 0.209375 0.390625 -0.034375 -0.031250
0 0.223438 0.417969 -0.031250 -0.026562
0 0.236719 0.443750 -0.035937 -0.028125
0 0.244531 0.468750 -0.029687 -0.021875
0 0.251563 0.493750 -0.031250 -0.025000
0 0.264062 0.525000 -0.037500 -0.031250
0 0.273438 0.550781 -0.028125 -0.026562
0 0.234375 0.553906 -0.037500 -0.026562
0 0.246094 0.580469 -0.035937 -0.035937
0 0.260937 0.611719 -0.037500 -0.029687
0 0.271094 0.640625 -0.029687 -0.028125
0 0.282031 0.671094 -0.026562 -0.035937
0 0.292187 0.706250 -0.028125 -0.028125
0 0.300781 0.735156 -0.023438 -0.020313
0 0.313281 0.758594 -0.023438 -0.020313
0 0.280469 0.573438 -0.026562 -0.021875
0 0.285156 0.594531 0.026562 0.023438
0 0.294531 0.614062 0.032813 0.021875
0 0.307031 0.637500 0.032813 0.025000
0 0.317188 0.663281 0.037500 0.029687
0 0.328906 0.691406 0.039062 0.023438
0 0.339844 0.710938 0.032813 0.015625
0 0.317969 0.720313 -0.020313 -0.025000
0 0.323437 0.746094 -0.018750 -0.023438
0 0.350781 0.736719 0.039062 0.032813
0 0.364063 0.765625 0.040625 0.025000
0 0.316406 0.771094 -0.039062 -0.026562
0 0.326562 0.795312 -0.028125 -0.025000
0 0.346094 0.822656 0.042188 0.023438
0 0.355469 0.846875 0.032813 0.028125
0 0.361719 0.872656 0.029687 0.026562
0 0.350781 0.794531 0.017188 0.029687
0 0.374219 0.794531 0.029687 0.032813
0 0.386719 0.824219 0.029687 0.026562
0 0.391406 0.850000 0.035937 0.028125
0 0.403906 0.876563 0.039062 0.021875
0 0.379688 0.907813 0.028125 0.031250
0 0.413281 0.901563 0.035937 0.025000
0 0.390625 0.939063 0.034375 0.028125
0 0.425000 0.928906 0.040625 0.023438
0 0.400000 0.965625 0.028125 0.021875
0 0.430469 0.948438 0.029687 0.015625
0 0.457031 0.951562 0.020313 0.018750
0 0.440625 0.966406 0.034375 0.020313
0 0.454688 0.985938 0.040625 0.021875
0 0.419531 0.985938 0.035937 0.025000
0 0.126562 0.043750 -0.025000 -0.018750
0 0.132812 0.066406 -0.034375 -0.020313
0 0.139844 0.089063 -0.035937 -0.021875
0 0.144531 0.113281 -0.032813 -0.029687
0 0.149219 0.136719 -0.042188 -0.020313
0 0.160156 0.157031 -0.035937 -0.026562
0 0.167187 0.182812 -0.034375 -0.025000
0 0.176563 0.204687 -0.037500 -0.021875
0 0.202344 0.210156 0.023438 0.020313
0 0.184375 0.228125 -0.037500 -0.021875
0 0.193750 0.250781 -0.037500 -0.023438
0 0.202344 0.276562 -0.042188 -0.025000
0 0.213281 0.298438 -0.035937 -0.018750
0 0.235937 0.303125 -0.009375 -0.018750
0 0.213281 0.316406 -0.032813 -0.020313
0 0.229687 0.339062 -0.037500 -0.021875
0 0.243750 0.321094 -0.021875 -0.029687
0 0.235156 0.360938 -0.039062 -0.025000
0 0.249219 0.385156 -0.035937 -0.023438
0 0.259375 0.413281 -0.031250 -0.026562
0 0.271875 0.441406 -0.028125 -0.026562
0 0.278125 0.464844 -0.028125 -0.023438
0 0.286719 0.489063 -0.032813 -0.028125
0 0.299219 0.514844 -0.035937 -0.023438
0 0.305469 0.539062 -0.035937 -0.025000
0 0.314063 0.561719 -0.037500 -0.023438
0 0.327344 0.585938 -0.045312 -0.028125
0 0.338281 0.610938 -0.042188 -0.028125
0 0.350781 0.634375 -0.035937 -0.025000
0 0.360156 0.658594 0.032813 0.023438
0 0.367188 0.682031 0.034375 0.029687
0 0.378906 0.708594 0.032813 0.026562
0 0.390625 0.735156 0.028125 0.026562
0 0.400781 0.764062 0.029687 0.025000
0 0.410156 0.790625 0.032813 0.025000
0 0.418750 0.820312 0.031250 0.028125
0 0.430469 0.850781 0.035937 0.026562
0 0.447656 0.879687 0.042188 0.031250
0 0.457031 0.858594 -0.017188 -0.023438
0 0.457813 0.910937 0.046875 0.025000
0 0.469531 0.934375 0.039062 0.025000
0 0.480469 0.961719 0.032813 0.029687
0 0.488281 0.984375 0.039062 0.028125
0 0.153906 0.042969 0.023438 0.020313
0 0.160938 0.061719 0.021875 0.023438
0 0.166406 0.082812 0.029687 0.031250
0 0.171094 0.108594 0.020313 0.029687
0 0.187500 0.135937 0.025000 0.021875
0 0.192188 0.157031 0.028125 0.020313
0 0.203906 0.180469 0.029687 0.026562
0 0.218750 0.203906 0.009375 0.017188
0 0.221094 0.230469 0.029687 0.026562
0 0.232813 0.259375 0.034375 0.028125
0 0.242969 0.283594 0.026562 0.020313
0 0.258594 0.307031 0.023438 0.026562
0 0.268750 0.335156 0.025000 0.029687
0 0.270313 0.357812 0.034375 0.025000
0 0.282813 0.385156 0.034375 0.035937
0 0.293750 0.412500 0.034375 0.028125
0 0.302344 0.442188 0.039062 0.028125
0 0.310937 0.469531 0.031250 0.023438
0 0.321094 0.493750 0.023438 0.021875
0 0.329688 0.515625 0.025000 0.025000
0 0.341406 0.540625 0.035937 0.025000
0 0.348438 0.562500 0.043750 0.031250
0 0.367188 0.589063 0.034375 0.025000
0 0.376563 0.617188 0.031250 0.031250
0 0.391406 0.648438 0.035937 0.028125
0 0.403125 0.681250 0.037500 0.037500
0 0.417187 0.717187 0.037500 0.034375
0 0.430469 0.751563 0.035937 0.034375
0 0.435937 0.780469 0.043750 0.035937
0 0.451562 0.813281 0.037500 0.032813
0 0.463281 0.836719 0.039062 0.026562
0 0.475781 0.855469 0.023438 0.020313
0 0.482031 0.875781 0.023438 0.017188
0 0.489844 0.895312 0.032813 0.021875
0 0.500000 0.921094 0.034375 0.029687
0 0.517188 0.949219 0.037500 0.029687
0 0.528125 0.971094 0.034375 0.017188
0 0.532031 0.989844 0.039062 0.017188
0 0.575781 0.985938 0.045312 0.025000
0 0.617969 0.985156 0.032813 0.026562
0 0.564844 0.962500 0.045312 0.021875
0 0.606250 0.960156 0.037500 0.023438
0 0.596875 0.935937 0.040625 0.028125
0 0.555469 0.936719 0.035937 0.026562
0 0.536719 0.913281 0.042188 0.032813
0 0.581250 0.906250 0.043750 0.037500
0 0.527344 0.885938 0.048438 0.028125
0 0.566406 0.872656 0.042188 0.035937
0 0.509375 0.853906 0.043750 0.035937
0 0.553906 0.842187 0.029687 0.031250
0 0.496094 0.816406 0.054688 0.039062
0 0.536719 0.809375 0.032813 0.031250
0 0.485156 0.782031 0.035937 0.029687
0 0.532031 0.782031 0.035937 0.035937
0 0.511719 0.781250 0.020313 0.034375
0 0.460938 0.782813 0.012500 0.028125
0 0.517188 0.749219 0.034375 0.035937
0 0.471875 0.746875 0.040625 0.040625
0 0.460156 0.714063 0.042188 0.034375
0 0.508594 0.714063 0.042188 0.034375
0 0.492188 0.678125 0.037500 0.037500
0 0.444531 0.678125 0.039062 0.040625
0 0.471875 0.638281 0.037500 0.032813
0 0.428125 0.642188 0.040625 0.037500
0 0.408594 0.603906 0.039062 0.039062
0 0.455469 0.602344 0.045312 0.039062
0 0.397656 0.567187 0.042188 0.037500
0 0.442188 0.565625 0.040625 0.031250
0 0.427344 0.532813 0.042188 0.037500
0 0.382812 0.528906 0.043750 0.035937
0 0.348438 0.504687 0.021875 0.040625
0 0.374219 0.492969 0.042188 0.045312
0 0.410156 0.493750 0.029687 0.037500
0 0.396875 0.458594 0.028125 0.026562
0 0.360938 0.453125 0.034375 0.031250
0 0.339844 0.466406 -0.029687 -0.026562
0 0.330469 0.440625 0.017188 0.021875
0 0.344531 0.421094 0.042188 0.029687
0 0.384375 0.427344 0.028125 0.029687
0 0.375781 0.399219 0.048438 0.029687
0 0.326562 0.392188 0.050000 0.034375
0 0.315625 0.361719 0.046875 0.026562
0 0.363281 0.367969 0.035937 0.032813
0 0.353125 0.332031 0.043750 0.032813
0 0.303125 0.330469 0.050000 0.035937
0 0.297656 0.295312 0.035937 0.031250
0 0.269531 0.293750 0.020313 0.025000
0 0.334375 0.292187 0.037500 0.040625
0 0.267969 0.260937 0.026562 0.034375
0 0.296875 0.253906 0.037500 0.042188
0 0.334375 0.252344 0.031250 0.039062
0 0.313281 0.216406 0.042188 0.032813
0 0.257031 0.220312 0.042188 0.034375
0 0.232031 0.199219 0.017188 0.026562
0 0.253906 0.189062 0.032813 0.031250
0 0.296094 0.188281 0.035937 0.026562
0 0.284375 0.216406 0.015625 0.026562
0 0.282031 0.158594 0.042188 0.035937
0 0.246094 0.155469 0.035937 0.039062
0 0.217969 0.157812 0.023438 0.028125
0 0.211719 0.125781 0.026562 0.032813
0 0.194531 0.108594 0.026562 0.032813
0 0.195312 0.080469 0.028125 0.026562
0 0.197656 0.060156 0.029687 0.014063
0 0.173437 0.046875 0.021875 0.025000
0 0.166406 0.025000 -0.026562 -0.021875
0 0.239844 0.121094 -0.032813 -0.020313
0 0.225781 0.096094 -0.035937 -0.026562
0 0.228906 0.066406 -0.029687 -0.026562
0 0.207813 0.042969 -0.037500 -0.017188
0 0.198437 0.017188 -0.034375 -0.031250
0 0.285938 0.128125 -0.018750 -0.018750
0 0.269531 0.128906 -0.023438 -0.026562
0 0.267969 0.093750 -0.035937 -0.040625
0 0.253125 0.054688 -0.034375 -0.021875
0 0.242969 0.035156 -0.042188 -0.026562
0 0.240625 0.016406 -0.034375 -0.020313
0 0.230469 0.010156 -0.029687 -0.017188
0 0.274219 0.015625 -0.035937 -0.025000
0 0.288281 0.049219 0.042188 0.042188
0 0.300000 0.088281 0.037500 0.032813
0 0.310156 0.118750 0.032813 0.025000
0 0.323437 0.146875 -0.040625 -0.031250
0 0.333594 0.170313 -0.035937 -0.028125
0 0.338281 0.199219 0.029687 0.020313
0 0.352344 0.219531 0.029687 0.026562
0 0.357812 0.243750 0.025000 0.034375
0 0.371875 0.273438 0.037500 0.028125
0 0.370312 0.305469 0.034375 0.026562
0 0.385156 0.328906 0.026562 0.020313
0 0.392188 0.353125 0.028125 0.021875
0 0.402344 0.377344 0.029687 0.026562
0 0.412500 0.404687 0.028125 0.028125
0 0.417187 0.430469 0.037500 0.017188
0 0.423438 0.452344 0.028125 0.026562
0 0.439063 0.478906 0.034375 0.039062
0 0.475000 0.520312 0.000000 0.000000
0 0.453125 0.507812 0.043750 0.034375
0 0.470313 0.537500 0.031250 0.031250
0 0.479687 0.559375 0.031250 0.021875
0 0.480469 0.577344 0.032813 0.026562
0 0.495312 0.602344 0.040625 0.029687
0 0.507812 0.624219 0.034375 0.023438
0 0.516406 0.642969 0.035937 0.023438
0 0.528125 0.668750 0.034375 0.028125
0 0.532031 0.695312 0.029687 0.031250
0 0.542969 0.725781 0.039062 0.042188
0 0.554688 0.753125 0.040625 0.034375
0 0.571875 0.787500 0.031250 0.037500
0 0.582812 0.820312 0.034375 0.031250
0 0.594531 0.843750 0.039062 0.031250
0 0.606250 0.874219 0.034375 0.035937
0 0.622656 0.906250 0.032813 0.031250
0 0.630469 0.933594 0.029687 0.032813
0 0.643750 0.957812 0.031250 0.025000
0 0.652344 0.984375 0.032813 0.028125
0 0.314063 0.011719 -0.031250 -0.020313
0 0.327344 0.035937 0.026562 0.028125
0 0.327344 0.052344 0.039062 0.032813
0 0.292187 0.046875 -0.040625 -0.031250
0 0.335156 0.080469 0.032813 0.026562
0 0.339062 0.103125 0.028125 0.031250
0 0.346875 0.120313 0.037500 0.021875
0 0.358594 0.140625 0.023438 0.025000
0 0.364063 0.165625 0.028125 0.031250
0 0.372656 0.189844 0.042188 0.023438
0 0.382031 0.214844 0.035937 0.026562
0 0.389844 0.239063 0.039062 0.028125
0 0.401562 0.264844 0.031250 0.023438
0 0.409375 0.289844 0.028125 0.026562
0 0.411719 0.314063 0.042188 0.028125
0 0.425000 0.342187 0.040625 0.031250
0 0.435937 0.367969 0.043750 0.029687
0 0.445312 0.395313 0.037500 0.031250
0 0.456250 0.425000 0.040625 0.037500
0 0.470313 0.457031 0.040625 0.023438
0 0.478906 0.486719 0.032813 0.032813
0 0.494531 0.515625 0.032813 0.025000
0 0.506250 0.547656 0.034375 0.029687
0 0.519531 0.575781 0.032813 0.026562
0 0.528906 0.599219 0.023438 0.029687
0 0.543750 0.628906 0.037500 0.032813
0 0.552344 0.658594 0.042188 0.026562
0 0.567969 0.684375 0.032813 0.025000
0 0.578125 0.711719 0.031250 0.026562
0 0.589844 0.742969 0.035937 0.032813
0 0.600000 0.771094 0.040625 0.029687
0 0.612500 0.802344 0.037500 0.035937
0 0.626563 0.822656 0.034375 0.023438
0 0.635156 0.846094 0.039062 0.029687
0 0.643750 0.874219 0.037500 0.032813
0 0.655469 0.901563 0.042188 0.028125
0 0.668750 0.929688 0.034375 0.028125
0 0.676562 0.954688 0.040625 0.028125
0 0.694531 0.928906 0.014063 0.023438
0 0.687500 0.983594 0.031250 0.029687
0 0.707812 0.980469 0.012500 0.035937
0 0.732812 0.979688 0.037500 0.037500
0 0.718750 0.949219 -0.034375 -0.023438
0 0.714844 0.925781 -0.023438 -0.023438
0 0.705469 0.907813 -0.042188 -0.031250
0 0.683594 0.873437 -0.039062 -0.031250
0 0.678125 0.842969 -0.040625 -0.029687
0 0.664062 0.810937 -0.037500 -0.028125
0 0.640625 0.778125 0.034375 0.034375
0 0.628906 0.738281 0.039062 0.032813
0 0.609375 0.707812 0.031250 0.031250
0 0.597656 0.671094 0.035937 0.032813
0 0.583594 0.634375 0.035937 0.034375
0 0.569531 0.600000 0.042188 0.028125
0 0.560156 0.569531 0.045312 0.029687
0 0.537500 0.536719 0.034375 0.039062
0 0.527344 0.496094 0.042188 0.035937
0 0.513281 0.459375 0.045312 0.034375
0 0.503906 0.426563 0.042188 0.028125
0 0.487500 0.394531 0.046875 0.032813
0 0.475781 0.365625 0.029687 0.025000
0 0.461719 0.337500 0.029687 0.028125
0 0.450781 0.308594 0.035937 0.026562
0 0.442969 0.285156 0.035937 0.023438
0 0.430469 0.260156 0.035937 0.029687
0 0.419531 0.232031 0.020313 0.032813
0 0.437500 0.228125 0.015625 0.021875
0 0.417969 0.201563 0.035937 0.025000
0 0.408594 0.174219 0.035937 0.026562
0 0.394531 0.144531 0.039062 0.029687
0 0.382812 0.114062 0.034375 0.028125
0 0.375000 0.083594 0.037500 0.029687
0 0.368750 0.053906 0.034375 0.029687
0 0.360938 0.028125 0.037500 0.025000
0 0.353125 0.011719 -0.037500 -0.020313
0 0.394531 0.012500 -0.023438 -0.025000
0 0.400000 0.036719 -0.021875 -0.026562
0 0.405469 0.057813 -0.032813 -0.015625
0 0.414062 0.078125 -0.034375 -0.021875
0 0.431250 0.014844 -0.031250 -0.026562
0 0.436719 0.039062 -0.035937 -0.021875
0 0.443750 0.058594 -0.031250 -0.020313
0 0.454688 0.080469 -0.037500 -0.023438
0 0.423438 0.108594 -0.040625 -0.029687
0 0.460156 0.105469 -0.032813 -0.023438
0 0.473438 0.125000 -0.037500 -0.015625
0 0.435156 0.138281 -0.045312 -0.029687
0 0.446094 0.171875 -0.039062 -0.028125
0 0.482031 0.146875 0.042188 0.028125
0 0.489844 0.174219 0.029687 0.026562
0 0.454688 0.200000 0.034375 0.028125
0 0.497656 0.203906 0.039062 0.029687
0 0.464844 0.222656 0.032813 0.029687
0 0.456250 0.253125 0.018750 0.031250
0 0.475000 0.250781 0.028125 0.026562
0 0.489844 0.278906 0.039062 0.029687
0 0.480469 0.306250 0.026562 0.021875
0 0.482031 0.333594 0.014063 0.026562
0 0.508594 0.332031 0.039062 0.023438
0 0.504687 0.306250 0.015625 0.025000
0 0.511719 0.358594 0.042188 0.026562
0 0.524219 0.385156 0.029687 0.026562
0 0.535156 0.410156 0.026562 0.023438
0 0.543750 0.437500 0.028125 0.028125
0 0.506250 0.232031 0.037500 0.029687
0 0.515625 0.258594 0.037500 0.032813
0 0.530469 0.283594 0.032813 0.029687
0 0.536719 0.312500 0.039062 0.025000
0 0.546094 0.336719 0.042188 0.032813
0 0.552344 0.367188 0.032813 0.028125
0 0.560156 0.391406 0.035937 0.029687
0 0.573438 0.422656 0.046875 0.029687
0 0.587500 0.453125 0.040625 0.028125
0 0.555469 0.464062 0.032813 0.031250
0 0.567187 0.492969 0.040625 0.032813
0 0.574219 0.525000 0.042188 0.034375
0 0.593750 0.555469 0.034375 0.026562
0 0.603125 0.583594 0.040625 0.023438
0 0.610156 0.610156 0.035937 0.026562
0 0.619531 0.635156 0.029687 0.026562
0 0.628906 0.660156 0.035937 0.026562
0 0.638281 0.685937 0.042188 0.028125
0 0.647656 0.718750 0.035937 0.034375
0 0.660156 0.746094 0.029687 0.029687
0 0.671094 0.775781 0.032813 0.039062
0 0.689844 0.803125 0.026562 0.031250
0 0.706250 0.827344 0.037500 0.029687
0 0.717187 0.855469 0.034375 0.029687
0 0.725781 0.881250 0.039062 0.031250
0 0.739844 0.912500 0.039062 0.040625
0 0.754687 0.942187 0.034375 0.037500
0 0.771875 0.982031 0.031250 0.032813
0 0.804688 0.980469 0.028125 0.032813
0 0.819531 0.982812 0.035937 0.025000
0 0.600000 0.478125 0.037500 0.025000
0 0.610938 0.500000 0.037500 0.031250
0 0.621875 0.532031 0.037500 0.029687
0 0.633594 0.557031 0.042188 0.029687
0 0.645312 0.586719 0.040625 0.035937
0 0.654687 0.621094 0.046875 0.029687
0 0.666406 0.656250 0.048438 0.037500
0 0.683594 0.695312 0.042188 0.037500
0 0.692969 0.728125 0.032813 0.031250
0 0.704688 0.760156 0.037500 0.032813
0 0.721875 0.793750 0.043750 0.034375
0 0.730469 0.759375 0.014063 0.031250
0 0.716406 0.718750 -0.020313 -0.043750
0 0.742969 0.825000 0.029687 0.025000
0 0.753906 0.853906 0.029687 0.026562
0 0.764062 0.882812 0.037500 0.028125
0 0.778125 0.908594 0.034375 0.023438
0 0.789062 0.929688 0.031250 0.018750
0 0.792969 0.946875 0.039062 0.031250
0 0.849219 0.979688 0.039062 0.034375
0 0.832031 0.949219 0.042188 0.026562
0 0.823438 0.923438 0.043750 0.028125
0 0.807813 0.897656 0.028125 0.029687
0 0.796875 0.870313 0.037500 0.031250
0 0.787500 0.838281 0.034375 0.029687
0 0.772656 0.807031 0.042188 0.029687
0 0.764844 0.778906 -0.039062 -0.026562
0 0.753906 0.753125 -0.035937 -0.025000
0 0.744531 0.725781 -0.039062 -0.029687
0 0.728125 0.695312 -0.021875 -0.018750
0 0.719531 0.673438 -0.035937 -0.025000
0 0.703906 0.644531 -0.035937 -0.026562
0 0.694531 0.621094 -0.039062 -0.026562
0 0.693750 0.594531 -0.043750 -0.029687
0 0.680469 0.564844 -0.029687 -0.023438
0 0.669531 0.546094 -0.035937 -0.026562
0 0.666406 0.511719 -0.020313 -0.048438
0 0.646094 0.514844 -0.026562 -0.042188
0 0.643750 0.480469 -0.043750 -0.032813
0 0.628906 0.446875 -0.051562 -0.034375
0 0.617969 0.414062 -0.039062 -0.031250
0 0.603906 0.393750 -0.048438 -0.031250
0 0.592969 0.360938 -0.048438 -0.037500
0 0.587500 0.330469 -0.037500 -0.035937
0 0.578906 0.307031 -0.035937 -0.026562
0 0.564844 0.276562 -0.035937 -0.028125
0 0.581250 0.282813 0.018750 0.018750
0 0.558594 0.253125 -0.042188 -0.034375
0 0.542969 0.228906 -0.039062 -0.029687
0 0.541406 0.203906 -0.035937 -0.029687
0 0.532031 0.176563 -0.042188 -0.021875
0 0.526563 0.152344 -0.040625 -0.029687
0 0.508594 0.119531 -0.035937 -0.020313
0 0.497656 0.091406 -0.039062 -0.029687
0 0.485938 0.063281 -0.034375 -0.023438
0 0.480469 0.038281 -0.042188 -0.026562
0 0.469531 0.016406 -0.035937 -0.029687
0 0.510938 0.010156 0.046875 0.017188
0 0.541406 0.006250 -0.020313 -0.009375
0 0.516406 0.035156 0.035937 0.039062
0 0.547656 0.021875 0.029687 0.025000
0 0.524219 0.071875 0.032813 0.040625
0 0.557031 0.050000 0.035937 0.028125
0 0.535937 0.102344 0.040625 0.029687
0 0.561719 0.078125 0.035937 0.034375
0 0.545312 0.128125 0.037500 0.031250
0 0.574219 0.107813 0.042188 0.034375
0 0.556250 0.151562 0.034375 0.025000
0 0.593750 0.140625 0.034375 0.028125
0 0.570312 0.178125 0.031250 0.028125
0 0.599219 0.167969 0.029687 0.023438
0 0.571094 0.200000 0.035937 0.015625
0 0.607031 0.192188 0.032813 0.021875
0 0.578906 0.224219 0.032813 0.026562
0 0.617188 0.214844 0.037500 0.023438
0 0.599219 0.252344 0.035937 0.029687
0 0.628125 0.242969 0.040625 0.032813
0 0.605469 0.279687 0.035937 0.025000
0 0.639844 0.271875 0.035937 0.018750
0 0.617188 0.302344 0.031250 0.023438
0 0.665625 0.303125 0.000000 0.000000
0 0.624219 0.328125 0.029687 0.021875
0 0.650781 0.295312 0.035937 0.028125
0 0.660937 0.324219 0.034375 0.029687
0 0.636719 0.360938 0.042188 0.034375
0 0.670312 0.349219 0.031250 0.020313
0 0.653125 0.394531 0.037500 0.029687
0 0.680469 0.371875 0.029687 0.018750
0 0.690625 0.396875 0.040625 0.031250
0 0.660156 0.425781 0.032813 0.023438
0 0.696875 0.425000 0.043750 0.021875
0 0.671094 0.453906 0.035937 0.026562
0 0.710156 0.450000 0.035937 0.031250
0 0.682031 0.479687 0.039062 0.028125
0 0.721094 0.475000 0.039062 0.025000
0 0.695312 0.514062 0.034375 0.031250
0 0.726562 0.500781 0.031250 0.020313
0 0.731250 0.525781 0.034375 0.026562
0 0.707031 0.548438 0.035937 0.031250
0 0.750000 0.542188 0.037500 0.046875
0 0.717969 0.575000 0.032813 0.028125
0 0.753906 0.576562 0.035937 0.025000
0 0.732031 0.603906 0.029687 0.035937
0 0.766406 0.602344 0.039062 0.026562
0 0.737500 0.638281 0.034375 0.026562
0 0.775000 0.631250 0.034375 0.025000
0 0.755469 0.668750 0.039062 0.028125
0 0.790625 0.656250 0.040625 0.025000
0 0.762500 0.700000 0.043750 0.025000
0 0.800781 0.682813 0.039062 0.028125
0 0.785156 0.723437 0.039062 0.028125
0 0.817187 0.704688 0.050000 0.028125
0 0.796875 0.748437 0.043750 0.025000
0 0.829688 0.732031 0.040625 0.029687
0 0.804688 0.776563 0.034375 0.028125
0 0.840625 0.758594 0.040625 0.023438
0 0.817187 0.803125 0.040625 0.034375
0 0.847656 0.783594 0.045312 0.032813
0 0.824219 0.838281 0.042188 0.035937
0 0.861719 0.820312 0.039062 0.031250
0 0.841406 0.875000 0.039062 0.034375
0 0.870313 0.850000 0.043750 0.028125
0 0.883594 0.876563 0.039062 0.031250
0 0.844531 0.900000 0.042188 0.025000
0 0.892969 0.900781 0.045312 0.020313
0 0.863281 0.928125 0.032813 0.028125
0 0.904687 0.924219 0.043750 0.023438
0 0.876563 0.959375 0.037500 0.028125
0 0.912500 0.948438 0.031250 0.028125
0 0.891406 0.973437 0.035937 0.046875
0 0.928906 0.973437 0.035937 0.050000
0 0.968750 0.971094 0.046875 0.051562
0 0.989844 0.943750 0.014063 0.056250
0 0.954688 0.931250 0.040625 0.034375
0 0.978906 0.912500 0.035937 0.040625
0 0.940625 0.896094 0.046875 0.032813
0 0.921094 0.858594 0.045312 0.039062
0 0.957812 0.855469 0.037500 0.057813
0 0.989844 0.881250 0.017188 0.028125
0 0.906250 0.825000 0.040625 0.025000
0 0.945312 0.807813 0.056250 0.031250
0 0.891406 0.793750 0.045312 0.034375
0 0.932813 0.771094 0.050000 0.035937
0 0.877344 0.759375 0.032813 0.028125
0 0.912500 0.744531 0.040625 0.035937
0 0.870313 0.725781 0.040625 0.039062
0 0.903125 0.700000 0.037500 0.043750
0 0.849219 0.684375 0.051562 0.043750
0 0.890625 0.662500 0.040625 0.031250
0 0.835156 0.649219 0.048438 0.035937
0 0.878125 0.635938 0.040625 0.031250
0 0.817187 0.617188 0.040625 0.031250
0 0.859375 0.607812 0.043750 0.037500
0 0.803906 0.588281 0.048438 0.029687
0 0.853125 0.578125 0.040625 0.028125
0 0.796094 0.559375 0.051562 0.031250
0 0.836719 0.546094 0.048438 0.035937
0 0.785937 0.531250 0.043750 0.025000
0 0.828125 0.517969 0.040625 0.023438
0 0.774219 0.503125 0.045312 0.028125
0 0.815625 0.494531 0.034375 0.026562
0 0.808594 0.465625 0.029687 0.028125
0 0.764062 0.469531 0.043750 0.032813
0 0.744531 0.436719 0.039062 0.023438
0 0.782031 0.433594 0.045312 0.032813
0 0.732031 0.410156 0.039062 0.029687
0 0.776563 0.406250 0.037500 0.028125
0 0.725000 0.382031 0.040625 0.026562
0 0.766406 0.379688 0.032813 0.028125
0 0.716406 0.355469 0.048438 0.026562
0 0.755469 0.347656 0.039062 0.032813
0 0.706250 0.328125 0.040625 0.025000
0 0.737500 0.320312 0.034375 0.025000
0 0.692969 0.298438 0.039062 0.031250
0 0.730469 0.291406 0.035937 0.026562
0 0.674219 0.265625 0.035937 0.031250
0 0.713281 0.263281 0.035937 0.032813
0 0.661719 0.232031 0.042188 0.032813
0 0.700000 0.225781 0.037500 0.039062
0 0.653125 0.192969 0.037500 0.035937
0 0.689844 0.189062 0.032813 0.028125
0 0.637500 0.159375 0.043750 0.028125
0 0.673438 0.152344 0.037500 0.039062
0 0.625000 0.128125 0.037500 0.031250
0 0.657031 0.113281 0.042188 0.035937
0 0.614844 0.095312 0.045312 0.034375
0 0.651563 0.081250 0.031250 0.028125
0 0.602344 0.064062 0.045312 0.028125
0 0.639062 0.057031 0.034375 0.023438
0 0.636719 0.036719 0.042188 0.023438
0 0.592187 0.038281 0.037500 0.023438
0 0.584375 0.014844 -0.046875 -0.029687
0 0.628125 0.013281 -0.031250 -0.023438
0 0.664844 0.013281 -0.032813 -0.026562
0 0.701562 0.016406 -0.034375 -0.032813
0 0.669531 0.038281 0.023438 0.014063
0 0.676562 0.057031 0.040625 0.026562
0 0.712500 0.046875 0.031250 0.028125
0 0.683594 0.082812 0.032813 0.021875
0 0.693750 0.109375 0.034375 0.034375
0 0.711719 0.146094 0.032813 0.035937
0 0.717969 0.178906 0.032813 0.026562
0 0.730469 0.207031 0.039062 0.032813
0 0.739062 0.239844 0.040625 0.026562
0 0.751563 0.264844 0.050000 0.026562
0 0.768750 0.294531 0.034375 0.026562
0 0.776563 0.319531 0.034375 0.023438
0 0.792188 0.345313 0.031250 0.031250
0 0.807031 0.377344 0.042188 0.032813
0 0.817969 0.408594 0.042188 0.029687
0 0.832031 0.439063 0.045312 0.031250
0 0.846094 0.475000 0.032813 0.043750
0 0.853906 0.507812 0.026562 0.031250
0 0.864844 0.534375 0.020313 0.028125
0 0.875000 0.564063 0.018750 0.028125
0 0.888281 0.586719 0.017188 0.026562
0 0.898438 0.606250 0.028125 0.025000
0 0.910937 0.629687 0.025000 0.025000
0 0.924219 0.655469 0.029687 0.032813
0 0.935156 0.687500 0.029687 0.031250
0 0.942187 0.716406 0.037500 0.026562
0 0.953125 0.745313 0.034375 0.037500
0 0.974219 0.775781 0.026562 0.032813
0 0.983594 0.811719 0.026562 0.029687
0 0.988281 0.846094 0.020313 0.039062
0 0.994531 0.770312 0.007812 0.037500
0 0.978125 0.735156 0.025000 0.032813
0 0.994531 0.721094 0.007812 0.035937
0 0.967187 0.698438 0.025000 0.031250
0 0.983594 0.676562 0.026562 0.037500
0 0.989062 0.702344 0.015625 0.017188
0 0.953906 0.660156 0.029687 0.029687
0 0.975781 0.637500 0.026562 0.034375
0 0.992969 0.632812 0.007812 0.046875
0 0.940625 0.625000 0.031250 0.034375
0 0.968750 0.603125 0.028125 0.028125
0 0.987500 0.581250 0.018750 0.050000
0 0.921875 0.592187 0.031250 0.031250
0 0.944531 0.573438 0.035937 0.040625
0 0.973437 0.571094 0.018750 0.042188
0 0.907031 0.560156 0.039062 0.032813
0 0.942187 0.538281 0.034375 0.032813
0 0.975000 0.530469 0.028125 0.039062
0 0.896875 0.527344 0.040625 0.032813
0 0.933594 0.517188 0.032813 0.021875
0 0.886719 0.490625 0.032813 0.034375
0 0.917969 0.485156 0.042188 0.035937
0 0.960156 0.490625 0.045312 0.040625
0 0.949219 0.453125 0.029687 0.025000
0 0.982031 0.457813 0.029687 0.043750
0 0.992188 0.492969 0.009375 0.026562
0 0.992188 0.527344 0.012500 0.039062
0 0.875781 0.450000 0.023438 0.040625
0 0.907031 0.445312 0.032813 0.034375
0 0.937500 0.423438 0.034375 0.034375
0 0.893750 0.412500 0.031250 0.028125
0 0.858594 0.414062 0.035937 0.031250
0 0.847656 0.384375 0.026562 0.021875
0 0.876563 0.371875 0.028125 0.034375
0 0.890625 0.382031 0.031250 0.023438
0 0.925781 0.391406 0.039062 0.035937
0 0.916406 0.358594 0.032813 0.026562
0 0.893750 0.353906 0.021875 0.029687
0 0.909375 0.328906 0.025000 0.026562
0 0.896094 0.325000 0.026562 0.025000
0 0.863281 0.335938 0.039062 0.028125
0 0.836719 0.357031 0.029687 0.029687
0 0.824219 0.332813 0.032813 0.028125
0 0.857812 0.310937 0.043750 0.025000
0 0.807813 0.299219 0.040625 0.035937
0 0.890625 0.297656 0.034375 0.029687
0 0.882812 0.267969 0.031250 0.029687
0 0.846094 0.279687 0.045312 0.037500
0 0.797656 0.265625 0.032813 0.031250
0 0.826562 0.246094 0.031250 0.023438
0 0.862500 0.239844 0.037500 0.029687
0 0.781250 0.231250 0.046875 0.034375
0 0.821875 0.225781 0.028125 0.026562
0 0.853125 0.210938 0.034375 0.028125
0 0.841406 0.187500 0.042188 0.037500
0 0.805469 0.202344 0.032813 0.026562
0 0.768750 0.200000 0.040625 0.031250
0 0.753125 0.168750 0.040625 0.034375
0 0.795312 0.173437 0.040625 0.034375
0 0.829688 0.156250 0.040625 0.025000
0 0.825000 0.130469 0.034375 0.029687
0 0.788281 0.141406 0.035937 0.029687
0 0.746875 0.139844 0.037500 0.026562
0 0.734375 0.113281 0.034375 0.029687
0 0.776563 0.118750 0.040625 0.018750
0 0.810937 0.109375 0.031250 0.025000
0 0.797656 0.082031 0.039062 0.032813
0 0.760938 0.089844 0.031250 0.032813
0 0.725781 0.089844 0.035937 0.023438
0 0.717969 0.067969 0.035937 0.023438
0 0.754687 0.064062 0.034375 0.025000
0 0.746875 0.041406 0.034375 0.026562
0 0.740625 0.016406 -0.040625 -0.029687
0 0.792188 0.058594 -0.037500 -0.017188
0 0.783594 0.035156 -0.032813 -0.029687
0 0.785156 0.013281 -0.029687 -0.026562
0 0.821875 0.011719 -0.034375 -0.020313
0 0.860156 0.009375 -0.035937 -0.012500
0 0.903125 0.010937 -0.040625 -0.018750
0 0.942969 0.010937 -0.039062 -0.018750
0 0.978125 0.016406 0.037500 0.023438
0 0.986719 0.041406 0.017188 0.026562
0 0.992188 0.070312 0.012500 0.031250
0 0.953125 0.035937 0.043750 0.031250
0 0.961719 0.071875 0.042188 0.043750
0 0.976562 0.101562 0.028125 0.018750
0 0.982812 0.132812 0.031250 0.046875
0 0.910937 0.033594 0.037500 0.020313
0 0.917188 0.056250 0.037500 0.037500
0 0.923438 0.083594 0.034375 0.032813
0 0.939063 0.115625 0.050000 0.040625
0 0.957812 0.151562 0.040625 0.037500
0 0.975781 0.193750 0.032813 0.037500
0 0.982812 0.225781 0.025000 0.032813
0 0.989062 0.253906 0.015625 0.020313
0 0.992188 0.274219 0.009375 0.020313
0 0.992969 0.179688 0.007812 0.046875
0 0.871094 0.033594 0.032813 0.020313
0 0.825781 0.040625 0.048438 0.037500
0 0.838281 0.077344 0.042188 0.039062
0 0.878125 0.060156 0.040625 0.035937
0 0.889062 0.089063 0.034375 0.025000
0 0.851562 0.112500 0.040625 0.034375
0 0.896094 0.119531 0.032813 0.029687
0 0.872656 0.150000 0.045312 0.034375
0 0.921875 0.153906 0.043750 0.032813
0 0.883594 0.186719 0.039062 0.039062
0 0.931250 0.185156 0.053125 0.032813
0 0.896094 0.225781 0.042188 0.032813
0 0.937500 0.219531 0.040625 0.029687
0 0.912500 0.256250 0.037500 0.028125
0 0.952344 0.250781 0.039062 0.023438
0 0.926562 0.289844 0.040625 0.032813
0 0.964844 0.272656 0.042188 0.032813
0 0.942187 0.319531 0.043750 0.032813
0 0.974219 0.300781 0.035937 0.032813
0 0.949219 0.347656 0.042188 0.039062
0 0.985938 0.328125 0.025000 0.034375
0 0.985156 0.353906 0.026562 0.020313
0 0.985938 0.384375 0.021875 0.040625
0 0.960156 0.382812 0.032813 0.034375
0 0.975781 0.414062 0.042188 0.037500
