0 0.514062 0.001563 0.000000 0.000000
0 0.550000 0.039062 -0.046875 -0.025000
0 0.537500 0.013281 -0.046875 -0.020313
0 0.563281 0.071094 -0.039062 -0.032813
0 0.490625 0.017188 -0.050000 -0.031250
0 0.500000 0.040625 -0.040625 -0.021875
0 0.512500 0.062500 -0.037500 -0.018750
0 0.539062 0.108594 -0.037500 -0.026562
0 0.544531 0.135937 -0.042188 -0.025000
0 0.560156 0.168750 0.035937 0.043750
0 0.520312 0.084375 -0.040625 -0.021875
0 0.446094 0.014063 -0.035937 -0.028125
0 0.468750 0.067969 -0.034375 -0.026562
0 0.454688 0.043750 -0.034375 -0.034375
0 0.477344 0.092969 -0.039062 -0.029687
0 0.493750 0.119531 -0.034375 -0.026562
0 0.498437 0.142187 -0.025000 -0.028125
0 0.510156 0.168750 -0.026562 -0.021875
0 0.524219 0.185938 -0.035937 -0.028125
0 0.535937 0.210156 -0.037500 -0.029687
0 0.545312 0.232813 -0.040625 -0.028125
0 0.554688 0.270313 0.037500 0.037500
0 0.404687 0.010937 -0.034375 -0.021875
0 0.417969 0.057031 -0.039062 -0.023438
0 0.414062 0.032031 -0.037500 -0.029687
0 0.430469 0.075000 -0.039062 -0.025000
0 0.435937 0.100000 -0.034375 -0.028125
0 0.450000 0.121875 -0.034375 -0.025000
0 0.457031 0.143750 -0.023438 -0.025000
0 0.464844 0.164062 -0.017188 -0.015625
0 0.476562 0.183594 -0.031250 -0.023438
0 0.486719 0.210156 0.026562 0.026562
0 0.494531 0.235937 0.023438 0.025000
0 0.503906 0.264062 0.039062 0.025000
0 0.521094 0.292969 0.042188 0.029687
0 0.544531 0.322656 0.029687 0.023438
0 0.555469 0.343750 0.026562 0.037500
0 0.364844 0.010937 -0.039062 -0.018750
0 0.369531 0.031250 -0.039062 -0.021875
0 0.375781 0.056250 0.039062 0.021875
0 0.385156 0.082812 0.035937 0.025000
0 0.395313 0.111719 0.034375 0.029687
0 0.417187 0.150781 0.040625 0.035937
0 0.434375 0.171875 0.025000 0.012500
0 0.435937 0.190625 0.037500 0.025000
0 0.443750 0.215625 0.040625 0.018750
0 0.450000 0.235156 0.050000 0.023438
0 0.458594 0.261719 0.029687 0.026562
0 0.493750 0.314844 0.040625 0.032813
0 0.513281 0.346094 0.045312 0.029687
0 0.525000 0.382031 0.037500 0.032813
0 0.542188 0.407813 -0.034375 -0.034375
0 0.475781 0.285156 -0.023438 -0.023438
0 0.317188 0.010937 -0.043750 -0.018750
0 0.326562 0.032813 0.037500 0.021875
0 0.335156 0.057813 0.042188 0.025000
0 0.345313 0.086719 0.040625 0.032813
0 0.357812 0.111719 0.021875 0.010937
0 0.364844 0.127344 0.026562 0.023438
0 0.372656 0.153125 0.035937 0.028125
0 0.392188 0.182031 0.034375 0.023438
0 0.400781 0.205469 0.026562 0.020313
0 0.410156 0.223438 0.023438 0.015625
0 0.415625 0.244531 0.025000 0.020313
0 0.425000 0.265625 0.028125 0.021875
0 0.433594 0.289062 0.029687 0.025000
0 0.450000 0.317969 0.028125 0.026562
0 0.463281 0.342969 0.039062 0.023438
0 0.472656 0.368750 0.035937 0.028125
0 0.489063 0.396875 0.040625 0.021875
0 0.499219 0.419531 0.039062 0.026562
0 0.510938 0.447656 0.034375 0.029687
0 0.517188 0.478906 0.031250 0.023438
0 0.535937 0.476562 0.012500 0.034375
0 0.532031 0.507812 0.032813 0.031250
0 0.275000 0.014063 -0.040625 -0.028125
0 0.288281 0.042969 0.039062 0.032813
0 0.300000 0.072656 0.034375 0.026562
0 0.307812 0.097656 0.028125 0.020313
0 0.315625 0.114844 0.015625 0.010937
0 0.321875 0.128906 0.025000 0.014063
0 0.335938 0.133594 0.006250 0.010937
0 0.333594 0.147656 0.026562 0.020313
0 0.339844 0.170313 0.035937 0.025000
0 0.353906 0.196094 0.035937 0.026562
0 0.365625 0.221094 0.046875 0.023438
0 0.368750 0.243750 0.040625 0.021875
0 0.380469 0.267969 0.026562 0.023438
0 0.394531 0.293750 0.023438 0.028125
0 0.407031 0.321875 0.035937 0.018750
0 0.417969 0.342187 0.032813 0.018750
0 0.432031 0.360938 0.026562 0.012500
0 0.437500 0.383594 0.040625 0.026562
0 0.447656 0.409375 0.035937 0.018750
0 0.456250 0.429688 0.043750 0.018750
0 0.460938 0.451562 0.046875 0.025000
0 0.477344 0.482031 0.042188 0.029687
0 0.488281 0.510938 0.048438 0.025000
0 0.500000 0.538281 0.040625 0.026562
0 0.517188 0.565625 0.046875 0.025000
0 0.529687 0.593750 0.034375 0.034375
0 0.232813 0.015625 -0.046875 -0.028125
0 0.240625 0.044531 -0.037500 -0.026562
0 0.257812 0.071875 0.043750 0.028125
0 0.267188 0.096875 0.046875 0.028125
0 0.282031 0.122656 0.045312 0.026562
0 0.293750 0.151562 0.043750 0.031250
0 0.302344 0.182031 0.042188 0.029687
0 0.316406 0.212500 0.039062 0.028125
0 0.329688 0.239844 0.040625 0.026562
0 0.340625 0.268750 0.040625 0.025000
0 0.350000 0.295312 0.043750 0.031250
0 0.373437 0.325781 0.037500 0.029687
0 0.379688 0.355469 0.040625 0.032813
0 0.394531 0.385156 0.042188 0.023438
0 0.404687 0.410938 0.046875 0.028125
0 0.410938 0.442188 0.040625 0.028125
0 0.428125 0.474219 0.031250 0.026562
0 0.440625 0.504687 0.046875 0.031250
0 0.453906 0.537500 0.042188 0.031250
0 0.468750 0.569531 0.046875 0.032813
0 0.490625 0.599219 0.028125 0.017188
0 0.499219 0.622656 0.042188 0.026562
0 0.514062 0.646875 0.050000 0.025000
0 0.525000 0.674219 0.043750 0.032813
0 0.189062 0.013281 -0.040625 -0.020313
0 0.194531 0.034375 0.042188 0.025000
0 0.208594 0.060156 0.042188 0.026562
0 0.222656 0.085938 0.029687 0.025000
0 0.229687 0.110156 0.031250 0.023438
0 0.243750 0.134375 0.037500 0.028125
0 0.262500 0.164062 0.037500 0.025000
0 0.270313 0.191406 0.034375 0.026562
0 0.279687 0.216406 0.034375 0.020313
0 0.289844 0.239844 0.039062 0.023438
0 0.294531 0.263281 0.035937 0.023438
0 0.305469 0.287500 0.045312 0.028125
0 0.313281 0.319531 0.042188 0.029687
0 0.326562 0.349219 0.050000 0.029687
0 0.342187 0.378906 0.046875 0.029687
0 0.357812 0.407031 0.037500 0.023438
0 0.368750 0.435156 0.043750 0.026562
0 0.382812 0.463281 0.046875 0.032813
0 0.389844 0.492969 0.039062 0.023438
0 0.406250 0.517188 0.037500 0.021875
0 0.419531 0.542188 0.035937 0.028125
0 0.427344 0.569531 0.039062 0.023438
0 0.442188 0.600000 0.037500 0.021875
0 0.460938 0.622656 0.037500 0.017188
0 0.467969 0.646094 0.032813 0.026562
0 0.476562 0.675781 0.043750 0.032813
0 0.496094 0.701562 0.035937 0.018750
0 0.509375 0.718750 0.034375 0.025000
0 0.518750 0.744531 0.034375 0.029687
0 0.530469 0.764062 0.010937 0.015625
0 0.151562 0.013281 -0.037500 -0.023438
0 0.157031 0.038281 0.035937 0.023438
0 0.164844 0.061719 0.042188 0.020313
0 0.178125 0.086719 0.046875 0.029687
0 0.189844 0.113281 0.048438 0.020313
0 0.204687 0.139844 0.040625 0.029687
0 0.214062 0.170313 0.040625 0.028125
0 0.225781 0.200000 0.045312 0.028125
0 0.238281 0.228906 0.032813 0.029687
0 0.256250 0.258594 0.034375 0.023438
0 0.266406 0.284375 0.029687 0.025000
0 0.287500 0.345313 0.028125 0.025000
0 0.271094 0.313281 0.035937 0.029687
0 0.301563 0.377344 0.031250 0.032813
0 0.315625 0.402344 0.037500 0.020313
0 0.328906 0.426563 0.035937 0.028125
0 0.335938 0.456250 0.034375 0.025000
0 0.350781 0.483594 0.035937 0.026562
0 0.354687 0.510938 0.034375 0.028125
0 0.375000 0.536719 0.040625 0.035937
0 0.388281 0.567969 0.039062 0.023438
0 0.394531 0.591406 0.032813 0.020313
0 0.407031 0.615625 0.039062 0.025000
0 0.422656 0.639844 0.048438 0.026562
0 0.435156 0.667188 0.042188 0.025000
0 0.448437 0.691406 0.040625 0.029687
0 0.462500 0.721875 0.050000 0.028125
0 0.474219 0.745313 0.048438 0.028125
0 0.484375 0.772656 0.043750 0.026562
0 0.493750 0.796875 0.040625 0.031250
0 0.510156 0.821875 0.039062 0.021875
0 0.518750 0.839844 0.034375 0.032813
0 0.085938 0.001563 0.000000 0.000000
0 0.120313 0.039062 -0.037500 -0.021875
0 0.107031 0.015625 -0.045312 -0.025000
0 0.127344 0.062500 0.029687 0.025000
0 0.135156 0.082812 0.039062 0.021875
0 0.145313 0.105469 0.034375 0.029687
0 0.154688 0.129688 0.031250 0.018750
0 0.164844 0.153125 0.029687 0.025000
0 0.177344 0.176563 0.032813 0.021875
0 0.187500 0.200781 0.034375 0.026562
0 0.214844 0.257031 0.039062 0.020313
0 0.200000 0.231250 -0.053125 -0.031250
0 0.225000 0.279687 0.040625 0.028125
0 0.232031 0.302344 0.032813 0.023438
0 0.242969 0.327344 0.032813 0.026562
0 0.259375 0.349219 0.031250 0.020313
0 0.270313 0.375000 0.040625 0.025000
0 0.280469 0.401562 0.035937 0.025000
0 0.291406 0.427344 0.035937 0.020313
0 0.303125 0.451562 0.028125 0.018750
0 0.308594 0.478906 0.032813 0.020313
0 0.318750 0.500781 0.031250 0.023438
0 0.322656 0.525781 0.029687 0.023438
0 0.335938 0.549219 0.040625 0.020313
0 0.344531 0.572656 0.042188 0.023438
0 0.358594 0.596875 0.039062 0.025000
0 0.375000 0.635938 0.031250 0.021875
0 0.382812 0.659375 0.031250 0.025000
0 0.400781 0.684375 0.035937 0.037500
0 0.369531 0.616406 0.026562 0.020313
0 0.423438 0.750000 0.037500 0.028125
0 0.414062 0.720313 0.037500 0.034375
0 0.439844 0.774219 0.035937 0.026562
0 0.453906 0.799219 0.042188 0.023438
0 0.463281 0.825000 0.039062 0.025000
0 0.487500 0.874219 0.037500 0.026562
0 0.478125 0.848437 0.040625 0.025000
0 0.517188 0.923438 0.037500 0.031250
0 0.502344 0.898438 0.032813 0.025000
0 0.526563 0.948438 0.031250 0.021875
0 0.510938 0.985938 0.034375 0.025000
0 0.495312 0.960156 -0.037500 -0.023438
0 0.479687 0.937500 -0.040625 -0.021875
0 0.467187 0.915625 -0.040625 -0.028125
0 0.454688 0.889844 -0.050000 -0.026562
0 0.442188 0.910156 -0.021875 -0.023438
0 0.426563 0.839844 -0.050000 -0.023438
0 0.434375 0.863281 0.046875 0.029687
0 0.410156 0.810937 0.045312 0.028125
0 0.393750 0.778906 0.050000 0.029687
0 0.382812 0.750000 0.043750 0.028125
0 0.371875 0.724219 0.037500 0.023438
0 0.359375 0.700781 0.043750 0.023438
0 0.342187 0.653125 0.037500 0.025000
0 0.352344 0.675781 0.051562 0.023438
0 0.330469 0.628906 0.045312 0.026562
0 0.321875 0.606250 0.034375 0.018750
0 0.308594 0.580469 0.029687 0.029687
0 0.287500 0.519531 0.037500 0.023438
0 0.291406 0.548438 0.039062 0.031250
0 0.269531 0.492969 0.039062 0.026562
0 0.261719 0.462500 0.035937 0.031250
0 0.234375 0.409375 0.037500 0.021875
0 0.250000 0.432812 0.031250 0.021875
0 0.229687 0.387500 0.043750 0.021875
0 0.215625 0.363281 0.040625 0.020313
0 0.205469 0.341406 0.039062 0.023438
0 0.180469 0.281250 0.035937 0.031250
0 0.193750 0.311719 0.040625 0.032813
0 0.168750 0.249219 0.040625 0.029687
0 0.145313 0.182031 0.040625 0.029687
0 0.153125 0.216406 0.037500 0.035937
0 0.135937 0.152344 0.025000 0.020313
0 0.122656 0.127344 0.032813 0.029687
0 0.109375 0.100000 0.031250 0.028125
0 0.075781 0.049219 0.001563 0.001563
0 0.099219 0.074219 0.035937 0.020313
0 0.088281 0.052344 0.045312 0.020313
0 0.078906 0.034375 0.045312 0.021875
0 0.067969 0.014844 -0.042188 -0.026562
0 0.027344 0.005469 -0.023438 -0.010937
0 0.033594 0.025781 -0.042188 -0.020313
0 0.041406 0.044531 0.035937 0.020313
0 0.007031 0.011719 -0.014063 -0.020313
0 0.010937 0.041406 -0.018750 -0.035937
0 0.046094 0.064844 0.039062 0.023438
0 0.017188 0.068750 -0.031250 -0.021875
0 0.060937 0.084375 0.040625 0.028125
0 0.024219 0.093750 -0.045312 -0.025000
0 0.069531 0.106250 0.039062 0.021875
0 0.075000 0.128125 0.037500 0.028125
0 0.036719 0.123438 -0.042188 -0.028125
0 0.007812 0.114844 -0.015625 -0.020313
0 0.014844 0.147656 -0.026562 -0.035937
0 0.046094 0.153125 0.048438 0.025000
0 0.093750 0.156250 0.053125 0.021875
0 0.103125 0.182031 0.043750 0.023438
0 0.109375 0.207031 0.037500 0.020313
0 0.121094 0.232813 0.039062 0.031250
0 0.133594 0.260937 0.032813 0.028125
0 0.146875 0.284375 0.028125 0.018750
0 0.155469 0.312500 0.026562 0.031250
0 0.057813 0.177344 0.040625 0.020313
0 0.067969 0.204687 0.042188 0.028125
0 0.082031 0.235937 0.045312 0.021875
0 0.094531 0.261719 0.039062 0.020313
0 0.109375 0.291406 0.040625 0.029687
0 0.121875 0.314063 0.043750 0.025000
0 0.130469 0.342187 0.035937 0.037500
0 0.018750 0.186719 -0.037500 -0.035937
0 0.028125 0.219531 -0.034375 -0.032813
0 0.007812 0.225000 -0.015625 -0.025000
0 0.042969 0.247656 0.042188 0.026562
0 0.067187 0.301563 0.037500 0.021875
0 0.058594 0.277344 0.039062 0.026562
0 0.083594 0.280469 -0.017188 -0.017188
0 0.078125 0.325781 0.040625 0.026562
0 0.089063 0.350000 0.037500 0.021875
0 0.100000 0.371875 0.040625 0.028125
0 0.106250 0.392188 0.043750 0.018750
0 0.121875 0.416406 0.034375 0.026562
0 0.132812 0.441406 0.037500 0.020313
0 0.142969 0.466406 0.039062 0.026562
0 0.154688 0.494531 0.034375 0.029687
0 0.013281 0.259375 -0.023438 -0.034375
0 0.023438 0.289062 -0.034375 -0.031250
0 0.042188 0.346094 0.040625 0.026562
0 0.033594 0.320312 -0.039062 -0.031250
0 0.053906 0.372656 0.032813 0.026562
0 0.070312 0.396094 0.034375 0.023438
0 0.096094 0.458594 0.045312 0.026562
0 0.089844 0.425781 -0.032813 -0.039062
0 0.108594 0.489063 0.042188 0.031250
0 0.125000 0.520312 0.034375 0.034375
0 0.077344 0.511719 -0.035937 -0.035937
0 0.063281 0.480469 -0.035937 -0.029687
0 0.051562 0.449219 -0.040625 -0.032813
0 0.041406 0.419531 -0.039062 -0.032813
0 0.024219 0.391406 -0.042188 -0.029687
0 0.015625 0.362500 -0.025000 -0.031250
0 0.013281 0.326562 -0.020313 -0.034375
0 0.143750 0.371875 0.037500 0.025000
0 0.164062 0.417969 0.043750 0.029687
0 0.176563 0.446094 0.040625 0.023438
0 0.187500 0.471875 0.037500 0.025000
0 0.197656 0.501563 0.035937 0.031250
0 0.211719 0.528125 0.039062 0.028125
0 0.223438 0.557031 0.031250 0.023438
0 0.233594 0.584375 0.032813 0.028125
0 0.248438 0.610938 0.040625 0.025000
0 0.255469 0.634375 0.035937 0.025000
0 0.171094 0.342969 0.029687 0.020313
0 0.175781 0.364063 0.032813 0.025000
0 0.188281 0.388281 0.039062 0.026562
0 0.199219 0.413281 0.032813 0.026562
0 0.217188 0.441406 0.043750 0.026562
0 0.224219 0.466406 0.029687 0.026562
0 0.236719 0.498437 0.032813 0.031250
0 0.252344 0.525000 0.035937 0.025000
0 0.253906 0.551562 0.029687 0.031250
0 0.270313 0.578906 0.037500 0.020313
0 0.283594 0.603906 0.042188 0.029687
0 0.292187 0.632031 0.028125 0.020313
0 0.163281 0.520312 0.020313 0.021875
0 0.171094 0.539844 0.035937 0.023438
0 0.193750 0.592187 0.037500 0.025000
0 0.181250 0.565625 -0.037500 -0.025000
0 0.207813 0.620313 0.037500 0.028125
0 0.217188 0.643750 0.034375 0.021875
0 0.135937 0.550781 0.031250 0.023438
0 0.140625 0.572656 0.037500 0.026562
0 0.153906 0.592187 0.035937 0.025000
0 0.176563 0.641406 0.046875 0.023438
0 0.092969 0.550000 0.045312 0.040625
0 0.106250 0.580469 0.028125 0.026562
0 0.116406 0.607812 0.035937 0.021875
0 0.126562 0.632812 0.040625 0.025000
0 0.010937 0.426563 -0.018750 -0.034375
0 0.017969 0.466406 -0.032813 -0.042188
0 0.031250 0.499219 0.040625 0.032813
0 0.039844 0.525781 0.039062 0.023438
0 0.056250 0.550781 0.037500 0.029687
0 0.068750 0.579688 0.040625 0.031250
0 0.072656 0.606250 0.048438 0.025000
0 0.079687 0.634375 0.037500 0.028125
0 0.008594 0.521094 -0.017188 -0.029687
0 0.004687 0.539062 0.000000 0.000000
0 0.021875 0.569531 -0.037500 -0.020313
0 0.014063 0.550781 -0.028125 -0.023438
0 0.021875 0.590625 -0.037500 -0.021875
0 0.029687 0.612500 -0.037500 -0.021875
0 0.043750 0.637500 0.037500 0.028125
0 0.057031 0.665625 0.035937 0.031250
0 0.069531 0.693750 0.039062 0.028125
0 0.077344 0.720313 0.035937 0.025000
0 0.088281 0.660937 0.039062 0.034375
0 0.107031 0.688281 0.032813 0.026562
0 0.117188 0.717969 0.034375 0.032813
0 0.132031 0.657031 0.042188 0.023438
0 0.153125 0.711719 0.043750 0.023438
0 0.146875 0.682813 -0.043750 -0.028125
0 0.179688 0.664844 0.040625 0.029687
0 0.193750 0.696875 0.037500 0.031250
0 0.223438 0.667188 0.034375 0.025000
0 0.263281 0.662500 0.039062 0.028125
0 0.300781 0.653125 0.035937 0.028125
0 0.312500 0.684375 0.031250 0.034375
0 0.338281 0.740625 0.039062 0.028125
0 0.327344 0.714063 0.032813 0.025000
0 0.349219 0.766406 0.032813 0.023438
0 0.360156 0.792969 0.029687 0.026562
0 0.375781 0.821875 0.026562 0.025000
0 0.386719 0.839844 0.020313 0.017188
0 0.394531 0.864062 0.026562 0.031250
0 0.404687 0.886719 0.031250 0.017188
0 0.414844 0.903906 0.035937 0.020313
0 0.424219 0.921875 0.029687 0.021875
0 0.450000 0.964844 0.037500 0.017188
0 0.436719 0.944531 0.035937 0.023438
0 0.460938 0.982031 0.043750 0.014063
0 0.467187 0.992969 0.050000 0.010937
0 0.275000 0.682813 0.037500 0.015625
0 0.278906 0.700000 0.035937 0.025000
0 0.290625 0.721094 0.031250 0.023438
0 0.304688 0.744531 0.037500 0.026562
0 0.315625 0.771875 0.037500 0.037500
0 0.326562 0.803125 0.034375 0.028125
0 0.339062 0.828906 0.037500 0.023438
0 0.351562 0.852344 0.034375 0.023438
0 0.358594 0.875000 0.039062 0.018750
0 0.378125 0.924219 0.043750 0.023438
0 0.373437 0.899219 0.040625 0.026562
0 0.389062 0.950781 0.043750 0.026562
0 0.401562 0.971094 0.040625 0.017188
0 0.412500 0.989062 0.043750 0.018750
0 0.231250 0.693750 0.031250 0.021875
0 0.246094 0.719531 0.035937 0.029687
0 0.256250 0.746094 0.037500 0.029687
0 0.271875 0.776563 0.040625 0.031250
0 0.283594 0.803906 0.042188 0.023438
0 0.299219 0.829688 0.035937 0.025000
0 0.320312 0.880469 0.037500 0.023438
0 0.310156 0.855469 0.032813 0.026562
0 0.330469 0.902344 0.035937 0.020313
0 0.336719 0.925781 0.029687 0.023438
0 0.352344 0.950781 0.035937 0.023438
0 0.368750 0.989844 0.031250 0.017188
0 0.362500 0.971094 -0.034375 -0.020313
0 0.207031 0.724219 0.039062 0.026562
0 0.218750 0.752344 0.043750 0.026562
0 0.242188 0.812500 0.043750 0.028125
0 0.253125 0.837500 0.050000 0.028125
0 0.257812 0.858594 0.018750 0.010937
0 0.231250 0.779687 -0.034375 -0.028125
0 0.267188 0.864062 0.046875 0.025000
0 0.285156 0.891406 0.039062 0.029687
0 0.307812 0.944531 0.037500 0.023438
0 0.298438 0.921094 -0.043750 -0.026562
0 0.319531 0.967187 0.039062 0.018750
0 0.326562 0.988281 0.037500 0.017188
0 0.170313 0.734375 0.040625 0.025000
0 0.179688 0.760938 0.043750 0.028125
0 0.204687 0.815625 0.046875 0.028125
0 0.191406 0.789062 0.039062 0.028125
0 0.230469 0.871875 0.042188 0.025000
0 0.242969 0.900000 0.035937 0.028125
0 0.214062 0.844531 0.037500 0.026562
0 0.259375 0.928125 0.037500 0.025000
0 0.271094 0.952344 0.032813 0.023438
0 0.282031 0.975000 0.039062 0.021875
0 0.287500 0.990625 0.037500 0.015625
0 0.132031 0.744531 0.039062 0.032813
0 0.147656 0.772656 0.035937 0.020313
0 0.156250 0.796094 0.037500 0.026562
0 0.167187 0.821875 0.028125 0.025000
0 0.179688 0.849219 0.028125 0.029687
0 0.191406 0.878125 0.029687 0.025000
0 0.206250 0.907031 0.037500 0.029687
0 0.221875 0.932031 0.040625 0.023438
0 0.234375 0.955469 0.040625 0.023438
0 0.241406 0.975000 0.045312 0.021875
0 0.250000 0.989062 0.037500 0.018750
0 0.089844 0.741406 -0.032813 -0.020313
0 0.100781 0.767969 0.039062 0.029687
0 0.110937 0.795312 0.040625 0.025000
0 0.125781 0.825781 0.045312 0.035937
0 0.142187 0.859375 0.037500 0.025000
0 0.152344 0.885156 0.039062 0.020313
0 0.166406 0.909375 0.035937 0.021875
0 0.176563 0.936719 0.037500 0.023438
0 0.188281 0.957812 0.039062 0.018750
0 0.209375 0.992969 0.021875 0.010937
0 0.196094 0.978125 -0.032813 -0.021875
0 0.011719 0.621094 -0.023438 -0.032813
0 0.016406 0.654687 -0.032813 -0.034375
0 0.025781 0.689063 0.035937 0.025000
0 0.038281 0.717969 0.039062 0.029687
0 0.049219 0.748437 0.045312 0.031250
0 0.060156 0.779687 0.045312 0.028125
0 0.077344 0.809375 0.032813 0.028125
0 0.088281 0.840625 0.048438 0.028125
0 0.100781 0.869531 0.042188 0.026562
0 0.111719 0.898438 0.042188 0.031250
0 0.129688 0.929688 0.046875 0.025000
0 0.140625 0.904687 0.015625 0.021875
0 0.139844 0.958594 0.039062 0.023438
0 0.150781 0.975000 0.042188 0.021875
0 0.161719 0.989844 0.032813 0.017188
0 0.011719 0.707031 -0.017188 -0.042188
0 0.004687 0.729688 0.000000 0.000000
0 0.014844 0.742969 -0.020313 -0.029687
0 0.020313 0.770312 -0.034375 -0.028125
0 0.028125 0.799219 -0.040625 -0.032813
0 0.043750 0.830469 0.037500 0.032813
0 0.048438 0.856250 0.037500 0.031250
0 0.065625 0.882031 0.034375 0.026562
0 0.079687 0.907031 0.037500 0.029687
0 0.092969 0.933594 0.035937 0.023438
0 0.100781 0.953906 0.035937 0.029687
0 0.111719 0.977344 0.032813 0.020313
0 0.115625 0.989062 0.031250 0.015625
0 0.010937 0.814063 -0.018750 -0.025000
0 0.014844 0.837500 -0.026562 -0.021875
0 0.021094 0.865625 -0.032813 -0.031250
0 0.033594 0.890625 0.039062 0.025000
0 0.042969 0.917188 0.032813 0.031250
0 0.057031 0.938281 0.042188 0.014063
0 0.064844 0.960938 0.045312 0.028125
0 0.071094 0.987500 0.039062 0.021875
0 0.012500 0.905469 -0.021875 -0.032813
0 0.017969 0.934375 -0.032813 -0.025000
0 0.025000 0.960156 -0.037500 -0.029687
0 0.030469 0.982031 0.042188 0.029687
