0 0.021094 0.973437 -0.042188 -0.025000
0 0.019531 0.942187 -0.039062 -0.028125
0 0.077344 0.979688 0.051562 0.034375
0 0.062500 0.944531 0.046875 0.032813
0 0.034375 0.895312 0.000000 0.000000
0 0.024219 0.917188 -0.035937 -0.050000
0 0.052344 0.904687 -0.039062 -0.040625
0 0.034375 0.875781 -0.043750 -0.039062
0 0.020313 0.839063 -0.034375 -0.040625
0 0.013281 0.797656 -0.023438 -0.054688
0 0.134375 0.989062 0.000000 0.000000
0 0.105469 0.950781 -0.032813 -0.035937
0 0.094531 0.910156 -0.029687 -0.032813
0 0.082812 0.882812 -0.043750 -0.028125
0 0.067969 0.850000 -0.039062 -0.031250
0 0.054688 0.821094 -0.043750 -0.039062
0 0.050781 0.792188 -0.032813 -0.037500
0 0.032031 0.751563 -0.039062 -0.043750
0 0.018750 0.707812 -0.037500 -0.037500
0 0.112500 0.982812 0.031250 0.031250
0 0.149219 0.980469 0.032813 0.032813
0 0.142969 0.949219 0.026562 0.029687
0 0.129688 0.910937 0.040625 0.040625
0 0.118750 0.871094 0.034375 0.039062
0 0.105469 0.832812 0.035937 0.043750
0 0.091406 0.789844 0.029687 0.042188
0 0.077344 0.755469 0.026562 0.035937
0 0.061719 0.721094 0.032813 0.035937
0 0.049219 0.678125 0.029687 0.034375
0 0.035937 0.642188 0.025000 0.037500
0 0.018750 0.608594 -0.034375 -0.042188
0 0.015625 0.675000 -0.031250 -0.040625
0 0.016406 0.564844 -0.023438 -0.035937
0 0.009375 0.418750 0.000000 0.000000
0 0.017969 0.486719 -0.029687 -0.048438
0 0.016406 0.443750 -0.023438 -0.043750
0 0.039062 0.525781 -0.043750 -0.048438
0 0.051562 0.571875 -0.034375 -0.050000
0 0.065625 0.607031 -0.040625 -0.042188
0 0.075781 0.643750 -0.039062 -0.046875
0 0.090625 0.682813 -0.046875 -0.043750
0 0.106250 0.717969 -0.043750 -0.051562
0 0.118750 0.758594 -0.056250 -0.042188
0 0.133594 0.795312 -0.045312 -0.046875
0 0.155469 0.837500 -0.045312 -0.037500
0 0.163281 0.871094 -0.054688 -0.035937
0 0.175781 0.900000 -0.048438 -0.043750
0 0.184375 0.942969 -0.053125 -0.039062
0 0.195312 0.971875 0.046875 0.043750
0 0.241406 0.977344 0.035937 0.032813
0 0.231250 0.942187 0.034375 0.031250
0 0.215625 0.905469 0.028125 0.035937
0 0.201563 0.872656 0.028125 0.032813
0 0.190625 0.840625 0.025000 0.043750
0 0.175000 0.801562 0.037500 0.059375
0 0.160938 0.750781 0.028125 0.039062
0 0.147656 0.717969 0.032813 0.042188
0 0.132031 0.682031 0.026562 0.032813
0 0.120313 0.656250 0.034375 0.046875
0 0.105469 0.621875 0.029687 0.040625
0 0.096875 0.588281 0.031250 0.048438
0 0.081250 0.546094 0.031250 0.042188
0 0.067969 0.508594 0.039062 0.042188
0 0.055469 0.477344 0.032813 0.039062
0 0.039844 0.441406 0.035937 0.054688
0 0.023438 0.406250 0.021875 0.046875
0 0.013281 0.367969 -0.026562 -0.042188
0 0.309375 0.987500 0.000000 0.000000
0 0.272656 0.948438 0.032813 0.034375
0 0.289062 0.978125 0.034375 0.031250
0 0.257031 0.907813 0.029687 0.031250
0 0.242969 0.869531 0.035937 0.042188
0 0.224219 0.828906 0.042188 0.039062
0 0.213281 0.790625 0.039062 0.034375
0 0.200000 0.752344 0.034375 0.042188
0 0.180469 0.711719 0.045312 0.039062
0 0.168750 0.678125 0.040625 0.043750
0 0.154688 0.639062 0.040625 0.040625
0 0.136719 0.603125 0.042188 0.043750
0 0.125000 0.560156 0.034375 0.051562
0 0.109375 0.516406 0.031250 0.045312
0 0.095312 0.475000 0.034375 0.043750
0 0.082812 0.435937 0.028125 0.043750
0 0.061719 0.406250 0.035937 0.046875
0 0.051562 0.365625 0.031250 0.040625
0 0.031250 0.325000 0.037500 0.040625
0 0.020313 0.286719 -0.025000 -0.042188
0 0.012500 0.246875 -0.021875 -0.025000
0 0.320312 0.956250 0.034375 0.034375
0 0.330469 0.979688 0.032813 0.034375
0 0.305469 0.927344 0.029687 0.029687
0 0.286719 0.892969 0.032813 0.042188
0 0.280469 0.857031 0.039062 0.042188
0 0.266406 0.827344 0.035937 0.045312
0 0.254688 0.789062 0.028125 0.040625
0 0.238281 0.747656 0.029687 0.039062
0 0.224219 0.710156 0.029687 0.051562
0 0.204687 0.660937 0.028125 0.050000
0 0.188281 0.626563 0.042188 0.037500
0 0.177344 0.596875 0.035937 0.034375
0 0.163281 0.562500 0.035937 0.037500
0 0.149219 0.525000 0.035937 0.043750
0 0.135937 0.483594 0.031250 0.042188
0 0.123438 0.440625 0.037500 0.050000
0 0.103125 0.398438 0.028125 0.040625
0 0.088281 0.357031 0.039062 0.051562
0 0.064844 0.309375 0.035937 0.046875
0 0.042188 0.267188 0.025000 0.040625
0 0.036719 0.229687 0.035937 0.031250
0 0.019531 0.204687 -0.029687 -0.031250
0 0.364844 0.980469 0.035937 0.029687
0 0.357031 0.955469 0.032813 0.029687
0 0.339844 0.926562 0.035937 0.034375
0 0.324219 0.888281 0.039062 0.042188
0 0.314063 0.851562 0.034375 0.040625
0 0.297656 0.809375 0.042188 0.046875
0 0.282813 0.765625 0.037500 0.046875
0 0.267188 0.727344 0.034375 0.054688
0 0.250000 0.683594 0.034375 0.039062
0 0.235156 0.646875 0.032813 0.046875
0 0.217969 0.603906 0.035937 0.045312
0 0.207031 0.567187 0.035937 0.040625
0 0.192188 0.528125 0.034375 0.040625
0 0.169531 0.489844 0.035937 0.039062
0 0.156250 0.447656 0.031250 0.039062
0 0.139844 0.404687 0.039062 0.043750
0 0.125781 0.363281 0.039062 0.051562
0 0.101562 0.322656 0.034375 0.045312
0 0.083594 0.271094 0.035937 0.039062
0 0.064844 0.232813 0.042188 0.031250
0 0.053906 0.190625 0.042188 0.046875
0 0.023438 0.171875 -0.037500 -0.037500
0 0.057031 0.160156 -0.045312 -0.032813
0 0.018750 0.133594 -0.028125 -0.042188
0 0.057031 0.128906 -0.039062 -0.042188
0 0.017969 0.092969 -0.029687 -0.048438
0 0.049219 0.084375 -0.035937 -0.031250
0 0.026562 0.059375 -0.043750 -0.037500
0 0.026562 0.023438 -0.031250 -0.034375
0 0.403125 0.978125 0.037500 0.037500
0 0.391406 0.942187 0.032813 0.031250
0 0.371094 0.903906 0.035937 0.039062
0 0.367969 0.867969 0.042188 0.051562
0 0.340625 0.821094 0.031250 0.039062
0 0.371875 0.811719 0.028125 0.042188
0 0.321875 0.778906 0.028125 0.042188
0 0.354687 0.767969 0.037500 0.048438
0 0.308594 0.730469 0.029687 0.048438
0 0.337500 0.714844 0.031250 0.039062
0 0.292187 0.685937 0.034375 0.037500
0 0.321875 0.673438 0.028125 0.037500
0 0.395313 0.842969 -0.018750 -0.035937
0 0.396875 0.875000 -0.025000 -0.040625
0 0.406250 0.908594 -0.025000 -0.042188
0 0.430469 0.944531 -0.042188 -0.035937
0 0.440625 0.975781 0.043750 0.042188
0 0.272656 0.644531 0.035937 0.039062
0 0.309375 0.639062 0.037500 0.034375
0 0.257031 0.600781 0.035937 0.039062
0 0.298438 0.603906 0.040625 0.039062
0 0.243750 0.560937 0.040625 0.040625
0 0.281250 0.559375 0.037500 0.037500
0 0.231250 0.525000 0.043750 0.031250
0 0.270313 0.525000 0.034375 0.040625
0 0.218750 0.492188 0.037500 0.034375
0 0.248438 0.478906 0.037500 0.045312
0 0.199219 0.460156 0.035937 0.032813
0 0.226562 0.439063 0.034375 0.037500
0 0.182031 0.417969 0.042188 0.048438
0 0.218750 0.401562 0.034375 0.040625
0 0.165625 0.376563 0.037500 0.034375
0 0.200000 0.361719 0.037500 0.042188
0 0.153906 0.339062 0.035937 0.043750
0 0.181250 0.321875 0.043750 0.040625
0 0.134375 0.303125 0.040625 0.034375
0 0.176563 0.285938 0.037500 0.043750
0 0.121094 0.274219 0.035937 0.039062
0 0.163281 0.266406 0.035937 0.042188
0 0.105469 0.234375 0.032813 0.043750
0 0.142187 0.228906 0.043750 0.042188
0 0.092969 0.189844 0.032813 0.039062
0 0.134375 0.192969 0.046875 0.045312
0 0.129688 0.166406 0.040625 0.035937
0 0.082812 0.150000 0.034375 0.043750
0 0.110156 0.125781 0.039062 0.048438
0 0.071094 0.101562 0.029687 0.040625
0 0.064844 0.069531 0.026562 0.042188
0 0.053906 0.028906 0.032813 0.039062
0 0.091406 0.089844 0.035937 0.039062
0 0.072656 0.050000 0.023438 0.034375
0 0.081250 0.007812 0.000000 0.000000
0 0.110937 0.056250 -0.040625 -0.031250
0 0.102344 0.024219 -0.035937 -0.029687
0 0.134375 0.089844 -0.043750 -0.029687
0 0.141406 0.121094 -0.032813 -0.035937
0 0.160938 0.160156 -0.043750 -0.039062
0 0.182812 0.207031 -0.037500 -0.045312
0 0.192188 0.252344 -0.034375 -0.042188
0 0.209375 0.285938 -0.043750 -0.040625
0 0.224219 0.328906 -0.051562 -0.039062
0 0.235937 0.364063 -0.043750 -0.043750
0 0.257031 0.413281 -0.042188 -0.042188
0 0.272656 0.452344 -0.035937 -0.032813
0 0.279687 0.487500 -0.031250 -0.040625
0 0.310156 0.529687 -0.035937 -0.043750
0 0.315625 0.567969 -0.037500 -0.039062
0 0.324219 0.607812 -0.035937 -0.043750
0 0.350781 0.651563 -0.045312 -0.037500
0 0.365625 0.692187 -0.043750 -0.040625
0 0.371875 0.727344 -0.037500 -0.045312
0 0.389062 0.765625 -0.043750 -0.037500
0 0.403125 0.805469 -0.040625 -0.039062
0 0.425000 0.849219 -0.040625 -0.042188
0 0.441406 0.886719 -0.042188 -0.035937
0 0.450000 0.927344 -0.037500 -0.042188
0 0.474219 0.958594 -0.045312 -0.026562
0 0.481250 0.981250 0.034375 0.034375
0 0.514062 0.978906 0.028125 0.035937
0 0.499219 0.940625 0.035937 0.037500
0 0.478906 0.889844 0.026562 0.042188
0 0.458594 0.843750 0.029687 0.046875
0 0.477344 0.854688 0.010937 0.021875
0 0.442969 0.803906 0.035937 0.032813
0 0.432031 0.769531 0.039062 0.042188
0 0.416406 0.729688 0.045312 0.040625
0 0.403906 0.698438 0.035937 0.037500
0 0.382031 0.667188 0.032813 0.034375
0 0.372656 0.634375 0.039062 0.031250
0 0.357031 0.599219 0.035937 0.035937
0 0.351562 0.557813 0.028125 0.040625
0 0.336719 0.514062 0.032813 0.037500
0 0.306250 0.482031 0.031250 0.042188
0 0.300000 0.441406 0.025000 0.035937
0 0.288281 0.409375 0.026562 0.034375
0 0.271875 0.372656 0.028125 0.039062
0 0.258594 0.328906 0.029687 0.035937
0 0.248438 0.292969 0.034375 0.042188
0 0.228906 0.258594 0.039062 0.032813
0 0.225000 0.227344 0.031250 0.032813
0 0.208594 0.190625 0.042188 0.040625
0 0.192969 0.152344 0.045312 0.051562
0 0.170313 0.124219 0.031250 0.048438
0 0.167969 0.090625 0.026562 0.037500
0 0.150781 0.058594 0.042188 0.039062
0 0.138281 0.025781 -0.042188 -0.042188
0 0.178125 0.021094 -0.046875 -0.035937
0 0.192969 0.059375 0.042188 0.037500
0 0.207813 0.100000 0.040625 0.037500
0 0.226562 0.142187 0.037500 0.043750
0 0.243750 0.191406 0.040625 0.039062
0 0.260937 0.233594 0.034375 0.035937
0 0.279687 0.272656 0.043750 0.026562
0 0.285938 0.300781 0.043750 0.035937
0 0.299219 0.338281 0.035937 0.029687
0 0.312500 0.375000 0.037500 0.031250
0 0.325000 0.415625 0.034375 0.037500
0 0.336719 0.453125 0.039062 0.028125
0 0.353906 0.485156 0.042188 0.026562
0 0.371875 0.517969 0.034375 0.032813
0 0.380469 0.558594 0.029687 0.032813
0 0.389062 0.597656 0.046875 0.035937
0 0.414062 0.641406 0.043750 0.039062
0 0.421094 0.681250 0.029687 0.028125
0 0.434375 0.714063 0.028125 0.037500
0 0.451562 0.747656 0.031250 0.042188
0 0.467969 0.799219 0.032813 0.045312
0 0.479687 0.838281 0.034375 0.032813
0 0.492188 0.875000 0.037500 0.028125
0 0.502344 0.903906 0.029687 0.032813
0 0.531250 0.962500 0.000000 0.000000
0 0.519531 0.942969 0.023438 0.039062
0 0.535937 0.979688 0.031250 0.034375
0 0.562500 0.975000 0.031250 0.040625
0 0.591406 0.977344 0.039062 0.032813
0 0.544531 0.943750 0.029687 0.031250
0 0.575781 0.941406 0.026562 0.032813
0 0.535937 0.910156 0.028125 0.039062
0 0.562500 0.903906 0.021875 0.039062
0 0.515625 0.869531 0.028125 0.039062
0 0.546875 0.871875 0.028125 0.040625
0 0.507812 0.840625 0.034375 0.043750
0 0.534375 0.829688 0.031250 0.046875
0 0.489063 0.797656 0.034375 0.045312
0 0.524219 0.791406 0.032813 0.039062
0 0.485156 0.765625 0.032813 0.034375
0 0.515625 0.760156 0.031250 0.039062
0 0.471875 0.732812 0.034375 0.034375
0 0.497656 0.727344 0.032813 0.035937
0 0.464062 0.709375 0.025000 0.034375
0 0.486719 0.698438 0.035937 0.028125
0 0.455469 0.675000 0.023438 0.034375
0 0.482031 0.669531 0.029687 0.039062
0 0.439844 0.653125 0.023438 0.034375
0 0.464062 0.635938 0.034375 0.034375
0 0.422656 0.608594 0.026562 0.032813
0 0.454688 0.603906 0.034375 0.035937
0 0.414844 0.571875 0.029687 0.034375
0 0.451562 0.572656 0.031250 0.029687
0 0.421875 0.541406 0.043750 0.023438
0 0.414844 0.511719 0.035937 0.029687
0 0.404687 0.485156 0.034375 0.032813
0 0.386719 0.453125 0.039062 0.031250
0 0.375000 0.419531 0.037500 0.035937
0 0.355469 0.389062 0.039062 0.031250
0 0.348438 0.359375 0.037500 0.040625
0 0.332031 0.323437 0.035937 0.034375
0 0.327344 0.298438 0.035937 0.034375
0 0.321875 0.269531 0.034375 0.029687
0 0.307031 0.239063 0.029687 0.028125
0 0.297656 0.209375 0.029687 0.034375
0 0.287500 0.178125 0.025000 0.040625
0 0.269531 0.147656 0.032813 0.035937
0 0.257812 0.108594 0.043750 0.045312
0 0.239844 0.073438 0.032813 0.040625
0 0.230469 0.042969 -0.029687 -0.029687
0 0.225781 0.022656 -0.032813 -0.045312
0 0.260937 0.023438 -0.043750 -0.037500
0 0.267188 0.063281 -0.037500 -0.032813
0 0.289062 0.094531 -0.037500 -0.032813
0 0.297656 0.120313 -0.035937 -0.028125
0 0.306250 0.148438 -0.031250 -0.028125
0 0.318750 0.178906 -0.037500 -0.029687
0 0.335938 0.212500 -0.043750 -0.034375
0 0.350781 0.246875 -0.039062 -0.031250
0 0.360156 0.279687 -0.042188 -0.034375
0 0.370312 0.311719 -0.043750 -0.032813
0 0.385156 0.343750 -0.048438 -0.031250
0 0.398438 0.375000 -0.043750 -0.031250
0 0.405469 0.406250 -0.048438 -0.037500
0 0.421094 0.445312 -0.035937 -0.037500
0 0.435937 0.483594 -0.037500 -0.039062
0 0.450000 0.517188 -0.040625 -0.034375
0 0.464844 0.551562 -0.042188 -0.028125
0 0.475000 0.582812 -0.034375 -0.037500
0 0.485156 0.621094 -0.035937 -0.029687
0 0.510156 0.656250 -0.035937 -0.031250
0 0.517188 0.696094 -0.037500 -0.039062
0 0.530469 0.729688 -0.035937 -0.034375
0 0.551562 0.764062 -0.037500 -0.034375
0 0.557813 0.803906 -0.031250 -0.035937
0 0.568750 0.839844 -0.040625 -0.035937
0 0.578125 0.874219 -0.050000 -0.039062
0 0.596875 0.911719 -0.031250 -0.039062
0 0.607031 0.939063 -0.035937 -0.028125
0 0.609375 0.961719 -0.037500 -0.032813
0 0.627344 0.982031 0.032813 0.029687
0 0.664844 0.982031 0.035937 0.032813
0 0.650000 0.950000 0.034375 0.034375
0 0.635156 0.914844 0.032813 0.035937
0 0.624219 0.885156 0.026562 0.032813
0 0.609375 0.850000 0.031250 0.034375
0 0.595313 0.813281 0.028125 0.032813
0 0.583594 0.772656 0.032813 0.039062
0 0.570312 0.729688 0.034375 0.037500
0 0.552344 0.686719 0.035937 0.039062
0 0.546875 0.646875 0.031250 0.034375
0 0.505469 0.621094 0.029687 0.035937
0 0.540625 0.620313 0.028125 0.031250
0 0.507812 0.586719 0.028125 0.039062
0 0.537500 0.590625 0.021875 0.037500
0 0.501563 0.553906 0.037500 0.029687
0 0.524219 0.554688 0.029687 0.031250
0 0.472656 0.521094 0.029687 0.035937
0 0.498437 0.512500 0.021875 0.034375
0 0.464844 0.480469 0.029687 0.029687
0 0.496875 0.476562 0.031250 0.031250
0 0.457031 0.446875 0.032813 0.028125
0 0.488281 0.445312 0.026562 0.034375
0 0.451562 0.421875 0.037500 0.037500
0 0.486719 0.411719 0.035937 0.032813
0 0.446094 0.386719 0.032813 0.039062
0 0.435937 0.352344 0.043750 0.039062
0 0.425000 0.321875 0.040625 0.034375
0 0.404687 0.293750 0.031250 0.037500
0 0.399219 0.268750 0.035937 0.028125
0 0.392188 0.250000 0.040625 0.021875
0 0.387500 0.225781 0.043750 0.029687
0 0.350781 0.182812 0.020313 0.040625
0 0.371875 0.187500 0.028125 0.050000
0 0.342187 0.148438 0.034375 0.031250
0 0.372656 0.143750 0.023438 0.037500
0 0.335938 0.119531 0.034375 0.029687
0 0.372656 0.110937 0.039062 0.037500
0 0.326562 0.088281 0.043750 0.035937
0 0.369531 0.077344 0.039062 0.035937
0 0.314063 0.061719 0.043750 0.032813
0 0.355469 0.058594 0.029687 0.035937
0 0.312500 0.046094 0.034375 0.026562
0 0.339844 0.034375 0.026562 0.021875
0 0.304688 0.023438 -0.037500 -0.037500
0 0.341406 0.017969 -0.026562 -0.026562
0 0.371094 0.021875 -0.035937 -0.034375
0 0.388281 0.051562 -0.045312 -0.031250
0 0.410938 0.089063 -0.034375 -0.043750
0 0.418750 0.125000 -0.037500 -0.025000
0 0.388281 0.139844 -0.026562 -0.032813
0 0.430469 0.152344 -0.039062 -0.023438
0 0.398438 0.172656 -0.037500 -0.032813
0 0.435156 0.181250 -0.029687 -0.034375
0 0.413281 0.210156 -0.032813 -0.032813
0 0.446094 0.212500 -0.032813 -0.034375
0 0.424219 0.240625 -0.023438 -0.034375
0 0.453906 0.246094 -0.026562 -0.029687
0 0.427344 0.282813 -0.026562 -0.037500
0 0.457031 0.278125 -0.026562 -0.037500
0 0.461719 0.313281 -0.026562 -0.029687
0 0.470313 0.339844 -0.028125 -0.039062
0 0.482031 0.378125 -0.026562 -0.040625
0 0.511719 0.449219 -0.039062 -0.023438
0 0.524219 0.481250 -0.029687 -0.031250
0 0.526563 0.511719 -0.031250 -0.035937
0 0.541406 0.546094 -0.035937 -0.029687
0 0.553125 0.578906 -0.031250 -0.032813
0 0.565625 0.609375 -0.037500 -0.031250
0 0.577344 0.647656 -0.035937 -0.042188
0 0.589844 0.690625 -0.042188 -0.043750
0 0.604688 0.734375 -0.034375 -0.043750
0 0.612500 0.776563 -0.037500 -0.037500
0 0.628125 0.816406 -0.050000 -0.032813
0 0.646094 0.855469 -0.039062 -0.035937
0 0.660156 0.889062 -0.042188 -0.037500
0 0.670312 0.925781 -0.037500 -0.035937
0 0.675781 0.950781 -0.048438 -0.035937
0 0.710938 0.987500 0.000000 0.000000
0 0.728125 0.980469 0.037500 0.032813
0 0.727344 0.950781 0.035937 0.032813
0 0.699219 0.981250 0.023438 0.034375
0 0.713281 0.914062 0.039062 0.028125
0 0.703125 0.884375 0.031250 0.034375
0 0.698438 0.852344 0.031250 0.039062
0 0.680469 0.823438 0.035937 0.028125
0 0.673438 0.794531 0.037500 0.035937
0 0.654687 0.760156 0.046875 0.039062
0 0.643750 0.724219 0.037500 0.035937
0 0.631250 0.691406 0.053125 0.039062
0 0.623437 0.660937 0.040625 0.037500
0 0.614062 0.632031 0.040625 0.035937
0 0.604688 0.603906 0.037500 0.026562
0 0.594531 0.578125 0.042188 0.028125
0 0.578125 0.549219 0.037500 0.035937
0 0.561719 0.511719 0.032813 0.039062
0 0.547656 0.471094 0.035937 0.035937
0 0.535937 0.448437 0.031250 0.028125
0 0.534375 0.421875 0.040625 0.028125
0 0.524219 0.395313 0.035937 0.028125
0 0.513281 0.364844 0.045312 0.039062
0 0.507031 0.339844 0.032813 0.035937
0 0.500781 0.310156 0.035937 0.035937
0 0.487500 0.278125 0.031250 0.031250
0 0.483594 0.242969 0.026562 0.039062
0 0.469531 0.207031 0.029687 0.029687
0 0.569531 0.444531 -0.039062 -0.032813
0 0.582812 0.471875 -0.034375 -0.028125
0 0.596875 0.503125 -0.037500 -0.034375
0 0.569531 0.413281 -0.051562 -0.042188
0 0.563281 0.374219 -0.045312 -0.029687
0 0.541406 0.342187 -0.045312 -0.040625
0 0.527344 0.307812 -0.026562 -0.040625
0 0.527344 0.282031 -0.045312 -0.035937
0 0.517188 0.253906 -0.034375 -0.039062
0 0.503125 0.221094 -0.031250 -0.026562
0 0.482031 0.200781 0.020313 0.026562
0 0.475781 0.181250 -0.032813 -0.025000
0 0.464062 0.157031 -0.034375 -0.023438
0 0.457031 0.137500 -0.045312 -0.028125
0 0.450000 0.111719 -0.031250 -0.035937
0 0.443750 0.082812 -0.031250 -0.031250
0 0.437500 0.060156 -0.043750 -0.032813
0 0.416406 0.037500 -0.032813 -0.025000
0 0.417969 0.022656 -0.035937 -0.029687
0 0.611719 0.535156 -0.035937 -0.035937
0 0.621875 0.575000 -0.040625 -0.031250
0 0.642969 0.607031 -0.035937 -0.032813
0 0.655469 0.643750 -0.029687 -0.031250
0 0.665625 0.675781 -0.031250 -0.045312
0 0.683594 0.712500 -0.035937 -0.037500
0 0.692187 0.742969 -0.043750 -0.039062
0 0.704688 0.776563 -0.034375 -0.034375
0 0.714844 0.802344 -0.035937 -0.035937
0 0.732031 0.835156 -0.042188 -0.032813
0 0.735938 0.867188 -0.031250 -0.034375
0 0.753125 0.910156 -0.031250 -0.035937
0 0.764062 0.937500 -0.031250 -0.040625
0 0.773438 0.960938 -0.037500 -0.031250
0 0.776563 0.981250 0.043750 0.034375
0 0.824219 0.981250 0.042188 0.034375
0 0.807813 0.953125 0.043750 0.031250
0 0.802344 0.925781 0.042188 0.029687
0 0.789062 0.903125 0.037500 0.028125
0 0.782813 0.879687 0.037500 0.025000
0 0.772656 0.854688 0.035937 0.034375
0 0.765625 0.828906 0.034375 0.020313
0 0.755469 0.807813 0.035937 0.040625
0 0.743750 0.776563 0.043750 0.034375
0 0.730469 0.741406 0.042188 0.039062
0 0.718750 0.707812 0.043750 0.037500
0 0.708594 0.671875 0.045312 0.031250
0 0.691406 0.638281 0.039062 0.029687
0 0.678906 0.610156 0.039062 0.029687
0 0.663281 0.581250 0.045312 0.031250
0 0.652344 0.548438 0.035937 0.037500
0 0.635938 0.510156 0.037500 0.035937
0 0.624219 0.475000 0.032813 0.037500
0 0.618750 0.443750 0.034375 0.037500
0 0.604688 0.405469 0.031250 0.035937
0 0.596094 0.371875 0.032813 0.034375
0 0.580469 0.341406 0.035937 0.032813
0 0.571875 0.307812 0.028125 0.028125
0 0.566406 0.281250 0.039062 0.028125
0 0.553906 0.250781 0.039062 0.042188
0 0.546094 0.217969 0.035937 0.026562
0 0.535156 0.190625 0.023438 0.034375
0 0.498437 0.185938 0.034375 0.034375
0 0.484375 0.151562 0.025000 0.031250
0 0.513281 0.150000 0.029687 0.037500
0 0.483594 0.122656 0.026562 0.026562
0 0.509375 0.117969 0.025000 0.029687
0 0.478125 0.102344 0.034375 0.026562
0 0.507812 0.094531 0.028125 0.029687
0 0.458594 0.071875 0.023438 0.031250
0 0.482031 0.071875 0.032813 0.037500
0 0.468750 0.042969 0.031250 0.029687
0 0.443750 0.029687 0.025000 0.025000
0 0.462500 0.018750 -0.046875 -0.031250
0 0.869531 0.980469 0.039062 0.035937
0 0.848437 0.948438 0.031250 0.028125
0 0.911719 0.983594 0.039062 0.029687
0 0.949219 0.982812 0.026562 0.031250
0 0.964063 0.975781 0.037500 0.029687
0 0.982812 0.964844 0.025000 0.029687
0 0.895312 0.957031 0.037500 0.026562
0 0.885156 0.926562 0.035937 0.031250
0 0.874219 0.890625 0.035937 0.034375
0 0.842969 0.912500 0.032813 0.037500
0 0.824219 0.879687 0.039062 0.037500
0 0.864844 0.863281 0.042188 0.032813
0 0.809375 0.845313 0.050000 0.031250
0 0.850781 0.837500 0.035937 0.037500
0 0.800000 0.814063 0.050000 0.031250
0 0.838281 0.801562 0.032813 0.034375
0 0.789062 0.782031 0.034375 0.023438
0 0.824219 0.771875 0.035937 0.034375
0 0.785156 0.757812 0.035937 0.028125
0 0.816406 0.742969 0.042188 0.029687
0 0.767188 0.729688 0.034375 0.031250
0 0.804688 0.719531 0.037500 0.032813
0 0.759375 0.700781 0.034375 0.026562
0 0.800781 0.696875 0.039062 0.031250
0 0.753906 0.675781 0.032813 0.029687
0 0.790625 0.665625 0.037500 0.034375
0 0.736719 0.642969 0.042188 0.032813
0 0.775781 0.636719 0.045312 0.032813
0 0.719531 0.604688 0.048438 0.043750
0 0.771094 0.603906 0.045312 0.035937
0 0.707812 0.571094 0.050000 0.039062
0 0.755469 0.569531 0.039062 0.032813
0 0.709375 0.542188 0.043750 0.025000
0 0.751563 0.535937 0.043750 0.037500
0 0.700781 0.513281 0.035937 0.023438
0 0.669531 0.514844 0.023438 0.029687
0 0.739844 0.507031 0.039062 0.023438
0 0.691406 0.488281 0.039062 0.023438
0 0.723437 0.480469 0.034375 0.032813
0 0.654687 0.477344 0.028125 0.039062
0 0.674219 0.462500 0.042188 0.028125
0 0.707031 0.451562 0.035937 0.031250
0 0.657031 0.428906 0.032813 0.035937
0 0.701562 0.427344 0.043750 0.026562
0 0.620313 0.412500 0.028125 0.028125
0 0.643750 0.398438 0.040625 0.031250
0 0.683594 0.395313 0.035937 0.031250
0 0.636719 0.373437 0.035937 0.028125
0 0.681250 0.371875 0.031250 0.037500
0 0.630469 0.348438 0.039062 0.028125
0 0.663281 0.338281 0.042188 0.035937
0 0.623437 0.321875 0.037500 0.031250
0 0.589844 0.315625 0.026562 0.034375
0 0.650781 0.301563 0.032813 0.034375
0 0.616406 0.300781 0.029687 0.026562
0 0.610156 0.279687 0.032813 0.025000
0 0.600781 0.258594 0.035937 0.026562
0 0.587500 0.235156 0.037500 0.032813
0 0.578906 0.203906 0.026562 0.029687
0 0.636719 0.266406 0.035937 0.026562
0 0.619531 0.232031 0.042188 0.029687
0 0.608594 0.200781 0.045312 0.032813
0 0.600781 0.164062 0.042188 0.028125
0 0.553906 0.189062 0.035937 0.040625
0 0.551562 0.162500 0.040625 0.018750
0 0.587500 0.143750 0.037500 0.018750
0 0.545312 0.135156 0.043750 0.035937
0 0.584375 0.121875 0.028125 0.043750
0 0.539062 0.104688 0.034375 0.028125
0 0.584375 0.092969 0.031250 0.035937
0 0.538281 0.081250 0.039062 0.018750
0 0.503125 0.071094 0.021875 0.032813
0 0.527344 0.064062 0.032813 0.031250
0 0.496094 0.045312 0.032813 0.028125
0 0.495312 0.022656 -0.043750 -0.039062
0 0.521875 0.004687 0.000000 0.000000
0 0.546875 0.048438 -0.037500 -0.025000
0 0.533594 0.017969 -0.032813 -0.032813
0 0.573438 0.021875 -0.037500 -0.040625
0 0.588281 0.053125 -0.035937 -0.031250
0 0.603125 0.078906 -0.046875 -0.029687
0 0.613281 0.107813 -0.042188 -0.037500
0 0.628125 0.142187 -0.046875 -0.040625
0 0.636719 0.174219 -0.035937 -0.045312
0 0.649219 0.199219 -0.029687 -0.029687
0 0.662500 0.231250 -0.037500 -0.043750
0 0.675000 0.266406 -0.037500 -0.032813
0 0.685156 0.301563 -0.039062 -0.034375
0 0.697656 0.338281 -0.029687 -0.035937
0 0.708594 0.374219 -0.026562 -0.029687
0 0.715625 0.400000 -0.025000 -0.031250
0 0.728125 0.423438 -0.028125 -0.031250
0 0.740625 0.448437 -0.037500 -0.034375
0 0.753906 0.476562 -0.029687 -0.028125
0 0.769531 0.517188 -0.035937 -0.043750
0 0.783594 0.550000 -0.039062 -0.031250
0 0.792969 0.579688 -0.035937 -0.034375
0 0.803125 0.607812 -0.031250 -0.031250
0 0.815625 0.635156 -0.040625 -0.026562
0 0.828906 0.667969 -0.029687 -0.035937
0 0.835156 0.696875 -0.029687 -0.037500
0 0.850781 0.735156 -0.035937 -0.035937
0 0.860938 0.767969 -0.037500 -0.029687
0 0.871094 0.798438 -0.035937 -0.037500
0 0.886719 0.833594 -0.035937 -0.032813
0 0.902344 0.866406 -0.032813 -0.032813
0 0.915625 0.899219 -0.034375 -0.032813
0 0.922656 0.921875 -0.032813 -0.034375
0 0.930469 0.946875 -0.029687 -0.031250
0 0.966406 0.942187 0.039062 0.018750
0 0.961719 0.920312 0.035937 0.031250
0 0.990625 0.920312 0.015625 0.043750
0 0.946875 0.886719 0.028125 0.035937
0 0.978906 0.879687 0.026562 0.040625
0 0.974219 0.848437 0.032813 0.031250
0 0.940625 0.849219 0.028125 0.032813
0 0.905469 0.821875 0.020313 0.040625
0 0.937500 0.814844 0.034375 0.035937
0 0.970313 0.813281 0.021875 0.032813
0 0.989062 0.814063 0.012500 0.043750
0 0.903906 0.779687 0.032813 0.034375
0 0.897656 0.755469 0.032813 0.023438
0 0.885156 0.729688 0.035937 0.031250
0 0.871094 0.699219 0.035937 0.029687
0 0.858594 0.665625 0.035937 0.034375
0 0.852344 0.638281 0.035937 0.026562
0 0.829688 0.607031 0.028125 0.032813
0 0.816406 0.574219 0.035937 0.045312
0 0.806250 0.534375 0.037500 0.040625
0 0.807813 0.504687 0.037500 0.040625
0 0.785156 0.471875 0.051562 0.034375
0 0.782031 0.445312 0.045312 0.028125
0 0.758594 0.411719 0.023438 0.035937
0 0.743750 0.396875 0.034375 0.037500
0 0.727344 0.362500 0.020313 0.031250
0 0.710938 0.325000 0.031250 0.037500
0 0.697656 0.282813 0.026562 0.034375
0 0.937500 0.778125 0.031250 0.034375
0 0.928906 0.744531 0.039062 0.035937
0 0.921094 0.708594 0.032813 0.032813
0 0.904687 0.683594 0.037500 0.035937
0 0.891406 0.657031 0.048438 0.035937
0 0.882812 0.625000 0.043750 0.040625
0 0.868750 0.586719 0.050000 0.032813
0 0.847656 0.564063 0.020313 0.034375
0 0.869531 0.559375 0.029687 0.031250
0 0.836719 0.536719 0.029687 0.026562
0 0.859375 0.523438 0.021875 0.040625
0 0.833594 0.493750 0.029687 0.040625
0 0.825000 0.457813 0.034375 0.034375
0 0.820312 0.435156 0.031250 0.029687
0 0.817969 0.414844 0.029687 0.026562
0 0.784375 0.422656 0.028125 0.023438
0 0.775000 0.400000 0.021875 0.031250
0 0.803125 0.390625 0.025000 0.028125
0 0.799219 0.364844 0.035937 0.032813
0 0.759375 0.363281 0.034375 0.035937
0 0.783594 0.335156 0.035937 0.026562
0 0.735938 0.324219 0.034375 0.035937
0 0.724219 0.291406 0.032813 0.029687
0 0.767188 0.298438 0.034375 0.040625
0 0.757031 0.260156 0.039062 0.032813
0 0.716406 0.267188 0.029687 0.034375
0 0.703906 0.233594 0.035937 0.026562
0 0.733594 0.229687 0.032813 0.037500
0 0.684375 0.205469 0.031250 0.032813
0 0.719531 0.196875 0.039062 0.034375
0 0.672656 0.169531 0.045312 0.039062
0 0.712500 0.165625 0.028125 0.028125
0 0.664844 0.135937 0.042188 0.028125
0 0.705469 0.139063 0.029687 0.025000
0 0.657813 0.103125 0.031250 0.034375
0 0.694531 0.107031 0.032813 0.032813
0 0.642188 0.069531 0.031250 0.029687
0 0.678906 0.067969 0.032813 0.035937
0 0.628125 0.046094 0.034375 0.026562
0 0.663281 0.043750 0.035937 0.028125
0 0.615625 0.017969 -0.037500 -0.029687
0 0.658594 0.018750 -0.039062 -0.037500
0 0.700781 0.020313 -0.039062 -0.034375
0 0.725000 0.003125 0.000000 0.000000
0 0.780469 0.021875 -0.032813 -0.040625
0 0.743750 0.024219 -0.037500 -0.045312
0 0.810156 0.021875 -0.020313 -0.034375
0 0.832812 0.022656 -0.028125 -0.039062
0 0.854688 0.022656 -0.025000 -0.042188
0 0.890625 0.022656 -0.034375 -0.039062
0 0.923438 0.022656 -0.034375 -0.039062
0 0.963281 0.023438 -0.032813 -0.037500
0 0.978906 0.014063 -0.020313 -0.028125
0 0.709375 0.056250 -0.034375 -0.040625
0 0.722656 0.089844 -0.035937 -0.035937
0 0.731250 0.124219 -0.043750 -0.039062
0 0.743750 0.162500 -0.037500 -0.034375
0 0.760938 0.193750 -0.037500 -0.031250
0 0.774219 0.225781 -0.039062 -0.039062
0 0.796094 0.262500 -0.039062 -0.037500
0 0.804688 0.295312 -0.040625 -0.040625
0 0.824219 0.334375 -0.039062 -0.040625
0 0.835938 0.365625 -0.040625 -0.040625
0 0.853125 0.404687 -0.043750 -0.043750
0 0.857812 0.442969 -0.046875 -0.039062
0 0.871094 0.481250 -0.039062 -0.040625
0 0.885938 0.513281 -0.043750 -0.029687
0 0.899219 0.542188 -0.035937 -0.028125
0 0.907813 0.577344 -0.037500 -0.026562
0 0.918750 0.607812 -0.040625 -0.043750
0 0.933594 0.645312 -0.042188 -0.037500
0 0.947656 0.684375 -0.035937 -0.034375
0 0.960156 0.712500 -0.035937 -0.031250
0 0.964844 0.744531 -0.035937 -0.035937
0 0.974219 0.777344 0.035937 0.035937
0 0.983594 0.709375 0.026562 0.040625
0 0.981250 0.668750 0.028125 0.034375
0 0.970313 0.633594 0.031250 0.035937
0 0.990625 0.632812 0.012500 0.037500
0 0.953125 0.606250 0.037500 0.031250
0 0.943750 0.564844 0.037500 0.039062
0 0.928125 0.526563 0.028125 0.028125
0 0.912500 0.492188 0.034375 0.043750
0 0.897656 0.441406 0.039062 0.045312
0 0.885156 0.397656 0.035937 0.042188
0 0.869531 0.357812 0.029687 0.037500
0 0.858594 0.320312 0.035937 0.037500
0 0.849219 0.291406 0.035937 0.039062
0 0.833594 0.261719 0.039062 0.029687
0 0.803125 0.221875 0.031250 0.037500
0 0.798438 0.180469 0.034375 0.035937
0 0.781250 0.151562 -0.034375 -0.031250
0 0.775781 0.127344 -0.045312 -0.029687
0 0.766406 0.098437 -0.035937 -0.028125
0 0.757812 0.065625 -0.037500 -0.034375
0 0.794531 0.064062 -0.032813 -0.040625
0 0.804688 0.102344 -0.037500 -0.029687
0 0.814844 0.132812 -0.026562 -0.034375
0 0.818750 0.160938 -0.034375 -0.025000
0 0.832812 0.192188 -0.025000 -0.040625
0 0.841406 0.230469 -0.035937 -0.039062
0 0.985156 0.590625 0.023438 0.046875
0 0.971094 0.553125 0.026562 0.031250
0 0.959375 0.518750 0.025000 0.031250
0 0.954688 0.492188 0.031250 0.028125
0 0.935937 0.457031 0.034375 0.035937
0 0.930469 0.419531 0.026562 0.042188
0 0.921875 0.385937 0.031250 0.034375
0 0.907031 0.353125 0.032813 0.043750
0 0.898438 0.318750 0.031250 0.031250
0 0.885938 0.282813 0.043750 0.043750
0 0.869531 0.232031 0.029687 0.039062
0 0.854688 0.191406 0.018750 0.026562
0 0.844531 0.155469 0.020313 0.039062
0 0.834375 0.121875 0.028125 0.031250
0 0.825000 0.096875 0.031250 0.034375
0 0.824219 0.062500 0.029687 0.034375
0 0.864062 0.062500 -0.040625 -0.034375
0 0.898438 0.060937 -0.034375 -0.037500
0 0.937500 0.063281 -0.031250 -0.035937
0 0.960938 0.057031 -0.025000 -0.035937
0 0.988281 0.057031 0.020313 0.042188
0 0.853125 0.096094 0.018750 0.020313
0 0.855469 0.122656 0.020313 0.026562
0 0.867188 0.157812 0.018750 0.037500
0 0.873437 0.190625 0.028125 0.028125
0 0.885938 0.221875 0.037500 0.031250
0 0.892969 0.253125 0.042188 0.037500
0 0.903125 0.286719 0.046875 0.032813
0 0.924219 0.316406 0.045312 0.023438
0 0.933594 0.343750 0.035937 0.040625
0 0.952344 0.375781 0.042188 0.032813
0 0.960938 0.409375 0.034375 0.028125
0 0.968750 0.438281 0.034375 0.032813
0 0.977344 0.467969 0.032813 0.029687
0 0.979688 0.507812 0.018750 0.050000
0 0.989844 0.546094 0.014063 0.042188
0 0.990625 0.503906 0.012500 0.039062
0 0.989844 0.449219 0.010937 0.054688
0 0.985156 0.401562 0.020313 0.046875
0 0.982812 0.356250 0.018750 0.034375
0 0.988281 0.319531 0.017188 0.042188
0 0.986719 0.276562 0.020313 0.053125
0 0.970313 0.317188 0.034375 0.034375
0 0.953906 0.287500 0.045312 0.031250
0 0.940625 0.255469 0.046875 0.032813
0 0.932813 0.230469 0.050000 0.032813
0 0.922656 0.203125 0.045312 0.028125
0 0.910937 0.172656 0.043750 0.035937
0 0.893750 0.135156 0.046875 0.039062
0 0.875781 0.094531 0.035937 0.032813
0 0.911719 0.094531 0.035937 0.035937
0 0.935156 0.128125 0.042188 0.028125
0 0.949219 0.164062 0.029687 0.031250
0 0.964063 0.196094 0.028125 0.020313
0 0.974219 0.225781 0.039062 0.039062
0 0.947656 0.095312 0.032813 0.037500
0 0.969531 0.125000 0.035937 0.031250
0 0.985156 0.168750 0.023438 0.040625
0 0.978125 0.093750 0.025000 0.034375
0 0.989062 0.128906 0.015625 0.035937
