0 0.035937 0.993750 0.000000 0.000000
0 0.056250 0.969531 0.046875 0.045312
0 0.022656 0.975000 0.026562 0.040625
0 0.087500 0.931250 0.043750 0.025000
0 0.093750 0.957031 0.037500 0.032813
0 0.102344 0.985156 0.029687 0.026562
0 0.129688 0.921875 0.034375 0.025000
0 0.132812 0.948438 0.037500 0.025000
0 0.143750 0.979688 0.040625 0.037500
0 0.173437 0.912500 0.034375 0.031250
0 0.174219 0.941406 0.045312 0.026562
0 0.178906 0.970313 0.042188 0.031250
0 0.189844 0.989062 0.035937 0.018750
0 0.210156 0.893750 0.035937 0.021875
0 0.221094 0.920312 0.035937 0.025000
0 0.221875 0.939063 0.040625 0.025000
0 0.230469 0.962500 0.042188 0.018750
0 0.235156 0.985156 0.042188 0.023438
0 0.244531 0.878125 0.023438 0.015625
0 0.254688 0.899219 0.037500 0.029687
0 0.265625 0.952344 0.025000 0.014063
0 0.261719 0.928125 0.042188 0.028125
0 0.271094 0.967969 0.029687 0.020313
0 0.280469 0.989062 0.032813 0.018750
0 0.289062 0.864844 -0.025000 -0.023438
0 0.296094 0.883594 0.039062 0.032813
0 0.296094 0.907813 0.039062 0.040625
0 0.303906 0.948438 0.045312 0.050000
0 0.314063 0.984375 0.037500 0.025000
0 0.333594 0.861719 0.032813 0.023438
0 0.333594 0.892969 0.029687 0.048438
0 0.342969 0.938281 0.029687 0.026562
0 0.346875 0.964844 0.025000 0.023438
0 0.356250 0.985938 0.037500 0.025000
0 0.361719 0.841406 0.029687 0.010937
0 0.364063 0.863281 0.031250 0.029687
0 0.369531 0.887500 0.039062 0.021875
0 0.380469 0.914844 0.042188 0.032813
0 0.389062 0.949219 0.046875 0.035937
0 0.395313 0.982812 0.037500 0.031250
0 0.407031 0.839063 0.045312 0.028125
0 0.412500 0.867188 0.043750 0.028125
0 0.419531 0.891406 0.039062 0.029687
0 0.425000 0.921875 0.046875 0.043750
0 0.434375 0.959375 0.031250 0.025000
0 0.432812 0.983594 0.028125 0.026562
0 0.449219 0.813281 0.023438 0.017188
0 0.451562 0.836719 0.028125 0.026562
0 0.452344 0.864844 0.035937 0.032813
0 0.458594 0.895312 0.032813 0.025000
0 0.465625 0.925781 0.034375 0.029687
0 0.467969 0.954688 0.032813 0.025000
0 0.477344 0.984375 0.042188 0.028125
0 0.489063 0.822656 0.031250 0.032813
0 0.493750 0.852344 0.037500 0.035937
0 0.498437 0.879687 0.021875 0.018750
0 0.508594 0.900781 0.042188 0.026562
0 0.511719 0.932031 0.048438 0.032813
0 0.512500 0.959375 0.046875 0.028125
0 0.525000 0.985156 0.037500 0.023438
0 0.542188 0.856250 0.031250 0.037500
0 0.550781 0.895312 0.032813 0.040625
0 0.555469 0.935156 0.029687 0.029687
0 0.559375 0.964063 0.028125 0.028125
0 0.564844 0.985938 0.020313 0.018750
0 0.572656 0.810156 0.029687 0.026562
0 0.591406 0.878906 0.026562 0.045312
