0 0.592969 0.090625 0.026562 0.021875
0 0.595313 0.117188 0.025000 0.021875
0 0.608594 0.146875 0.029687 0.021875
0 0.617969 0.168750 0.023438 0.018750
0 0.623437 0.192969 0.025000 0.032813
0 0.629687 0.225781 0.021875 0.020313
0 0.640625 0.250000 0.031250 0.034375
0 0.649219 0.282813 0.023438 0.025000
0 0.657031 0.304688 0.023438 0.034375
0 0.664844 0.333594 0.020313 0.032813
0 0.668750 0.361719 0.025000 0.029687
0 0.675781 0.382812 0.023438 0.025000
0 0.678906 0.407031 0.023438 0.026562
0 0.690625 0.423438 0.021875 0.021875
0 0.695312 0.442969 0.025000 0.023438
0 0.698438 0.467187 0.021875 0.028125
0 0.707031 0.488281 0.023438 0.020313
0 0.712500 0.507812 0.025000 0.028125
0 0.721094 0.532031 0.026562 0.029687
0 0.726562 0.561719 0.034375 0.029687
0 0.730469 0.592969 0.029687 0.017188
0 0.735938 0.610156 0.021875 0.026562
0 0.632031 0.081250 0.017188 0.015625
0 0.635938 0.105469 0.018750 0.020313
0 0.640625 0.128906 0.015625 0.017188
0 0.650000 0.148438 0.025000 0.031250
0 0.659375 0.178906 0.028125 0.029687
0 0.665625 0.201563 0.021875 0.015625
0 0.665625 0.214062 0.034375 0.018750
0 0.671875 0.237500 0.021875 0.025000
0 0.684375 0.263281 0.021875 0.017188
0 0.689063 0.290625 0.018750 0.034375
0 0.698438 0.321094 0.028125 0.023438
0 0.707031 0.353906 0.029687 0.026562
0 0.718750 0.382031 0.025000 0.023438
0 0.727344 0.406250 0.023438 0.018750
0 0.728906 0.430469 0.023438 0.020313
0 0.735156 0.457813 0.023438 0.025000
0 0.746094 0.492969 0.023438 0.026562
0 0.756250 0.521094 0.028125 0.020313
0 0.764844 0.546094 0.026562 0.026562
0 0.772656 0.575000 0.029687 0.031250
0 0.775781 0.607812 0.026562 0.021875
0 0.663281 0.075781 0.020313 0.023438
0 0.673438 0.115625 0.037500 0.034375
0 0.689844 0.156250 0.032813 0.037500
0 0.694531 0.178906 0.026562 0.026562
0 0.704688 0.205469 0.025000 0.026562
0 0.705469 0.229687 0.029687 0.021875
0 0.714844 0.252344 0.032813 0.017188
0 0.719531 0.275000 0.032813 0.028125
0 0.741406 0.314844 0.029687 0.029687
0 0.755469 0.355469 0.032813 0.023438
0 0.761719 0.387500 0.023438 0.021875
0 0.767188 0.414062 0.031250 0.021875
0 0.775000 0.442188 0.034375 0.025000
0 0.780469 0.471094 0.035937 0.029687
0 0.792969 0.504687 0.029687 0.025000
0 0.800781 0.535156 0.023438 0.023438
0 0.809375 0.565625 0.021875 0.025000
0 0.824219 0.596094 0.020313 0.017188
0 0.709375 0.071875 0.028125 0.018750
0 0.714063 0.095312 0.021875 0.015625
0 0.728125 0.133594 0.034375 0.042188
0 0.734375 0.160938 0.031250 0.028125
0 0.746875 0.189062 0.028125 0.031250
0 0.758594 0.226562 0.029687 0.021875
0 0.757812 0.253125 0.025000 0.021875
0 0.766406 0.284375 0.032813 0.031250
0 0.782813 0.337500 0.021875 0.028125
0 0.792969 0.357812 0.023438 0.025000
0 0.797656 0.382031 0.023438 0.026562
0 0.803906 0.402344 0.020313 0.029687
0 0.810937 0.432812 0.031250 0.028125
0 0.814844 0.452344 0.026562 0.029687
0 0.826562 0.476562 0.028125 0.031250
0 0.834375 0.503125 0.031250 0.031250
0 0.841406 0.533594 0.026562 0.023438
0 0.846875 0.565625 0.021875 0.037500
0 0.780469 0.037500 0.026562 0.025000
0 0.746875 0.066406 0.015625 0.017188
0 0.755469 0.096875 0.026562 0.031250
0 0.760938 0.125000 0.018750 0.021875
0 0.767969 0.149219 0.026562 0.026562
0 0.774219 0.178906 0.035937 0.032813
0 0.782031 0.207031 0.032813 0.026562
0 0.789062 0.243750 0.028125 0.034375
0 0.801562 0.269531 0.021875 0.023438
0 0.809375 0.294531 0.028125 0.035937
0 0.821094 0.343750 0.029687 0.034375
0 0.832812 0.374219 0.025000 0.032813
0 0.839844 0.400781 0.026562 0.026562
0 0.846875 0.432812 0.031250 0.034375
0 0.858594 0.467187 0.032813 0.040625
0 0.869531 0.503906 0.035937 0.035937
0 0.869531 0.535937 0.029687 0.028125
0 0.784375 0.065625 0.021875 0.018750
0 0.791406 0.089063 0.017188 0.021875
0 0.796094 0.112500 0.029687 0.025000
0 0.799219 0.137500 0.023438 0.028125
0 0.812500 0.159375 0.028125 0.025000
0 0.816406 0.178906 0.026562 0.029687
0 0.825000 0.215625 0.034375 0.025000
0 0.844531 0.261719 0.032813 0.029687
0 0.846094 0.288281 0.032813 0.026562
0 0.857031 0.342969 0.023438 0.029687
0 0.871094 0.363281 0.026562 0.023438
0 0.875000 0.380469 0.031250 0.026562
0 0.880469 0.402344 0.029687 0.026562
0 0.814844 0.031250 0.020313 0.028125
0 0.823438 0.054688 0.037500 0.021875
0 0.831250 0.078906 0.037500 0.026562
0 0.839844 0.102344 0.032813 0.032813
0 0.848437 0.135937 0.028125 0.031250
0 0.856250 0.168750 0.034375 0.037500
0 0.867969 0.210156 0.032813 0.029687
0 0.873437 0.237500 0.037500 0.018750
0 0.885938 0.255469 0.034375 0.023438
0 0.891406 0.277344 0.032813 0.020313
0 0.896875 0.304688 0.031250 0.031250
0 0.915625 0.362500 0.037500 0.025000
0 0.921875 0.388281 0.034375 0.026562
0 0.927344 0.413281 0.035937 0.023438
0 0.933594 0.435156 0.032813 0.026562
0 0.889844 0.434375 0.020313 0.025000
0 0.900000 0.462500 0.021875 0.018750
0 0.904687 0.482031 0.028125 0.026562
0 0.923438 0.542188 0.034375 0.040625
0 0.942969 0.484375 0.023438 0.028125
0 0.850781 0.025000 0.035937 0.028125
0 0.861719 0.053906 0.026562 0.023438
0 0.873437 0.078906 0.028125 0.023438
0 0.883594 0.106250 0.029687 0.028125
0 0.888281 0.140625 0.029687 0.034375
0 0.896875 0.177344 0.034375 0.029687
0 0.907813 0.207813 0.028125 0.028125
0 0.914844 0.240625 0.026562 0.025000
0 0.921094 0.265625 0.029687 0.025000
0 0.936719 0.298438 0.039062 0.034375
0 0.950781 0.328906 0.023438 0.035937
0 0.956250 0.379688 0.028125 0.034375
0 0.968750 0.414062 0.031250 0.028125
0 0.974219 0.443750 0.029687 0.028125
0 0.975000 0.478125 0.018750 0.028125
0 0.958594 0.532031 0.035937 0.032813
0 0.965625 0.557031 0.031250 0.029687
0 0.977344 0.585938 0.039062 0.025000
0 0.982812 0.328125 0.021875 0.028125
0 0.971875 0.292187 0.025000 0.025000
0 0.960938 0.264844 0.031250 0.026562
0 0.955469 0.236719 0.029687 0.032813
0 0.942187 0.197656 0.028125 0.026562
0 0.940625 0.166406 0.021875 0.029687
0 0.928125 0.132812 0.028125 0.040625
0 0.916406 0.091406 0.023438 0.029687
0 0.900781 0.053906 0.026562 0.026562
0 0.892969 0.021094 0.023438 0.032813
0 0.931250 0.012500 0.025000 0.025000
0 0.939063 0.043750 0.021875 0.025000
0 0.945312 0.092969 0.028125 0.023438
0 0.953906 0.124219 0.017188 0.032813
0 0.964844 0.147656 0.023438 0.029687
0 0.972656 0.175781 0.020313 0.026562
0 0.979688 0.201563 0.021875 0.021875
0 0.978125 0.015625 0.031250 0.028125
0 0.985938 0.050781 0.025000 0.032813
0 0.991406 0.090625 0.023438 0.028125
0 0.990625 0.125000 0.021875 0.037500
0 0.989844 0.610938 0.017188 0.040625
0 0.995313 0.654687 0.018750 0.021875
0 0.952344 0.613281 0.029687 0.026562
0 0.960156 0.643750 0.026562 0.021875
0 0.968750 0.675000 0.025000 0.021875
0 0.981250 0.700781 0.018750 0.017188
0 0.896875 0.607812 0.021875 0.034375
0 0.917969 0.642969 0.023438 0.023438
0 0.931250 0.672656 0.034375 0.029687
0 0.937500 0.703125 0.034375 0.021875
0 0.943750 0.730469 0.031250 0.029687
0 0.953125 0.760156 0.025000 0.026562
0 0.966406 0.793750 0.029687 0.028125
0 0.989062 0.752344 0.028125 0.032813
0 0.980469 0.839063 0.026562 0.031250
0 0.990625 0.881250 0.025000 0.034375
0 0.855469 0.611719 0.023438 0.023438
0 0.869531 0.629687 0.032813 0.028125
0 0.875000 0.661719 0.037500 0.032813
0 0.882812 0.689844 0.031250 0.023438
0 0.901563 0.710156 0.025000 0.023438
0 0.915625 0.750781 0.025000 0.020313
0 0.925781 0.771875 0.032813 0.034375
0 0.924219 0.809375 0.029687 0.034375
0 0.937500 0.850781 0.031250 0.035937
0 0.953906 0.881250 0.023438 0.021875
0 0.960938 0.906250 0.021875 0.021875
0 0.981250 0.949219 0.028125 0.042188
0 0.557031 0.126562 0.017188 0.028125
0 0.563281 0.155469 0.023438 0.017188
0 0.576562 0.177344 0.025000 0.017188
0 0.580469 0.198437 0.029687 0.021875
0 0.591406 0.219531 0.042188 0.029687
0 0.596875 0.245312 0.034375 0.028125
0 0.600000 0.268750 0.028125 0.021875
0 0.615625 0.292969 0.037500 0.023438
0 0.628125 0.316406 0.037500 0.020313
0 0.629687 0.339844 0.031250 0.023438
0 0.638281 0.363281 0.026562 0.029687
0 0.639844 0.398438 0.026562 0.021875
0 0.655469 0.417969 0.032813 0.029687
0 0.657813 0.444531 0.034375 0.020313
0 0.664062 0.464844 0.031250 0.023438
0 0.667188 0.490625 0.028125 0.028125
0 0.677344 0.519531 0.029687 0.032813
0 0.692187 0.550000 0.034375 0.031250
0 0.693750 0.576562 0.021875 0.021875
0 0.704688 0.598437 0.021875 0.025000
0 0.517969 0.129688 0.035937 0.046875
0 0.527344 0.166406 0.035937 0.023438
0 0.539062 0.192969 0.034375 0.020313
0 0.543750 0.217188 0.028125 0.031250
0 0.550000 0.242969 0.034375 0.026562
0 0.563281 0.273438 0.032813 0.025000
0 0.568750 0.305469 0.037500 0.035937
0 0.576562 0.331250 0.028125 0.025000
0 0.585938 0.361719 0.031250 0.026562
0 0.597656 0.391406 0.029687 0.020313
0 0.610156 0.415625 0.035937 0.031250
0 0.620313 0.439844 0.028125 0.020313
0 0.621875 0.460938 0.031250 0.021875
0 0.622656 0.485938 0.035937 0.025000
0 0.628906 0.508594 0.039062 0.023438
0 0.639844 0.529687 0.029687 0.025000
0 0.648438 0.555469 0.034375 0.020313
0 0.667969 0.608594 0.039062 0.035937
0 0.464844 0.140625 0.035937 0.031250
0 0.487500 0.178906 0.031250 0.023438
0 0.507031 0.216406 0.026562 0.029687
0 0.422656 0.140625 0.035937 0.021875
0 0.433594 0.167969 0.026562 0.023438
0 0.452344 0.207031 0.029687 0.029687
0 0.617969 0.633594 0.035937 0.023438
0 0.618750 0.596094 0.034375 0.029687
0 0.609375 0.567969 0.031250 0.029687
0 0.598437 0.539062 0.028125 0.028125
0 0.585938 0.503906 0.028125 0.032813
0 0.578906 0.472656 0.029687 0.029687
0 0.570312 0.446875 0.034375 0.031250
0 0.562500 0.421094 0.040625 0.023438
0 0.560156 0.385156 0.029687 0.032813
0 0.538281 0.350000 0.026562 0.025000
0 0.528125 0.314844 0.028125 0.020313
0 0.521094 0.287500 0.032813 0.037500
0 0.510938 0.248438 0.034375 0.025000
0 0.467187 0.242969 0.025000 0.026562
0 0.482031 0.276562 0.032813 0.025000
0 0.490625 0.306250 0.031250 0.025000
0 0.499219 0.333594 0.026562 0.026562
0 0.511719 0.357812 0.023438 0.031250
0 0.514844 0.391406 0.029687 0.026562
0 0.527344 0.417187 0.032813 0.025000
0 0.532031 0.446875 0.032813 0.034375
0 0.542188 0.493750 0.031250 0.034375
0 0.544531 0.507031 0.026562 0.029687
0 0.560937 0.532813 0.031250 0.028125
0 0.570312 0.565625 0.028125 0.031250
0 0.571875 0.600781 0.031250 0.035937
0 0.578906 0.635938 0.029687 0.037500
0 0.394531 0.171094 0.029687 0.035937
0 0.407031 0.200781 0.035937 0.023438
0 0.420312 0.226562 0.037500 0.031250
0 0.430469 0.253125 0.039062 0.028125
0 0.437500 0.276562 0.037500 0.031250
0 0.446094 0.300781 0.039062 0.035937
0 0.456250 0.328906 0.034375 0.023438
0 0.464844 0.347656 0.035937 0.026562
0 0.475000 0.371875 0.040625 0.028125
0 0.480469 0.393750 0.035937 0.028125
0 0.492188 0.421875 0.034375 0.028125
0 0.495312 0.450781 0.037500 0.029687
0 0.503906 0.471094 0.035937 0.026562
0 0.512500 0.511719 0.037500 0.045312
0 0.517969 0.537500 0.035937 0.031250
0 0.524219 0.565625 0.035937 0.021875
0 0.531250 0.584375 0.028125 0.031250
0 0.539844 0.604688 0.039062 0.028125
0 0.540625 0.624219 0.037500 0.035937
0 0.542188 0.650000 0.037500 0.025000
0 0.351562 0.170313 0.031250 0.031250
0 0.365625 0.202344 0.040625 0.039062
0 0.372656 0.235156 0.032813 0.029687
0 0.385937 0.263281 0.037500 0.029687
0 0.395313 0.284375 0.034375 0.028125
0 0.402344 0.310156 0.039062 0.042188
0 0.413281 0.332031 0.032813 0.035937
0 0.425000 0.360938 0.040625 0.031250
0 0.432812 0.385937 0.034375 0.028125
0 0.439844 0.412500 0.035937 0.025000
0 0.446875 0.439844 0.037500 0.035937
0 0.452344 0.471875 0.032813 0.031250
0 0.461719 0.492969 0.042188 0.032813
0 0.473438 0.518750 0.034375 0.040625
0 0.482812 0.553125 0.040625 0.028125
0 0.491406 0.581250 0.042188 0.028125
0 0.500000 0.599219 0.034375 0.026562
0 0.506250 0.626563 0.037500 0.028125
0 0.321875 0.182812 0.034375 0.031250
0 0.329688 0.210156 0.031250 0.026562
0 0.339062 0.239063 0.034375 0.031250
0 0.345313 0.260937 0.034375 0.031250
0 0.353125 0.286719 0.037500 0.035937
0 0.362500 0.317969 0.031250 0.032813
0 0.371875 0.346875 0.028125 0.028125
0 0.383594 0.372656 0.032813 0.029687
0 0.394531 0.396875 0.032813 0.025000
0 0.409375 0.441406 0.034375 0.029687
0 0.404687 0.411719 0.034375 0.029687
0 0.419531 0.458594 0.035937 0.039062
0 0.420312 0.489844 0.034375 0.026562
0 0.423438 0.514062 0.028125 0.025000
0 0.435156 0.545312 0.035937 0.028125
0 0.441406 0.571875 0.042188 0.028125
0 0.448437 0.596875 0.031250 0.028125
0 0.461719 0.621875 0.035937 0.028125
0 0.459375 0.649219 0.034375 0.026562
0 0.041406 0.613281 0.026562 0.023438
0 0.286719 0.202344 0.048438 0.023438
0 0.291406 0.229687 0.029687 0.031250
0 0.303125 0.261719 0.037500 0.026562
0 0.312500 0.290625 0.034375 0.034375
0 0.319531 0.321875 0.026562 0.031250
0 0.333594 0.349219 0.032813 0.026562
0 0.337500 0.378906 0.037500 0.032813
0 0.348438 0.410938 0.031250 0.034375
0 0.360938 0.441406 0.037500 0.035937
0 0.367969 0.468750 0.032813 0.028125
0 0.376563 0.500781 0.037500 0.032813
0 0.385156 0.531250 0.035937 0.031250
0 0.392188 0.555469 0.037500 0.029687
0 0.406250 0.577344 0.034375 0.029687
0 0.407813 0.600000 0.040625 0.031250
0 0.417969 0.627344 0.032813 0.026562
0 0.246875 0.214844 0.037500 0.029687
0 0.255469 0.244531 0.029687 0.026562
0 0.269531 0.271875 0.035937 0.034375
0 0.282031 0.301563 0.035937 0.028125
0 0.289844 0.330469 0.029687 0.035937
0 0.303906 0.358594 0.029687 0.035937
0 0.310156 0.389062 0.029687 0.034375
0 0.321094 0.417187 0.035937 0.025000
0 0.325000 0.442188 0.031250 0.037500
0 0.338281 0.473438 0.035937 0.037500
0 0.340625 0.502344 0.031250 0.032813
0 0.346094 0.539844 0.032813 0.035937
0 0.354687 0.574219 0.031250 0.029687
0 0.366406 0.599219 0.029687 0.032813
0 0.383594 0.621875 0.039062 0.040625
0 0.206250 0.224219 0.028125 0.042188
0 0.221094 0.253906 0.039062 0.035937
0 0.228125 0.277344 0.028125 0.017188
0 0.232031 0.296875 0.026562 0.025000
0 0.238281 0.314063 0.032813 0.028125
0 0.246094 0.334375 0.039062 0.031250
0 0.247656 0.362500 0.029687 0.025000
0 0.258594 0.381250 0.032813 0.028125
0 0.265625 0.402344 0.031250 0.023438
0 0.275781 0.421094 0.035937 0.035937
0 0.279687 0.445312 0.034375 0.031250
0 0.291406 0.468750 0.035937 0.031250
0 0.296875 0.505469 0.043750 0.045312
0 0.303906 0.541406 0.035937 0.029687
0 0.313281 0.564844 0.029687 0.026562
0 0.324219 0.588281 0.032813 0.029687
0 0.331250 0.617969 0.037500 0.032813
0 0.167969 0.238281 0.039062 0.039062
0 0.173437 0.265625 0.040625 0.031250
0 0.190625 0.293750 0.037500 0.031250
0 0.197656 0.319531 0.039062 0.032813
0 0.200000 0.345313 0.037500 0.034375
0 0.211719 0.371875 0.042188 0.028125
0 0.227344 0.390625 0.039062 0.034375
0 0.228125 0.427344 0.040625 0.039062
0 0.239844 0.453906 0.039062 0.032813
0 0.245312 0.483594 0.037500 0.026562
0 0.255469 0.503906 0.048438 0.026562
0 0.264844 0.532031 0.039062 0.032813
0 0.277344 0.557813 0.035937 0.031250
0 0.290625 0.589844 0.043750 0.026562
0 0.131250 0.248438 0.037500 0.031250
0 0.137500 0.278906 0.034375 0.032813
0 0.146875 0.306250 0.034375 0.034375
0 0.149219 0.339844 0.039062 0.039062
0 0.169531 0.373437 0.039062 0.037500
0 0.178125 0.405469 0.031250 0.032813
0 0.191406 0.432812 0.039062 0.037500
0 0.200781 0.471094 0.048438 0.045312
0 0.214062 0.506250 0.043750 0.050000
0 0.225000 0.549219 0.046875 0.039062
0 0.238281 0.585156 0.045312 0.032813
0 0.245312 0.611719 0.034375 0.029687
0 0.008594 0.616406 0.014063 -0.032813
0 0.079687 0.625000 0.046875 0.037500
0 0.123438 0.615625 0.037500 0.040625
0 0.156250 0.630469 0.031250 0.023438
0 0.197656 0.630469 0.045312 0.035937
0 0.196094 0.599219 0.039062 0.029687
0 0.188281 0.574219 0.042188 0.035937
0 0.182812 0.546875 0.037500 0.037500
0 0.170313 0.514062 0.040625 0.037500
0 0.073438 0.596875 0.037500 0.025000
0 0.017969 0.291406 0.032813 0.035937
0 0.027344 0.325781 0.035937 0.032813
0 0.037500 0.353906 0.037500 0.035937
0 0.050781 0.268750 0.039062 0.021875
0 0.094531 0.257812 0.035937 0.031250
0 0.060156 0.290625 0.039062 0.018750
0 0.069531 0.311719 0.032813 0.032813
0 0.082031 0.346094 0.032813 0.032813
0 0.105469 0.291406 0.032813 0.023438
0 0.109375 0.316406 0.034375 0.026562
0 0.115625 0.339844 0.028125 0.020313
0 0.128125 0.365625 0.037500 0.028125
0 0.135937 0.389844 0.037500 0.026562
0 0.145313 0.410938 0.050000 0.028125
0 0.153125 0.435156 0.040625 0.035937
0 0.160156 0.461719 0.039062 0.039062
0 0.046094 0.388281 0.035937 0.029687
0 0.057031 0.418750 0.035937 0.031250
0 0.069531 0.453906 0.032813 0.039062
0 0.082031 0.484375 0.032813 0.034375
0 0.093750 0.514844 0.034375 0.029687
0 0.103125 0.539844 0.031250 0.020313
0 0.117188 0.570312 0.037500 0.043750
0 0.009375 0.360156 0.015625 -0.035937
0 0.018750 0.393750 0.028125 -0.031250
0 0.018750 0.419531 0.021875 -0.029687
0 0.028906 0.451562 0.039062 0.034375
0 0.044531 0.488281 0.035937 0.035937
0 0.018750 0.509375 0.034375 0.037500
0 0.057813 0.525781 0.037500 0.035937
0 0.026562 0.549219 0.040625 0.023438
0 0.040625 0.576562 0.028125 0.031250
0 0.069531 0.557031 0.032813 0.029687
0 0.157812 0.600781 0.037500 0.039062
0 0.150000 0.565625 0.037500 0.025000
0 0.143750 0.539062 0.040625 0.034375
0 0.129688 0.510156 0.034375 0.032813
0 0.116406 0.476562 0.032813 0.034375
0 0.106250 0.448437 0.034375 0.037500
0 0.099219 0.411719 0.032813 0.032813
0 0.085156 0.379688 0.032813 0.034375
0 0.780469 0.643750 0.020313 0.034375
0 0.825781 0.638281 0.020313 0.032813
0 0.839844 0.666406 0.029687 0.020313
0 0.850781 0.695312 0.032813 0.037500
0 0.862500 0.717969 0.037500 0.035937
0 0.870313 0.750781 0.034375 0.029687
0 0.880469 0.776563 0.026562 0.034375
0 0.888281 0.808594 0.032813 0.035937
0 0.901563 0.846875 0.021875 0.031250
0 0.921094 0.877344 0.026562 0.035937
0 0.932031 0.914062 0.032813 0.037500
0 0.945312 0.936719 0.031250 0.029687
0 0.985938 0.989844 0.034375 0.029687
0 0.801562 0.664062 0.034375 0.040625
0 0.811719 0.703125 0.023438 0.034375
0 0.819531 0.730469 0.032813 0.026562
0 0.831250 0.757031 0.034375 0.035937
0 0.845313 0.785937 0.031250 0.034375
0 0.850000 0.818750 0.034375 0.028125
0 0.862500 0.839063 0.034375 0.034375
0 0.875781 0.870313 0.035937 0.034375
0 0.887500 0.897656 0.037500 0.039062
0 0.891406 0.927344 0.035937 0.035937
0 0.900000 0.957812 0.037500 0.040625
0 0.945312 0.964844 0.034375 0.045312
0 0.342187 0.667188 0.028125 0.015625
0 0.355469 0.691406 0.032813 0.032813
0 0.360938 0.718750 0.031250 0.021875
0 0.369531 0.745313 0.029687 0.018750
0 0.375000 0.773438 0.028125 0.031250
0 0.382031 0.800000 0.032813 0.018750
0 0.392188 0.825781 0.034375 0.032813
0 0.406250 0.854688 0.031250 0.031250
0 0.252344 0.657031 0.042188 0.029687
0 0.261719 0.683594 0.039062 0.029687
0 0.275000 0.712500 0.037500 0.037500
0 0.282813 0.735938 0.040625 0.028125
0 0.289844 0.762500 0.039062 0.034375
0 0.302344 0.791406 0.039062 0.032813
0 0.312500 0.813281 0.034375 0.026562
0 0.318750 0.835156 0.031250 0.032813
0 0.326562 0.864062 0.028125 0.025000
0 0.339062 0.886719 0.037500 0.029687
0 0.352344 0.915625 0.029687 0.025000
0 0.351562 0.935937 0.034375 0.025000
0 0.363281 0.962500 0.035937 0.034375
0 0.374219 0.982812 0.032813 0.034375
0 0.416406 0.881250 0.029687 0.031250
0 0.425000 0.905469 0.034375 0.029687
0 0.434375 0.930469 0.034375 0.042188
0 0.443750 0.957812 0.031250 0.031250
0 0.457031 0.983594 0.032813 0.035937
0 0.300781 0.671875 0.035937 0.031250
0 0.311719 0.703906 0.032813 0.035937
0 0.325000 0.730469 0.031250 0.029687
0 0.332813 0.756250 0.031250 0.034375
0 0.337500 0.782813 0.025000 0.034375
0 0.346875 0.811719 0.028125 0.032813
0 0.357031 0.830469 0.032813 0.026562
0 0.377344 0.869531 0.032813 0.035937
0 0.380469 0.892969 0.032813 0.032813
0 0.398438 0.938281 0.034375 0.035937
0 0.406250 0.960938 0.031250 0.031250
0 0.417969 0.986719 0.032813 0.026562
0 0.391406 0.684375 0.039062 0.040625
0 0.398438 0.716406 0.034375 0.026562
0 0.409375 0.746875 0.034375 0.034375
0 0.414062 0.775000 0.034375 0.028125
0 0.419531 0.805469 0.035937 0.029687
0 0.433594 0.826562 0.035937 0.034375
0 0.445312 0.853906 0.031250 0.029687
0 0.457031 0.877344 0.035937 0.029687
0 0.467187 0.905469 0.037500 0.026562
0 0.475000 0.925000 0.034375 0.028125
0 0.479687 0.950000 0.034375 0.028125
0 0.485938 0.974219 0.031250 0.020313
0 0.501563 0.992188 0.028125 0.018750
0 0.441406 0.713281 0.035937 0.045312
0 0.447656 0.748437 0.035937 0.034375
0 0.460156 0.771875 0.035937 0.031250
0 0.471094 0.800781 0.035937 0.023438
0 0.480469 0.825000 0.035937 0.025000
0 0.489844 0.848437 0.039062 0.021875
0 0.512500 0.906250 0.037500 0.031250
0 0.506250 0.878125 0.028125 0.034375
0 0.517969 0.932813 0.035937 0.037500
0 0.528906 0.959375 0.032813 0.031250
0 0.539062 0.984375 0.034375 0.028125
0 0.515625 0.669531 0.031250 0.042188
0 0.485938 0.686719 0.043750 0.023438
0 0.491406 0.711719 0.035937 0.023438
0 0.496875 0.731250 0.031250 0.025000
0 0.501563 0.755469 0.034375 0.029687
0 0.511719 0.775781 0.039062 0.035937
0 0.517969 0.810156 0.039062 0.026562
0 0.527344 0.834375 0.035937 0.031250
0 0.542188 0.859375 0.034375 0.028125
0 0.545312 0.887500 0.031250 0.028125
0 0.558594 0.908594 0.039062 0.032813
0 0.564063 0.935937 0.031250 0.025000
0 0.572656 0.957812 0.035937 0.028125
0 0.584375 0.984375 0.037500 0.037500
0 0.528906 0.706250 0.035937 0.028125
0 0.534375 0.738281 0.034375 0.029687
0 0.541406 0.763281 0.035937 0.039062
0 0.550781 0.800000 0.032813 0.031250
0 0.558594 0.828125 0.035937 0.028125
0 0.574219 0.852344 0.039062 0.032813
0 0.581250 0.882812 0.031250 0.028125
0 0.600000 0.906250 0.034375 0.031250
0 0.605469 0.934375 0.035937 0.031250
0 0.612500 0.962500 0.037500 0.025000
0 0.628906 0.985938 0.029687 0.031250
0 0.569531 0.732031 0.026562 0.039062
0 0.580469 0.769531 0.029687 0.035937
0 0.596875 0.790625 0.040625 0.028125
0 0.608594 0.812500 0.035937 0.031250
0 0.614062 0.844531 0.037500 0.035937
0 0.625000 0.876563 0.028125 0.031250
0 0.635156 0.905469 0.032813 0.032813
0 0.643750 0.931250 0.043750 0.031250
0 0.656250 0.955469 0.034375 0.032813
0 0.667969 0.984375 0.039062 0.031250
0 0.596094 0.686719 0.045312 0.029687
0 0.605469 0.714844 0.039062 0.032813
0 0.617188 0.742188 0.040625 0.037500
0 0.627344 0.769531 0.035937 0.032813
0 0.639844 0.793750 0.039062 0.034375
0 0.647656 0.819531 0.035937 0.029687
0 0.657813 0.843750 0.028125 0.025000
0 0.661719 0.867969 0.035937 0.026562
0 0.682031 0.917188 0.035937 0.031250
0 0.671875 0.890625 0.037500 0.031250
0 0.696094 0.942187 0.035937 0.034375
0 0.705469 0.977344 0.039062 0.042188
0 0.632031 0.676562 0.039062 0.037500
0 0.650781 0.703906 0.042188 0.029687
0 0.657031 0.731250 0.042188 0.037500
0 0.664844 0.763281 0.039062 0.039062
0 0.676562 0.790625 0.028125 0.031250
0 0.678906 0.814844 0.039062 0.029687
0 0.689844 0.837500 0.035937 0.031250
0 0.703906 0.863281 0.035937 0.026562
0 0.709375 0.877344 0.040625 0.023438
0 0.722656 0.893750 0.039062 0.031250
0 0.725781 0.921094 0.035937 0.035937
0 0.731250 0.948438 0.031250 0.028125
0 0.745313 0.979688 0.025000 0.037500
0 0.662500 0.657031 0.034375 0.026562
0 0.687500 0.682031 0.037500 0.032813
0 0.696875 0.714063 0.034375 0.034375
0 0.703125 0.749219 0.031250 0.032813
0 0.708594 0.776563 0.039062 0.028125
0 0.715625 0.802344 0.046875 0.032813
0 0.730469 0.828906 0.039062 0.039062
0 0.742188 0.857812 0.031250 0.034375
0 0.760156 0.884375 0.029687 0.031250
0 0.765625 0.912500 0.040625 0.028125
0 0.775000 0.939063 0.040625 0.037500
0 0.778906 0.972656 0.035937 0.026562
0 0.722656 0.661719 0.035937 0.029687
0 0.727344 0.690625 0.032813 0.031250
0 0.735156 0.717969 0.029687 0.026562
0 0.741406 0.747656 0.032813 0.032813
0 0.754687 0.771875 0.040625 0.040625
0 0.765625 0.803906 0.028125 0.029687
0 0.771875 0.830469 0.034375 0.029687
0 0.784375 0.853125 0.040625 0.034375
0 0.792969 0.882031 0.039062 0.032813
0 0.804688 0.910156 0.034375 0.032813
0 0.818750 0.935937 0.040625 0.031250
0 0.821094 0.961719 0.035937 0.023438
0 0.827344 0.986719 0.035937 0.020313
0 0.759375 0.666406 0.037500 0.032813
0 0.771094 0.699219 0.035937 0.039062
0 0.779687 0.739062 0.034375 0.031250
0 0.795312 0.766406 0.034375 0.035937
0 0.804688 0.795312 0.043750 0.034375
0 0.814844 0.825781 0.035937 0.035937
0 0.825781 0.850000 0.035937 0.034375
0 0.836719 0.881250 0.039062 0.037500
0 0.846875 0.907813 0.043750 0.040625
0 0.859375 0.937500 0.034375 0.034375
0 0.861719 0.966406 0.035937 0.026562
0 0.878125 0.991406 0.028125 0.029687
0 0.019531 0.678906 0.029687 -0.042188
0 0.035937 0.702344 0.037500 0.026562
0 0.043750 0.732031 0.031250 0.014063
0 0.046875 0.751563 0.025000 0.021875
0 0.056250 0.791406 0.031250 0.032813
0 0.068750 0.819531 0.034375 0.023438
0 0.078906 0.840625 0.029687 0.028125
0 0.088281 0.869531 0.035937 0.023438
0 0.100781 0.896875 0.032813 0.021875
0 0.110156 0.927344 0.032813 0.023438
0 0.114062 0.953125 0.037500 0.015625
0 0.125000 0.980469 0.037500 0.029687
0 0.007812 0.750781 -0.034375 -0.026562
0 0.016406 0.781250 0.032813 0.028125
0 0.022656 0.809375 0.032813 0.028125
0 0.032031 0.837500 0.035937 0.025000
0 0.046094 0.863281 0.032813 0.026562
0 0.059375 0.890625 0.037500 0.028125
0 0.068750 0.914844 0.034375 0.026562
0 0.079687 0.939063 0.034375 0.031250
0 0.087500 0.981250 0.040625 0.031250
0 0.046094 0.984375 0.042188 0.031250
0 0.032031 0.944531 0.039062 0.029687
0 0.021094 0.912500 0.042188 0.031250
0 0.015625 0.876563 -0.034375 -0.046875
0 0.007031 0.980469 -0.029687 -0.023438
0 0.059375 0.668750 0.028125 0.034375
0 0.073438 0.696094 0.028125 0.029687
0 0.081250 0.723437 0.034375 0.018750
0 0.087500 0.744531 0.040625 0.026562
0 0.096094 0.771094 0.035937 0.035937
0 0.103125 0.796094 0.034375 0.023438
0 0.111719 0.821094 0.035937 0.026562
0 0.121094 0.846094 0.042188 0.023438
0 0.130469 0.867188 0.045312 0.021875
0 0.141406 0.893750 0.039062 0.025000
0 0.146875 0.920312 0.037500 0.021875
0 0.153125 0.950000 0.037500 0.031250
0 0.158594 0.981250 0.029687 0.031250
0 0.204687 0.674219 0.025000 0.020313
0 0.225000 0.696094 0.031250 0.029687
0 0.238281 0.721875 0.032813 0.028125
0 0.242969 0.750000 0.032813 0.028125
0 0.254688 0.775000 0.034375 0.037500
0 0.260156 0.803125 0.032813 0.025000
0 0.271875 0.825781 0.037500 0.029687
0 0.286719 0.847656 0.039062 0.026562
0 0.296875 0.875781 0.037500 0.023438
0 0.304688 0.907813 0.031250 0.025000
0 0.316406 0.934375 0.026562 0.025000
0 0.325781 0.955469 0.029687 0.020313
0 0.335938 0.985156 0.031250 0.026562
0 0.178125 0.685156 0.040625 0.032813
0 0.189844 0.717187 0.035937 0.031250
0 0.203906 0.746875 0.026562 0.025000
0 0.210938 0.774219 0.028125 0.026562
0 0.220312 0.804688 0.025000 0.028125
0 0.231250 0.834375 0.028125 0.028125
0 0.244531 0.864844 0.029687 0.029687
0 0.253906 0.896094 0.032813 0.029687
0 0.266406 0.927344 0.029687 0.035937
0 0.278125 0.963281 0.034375 0.023438
0 0.289844 0.989062 0.032813 0.021875
0 0.139844 0.676562 0.039062 0.034375
0 0.146094 0.705469 0.032813 0.020313
0 0.156250 0.725000 0.034375 0.028125
0 0.164844 0.750781 0.026562 0.026562
0 0.174219 0.772656 0.029687 0.029687
0 0.177344 0.803125 0.029687 0.028125
0 0.188281 0.826562 0.035937 0.028125
0 0.198437 0.849219 0.031250 0.029687
0 0.208594 0.873437 0.026562 0.021875
0 0.216406 0.900000 0.029687 0.025000
0 0.225781 0.931250 0.032813 0.031250
0 0.236719 0.957031 0.029687 0.017188
0 0.242969 0.974219 0.023438 0.023438
0 0.253906 0.989062 0.023438 0.015625
0 0.096875 0.664062 0.028125 0.021875
0 0.107031 0.689844 0.026562 0.032813
0 0.115625 0.719531 0.031250 0.023438
0 0.125781 0.744531 0.032813 0.026562
0 0.132031 0.771094 0.032813 0.032813
0 0.139844 0.798438 0.032813 0.025000
0 0.147656 0.818750 0.026562 0.025000
0 0.159375 0.841406 0.025000 0.023438
0 0.167969 0.865625 0.023438 0.018750
0 0.181250 0.885938 0.028125 0.021875
0 0.182031 0.915625 0.026562 0.025000
0 0.188281 0.939844 0.026562 0.026562
0 0.193750 0.967969 0.025000 0.020313
0 0.207813 0.987500 0.028125 0.018750
