0 0.010156 0.277344 -0.020313 -0.032813
0 0.015625 0.299219 -0.025000 -0.014063
0 0.025000 0.337500 -0.031250 -0.025000
0 0.006250 0.356250 -0.012500 -0.043750
0 0.046875 0.390625 -0.040625 -0.021875
0 0.034375 0.364844 -0.028125 -0.026562
0 0.014063 0.402344 -0.025000 -0.032813
0 0.027344 0.462500 -0.029687 -0.034375
0 0.017969 0.433594 -0.032813 -0.029687
0 0.009375 0.474219 -0.018750 -0.051562
0 0.034375 0.492969 0.034375 0.042188
0 0.046094 0.530469 0.029687 0.032813
0 0.057813 0.555469 0.028125 0.023438
0 0.064844 0.581250 0.029687 0.031250
0 0.011719 0.512500 -0.020313 -0.025000
0 0.067969 0.611719 0.035937 0.032813
0 0.018750 0.537500 -0.034375 -0.025000
0 0.023438 0.564844 -0.037500 -0.032813
0 0.028125 0.600000 -0.021875 -0.028125
0 0.047656 0.415625 0.039062 0.025000
0 0.052344 0.441406 0.039062 0.032813
0 0.064062 0.471875 0.040625 0.028125
0 0.073438 0.500781 0.043750 0.026562
0 0.083594 0.529687 0.035937 0.031250
0 0.094531 0.560937 0.042188 0.034375
0 0.103125 0.588281 0.043750 0.023438
0 0.110156 0.613281 0.035937 0.026562
0 0.036719 0.259375 -0.029687 -0.034375
0 0.042188 0.288281 0.037500 0.017188
0 0.059375 0.328906 0.040625 0.026562
0 0.064844 0.358594 0.042188 0.026562
0 0.075000 0.389844 0.040625 0.029687
0 0.085938 0.417187 0.043750 0.028125
0 0.093750 0.446875 0.034375 0.031250
0 0.115625 0.428125 -0.015625 -0.028125
0 0.106250 0.476562 0.040625 0.025000
0 0.117969 0.503125 0.039062 0.025000
0 0.125000 0.532031 0.040625 0.029687
0 0.138281 0.560937 0.039062 0.028125
0 0.148438 0.593750 0.040625 0.034375
0 0.148438 0.623437 0.025000 0.021875
0 0.076563 0.255469 -0.037500 -0.042188
0 0.092188 0.322656 0.043750 0.029687
0 0.106250 0.359375 0.043750 0.037500
0 0.109375 0.392188 0.021875 0.018750
0 0.123438 0.414844 0.031250 0.026562
0 0.140625 0.449219 0.043750 0.035937
0 0.157031 0.485156 0.054688 0.032813
0 0.161719 0.516406 0.045312 0.026562
0 0.172656 0.546094 0.048438 0.026562
0 0.178125 0.571875 0.040625 0.021875
0 0.182812 0.599219 0.037500 0.029687
0 0.185156 0.629687 0.032813 0.028125
0 0.122656 0.236719 -0.029687 -0.029687
0 0.107813 0.239063 -0.034375 -0.037500
0 0.115625 0.261719 -0.040625 -0.023438
0 0.132812 0.310937 0.046875 0.028125
0 0.140625 0.345313 0.046875 0.031250
0 0.150781 0.375781 0.042188 0.026562
0 0.157812 0.403125 0.050000 0.034375
0 0.169531 0.437500 0.042188 0.025000
0 0.188281 0.468750 0.039062 0.031250
0 0.200000 0.499219 0.040625 0.029687
0 0.206250 0.523438 0.028125 0.018750
0 0.210938 0.550781 0.034375 0.032813
0 0.219531 0.576562 0.039062 0.043750
0 0.229687 0.607031 0.037500 0.023438
0 0.156250 0.231250 -0.046875 -0.043750
0 0.156250 0.257812 -0.031250 -0.018750
0 0.175000 0.295312 0.040625 0.025000
0 0.184375 0.321875 0.043750 0.025000
0 0.192188 0.349219 0.046875 0.026562
0 0.200781 0.378125 0.051562 0.028125
0 0.210938 0.407813 0.043750 0.028125
0 0.217188 0.437500 0.046875 0.021875
0 0.228906 0.463281 0.048438 0.029687
0 0.239063 0.494531 0.043750 0.029687
0 0.246094 0.527344 0.042188 0.029687
0 0.255469 0.559375 0.048438 0.031250
0 0.262500 0.587500 0.050000 0.021875
0 0.267969 0.607031 0.029687 0.014063
0 0.195312 0.216406 -0.046875 -0.035937
0 0.193750 0.240625 -0.031250 -0.025000
0 0.217188 0.282031 0.040625 0.023438
0 0.222656 0.309375 0.042188 0.031250
0 0.231250 0.341406 0.046875 0.029687
0 0.242969 0.378125 0.042188 0.037500
0 0.256250 0.417969 0.043750 0.032813
0 0.269531 0.455469 0.042188 0.035937
0 0.282813 0.488281 0.043750 0.023438
0 0.285938 0.518750 0.037500 0.034375
0 0.294531 0.556250 0.035937 0.037500
0 0.308594 0.587500 0.039062 0.025000
0 0.317188 0.611719 0.031250 0.026562
0 0.235937 0.200000 -0.043750 -0.040625
0 0.238281 0.225781 -0.039062 -0.023438
0 0.253906 0.276562 0.035937 0.031250
0 0.265625 0.310156 0.043750 0.035937
0 0.277344 0.346875 0.039062 0.031250
0 0.289844 0.378125 0.048438 0.031250
0 0.295312 0.414844 0.040625 0.032813
0 0.311719 0.448437 0.051562 0.031250
0 0.320312 0.478125 0.040625 0.025000
0 0.318750 0.502344 0.028125 0.023438
0 0.330469 0.529687 0.039062 0.031250
0 0.338281 0.558594 0.039062 0.023438
0 0.359375 0.615625 0.037500 0.028125
0 0.349219 0.585938 -0.042188 -0.028125
0 0.270313 0.185156 -0.043750 -0.029687
0 0.271094 0.208594 -0.042188 -0.023438
0 0.291406 0.261719 0.045312 0.032813
0 0.298438 0.292187 0.040625 0.028125
0 0.310156 0.321094 0.042188 0.029687
0 0.318750 0.352344 0.040625 0.026562
0 0.330469 0.382031 0.045312 0.029687
0 0.335156 0.415625 0.039062 0.031250
0 0.351562 0.446094 0.034375 0.026562
0 0.361719 0.479687 0.042188 0.031250
0 0.344531 0.506250 0.014063 0.015625
0 0.371875 0.512500 0.037500 0.028125
0 0.376563 0.542188 0.040625 0.025000
0 0.390625 0.573438 0.043750 0.031250
0 0.396875 0.603906 0.040625 0.026562
0 0.404687 0.635156 0.043750 0.029687
0 0.310937 0.186719 -0.043750 -0.045312
0 0.327344 0.251563 0.032813 0.031250
0 0.343750 0.282031 0.046875 0.035937
0 0.352344 0.316406 0.051562 0.029687
0 0.363281 0.350781 0.048438 0.032813
0 0.376563 0.385937 0.046875 0.034375
0 0.381250 0.419531 0.046875 0.029687
0 0.396094 0.453906 0.051562 0.032813
0 0.403906 0.486719 0.042188 0.029687
0 0.421875 0.552344 0.043750 0.032813
0 0.414844 0.519531 0.045312 0.032813
0 0.437500 0.587500 0.040625 0.034375
0 0.445312 0.620313 0.046875 0.028125
0 0.442969 0.647656 0.026562 0.023438
0 0.344531 0.178906 -0.029687 -0.032813
0 0.348438 0.198437 -0.025000 -0.012500
0 0.365625 0.231250 -0.040625 -0.025000
0 0.370312 0.255469 -0.040625 -0.023438
0 0.383594 0.277344 -0.029687 -0.023438
0 0.396094 0.300781 -0.048438 -0.026562
0 0.403906 0.332031 0.045312 0.029687
0 0.414062 0.363281 0.043750 0.029687
0 0.424219 0.394531 0.042188 0.026562
0 0.431250 0.425781 0.040625 0.029687
0 0.439063 0.455469 0.031250 0.032813
0 0.449219 0.489844 0.042188 0.029687
0 0.457813 0.521094 0.046875 0.029687
0 0.467969 0.551562 0.045312 0.028125
0 0.476562 0.581250 0.043750 0.028125
0 0.484375 0.613281 0.043750 0.026562
0 0.489844 0.635938 0.026562 0.025000
0 0.380469 0.175781 -0.045312 -0.026562
0 0.409375 0.222656 0.053125 0.023438
0 0.416406 0.250781 0.042188 0.026562
0 0.426563 0.278125 0.050000 0.025000
0 0.434375 0.303125 0.043750 0.025000
0 0.446875 0.331250 0.040625 0.025000
0 0.455469 0.359375 0.042188 0.028125
0 0.465625 0.392188 0.043750 0.028125
0 0.475781 0.421875 0.042188 0.028125
0 0.481250 0.454688 0.046875 0.031250
0 0.486719 0.478906 0.035937 0.017188
0 0.496875 0.507031 0.034375 0.035937
0 0.507031 0.540625 0.032813 0.031250
0 0.510156 0.569531 0.032813 0.023438
0 0.521875 0.598437 0.040625 0.034375
0 0.525000 0.626563 0.034375 0.018750
0 0.528125 0.646875 0.025000 0.018750
0 0.420312 0.167969 -0.046875 -0.017188
0 0.442188 0.214062 0.028125 0.031250
0 0.450000 0.247656 0.021875 0.035937
0 0.465625 0.280469 0.037500 0.026562
0 0.477344 0.310937 0.032813 0.028125
0 0.483594 0.335156 0.029687 0.017188
0 0.487500 0.353906 0.021875 0.017188
0 0.500000 0.373437 0.031250 0.025000
0 0.507031 0.402344 0.032813 0.026562
0 0.539062 0.448437 0.000000 0.000000
0 0.525781 0.460938 0.039062 0.025000
0 0.518750 0.433594 -0.037500 -0.032813
0 0.530469 0.484375 0.035937 0.021875
0 0.532031 0.507031 0.032813 0.020313
0 0.539844 0.532031 0.042188 0.032813
0 0.546875 0.561719 0.043750 0.029687
0 0.553125 0.590625 0.043750 0.028125
0 0.561719 0.612500 0.042188 0.028125
0 0.562500 0.639062 0.040625 0.028125
0 0.463281 0.141406 -0.048438 -0.042188
0 0.475000 0.198437 0.053125 0.028125
0 0.460938 0.210938 0.000000 0.000000
0 0.492188 0.255469 0.050000 0.026562
0 0.485156 0.230469 -0.048438 -0.029687
0 0.506250 0.285156 0.043750 0.029687
0 0.516406 0.316406 0.045312 0.032813
0 0.525000 0.345313 0.046875 0.025000
0 0.535156 0.375000 0.039062 0.028125
0 0.546875 0.404687 0.040625 0.025000
0 0.555469 0.430469 0.039062 0.026562
0 0.564844 0.462500 0.039062 0.028125
0 0.570312 0.492969 0.037500 0.029687
0 0.578125 0.525000 0.040625 0.028125
0 0.589063 0.557813 0.040625 0.028125
0 0.595313 0.589844 0.043750 0.029687
0 0.602344 0.615625 0.032813 0.021875
0 0.599219 0.638281 0.029687 0.023438
0 0.508594 0.124219 -0.045312 -0.039062
0 0.522656 0.183594 0.039062 0.029687
0 0.529687 0.214062 0.043750 0.025000
0 0.537500 0.242188 0.043750 0.028125
0 0.545312 0.271094 0.046875 0.026562
0 0.557031 0.300000 0.051562 0.034375
0 0.567187 0.335156 0.050000 0.035937
0 0.576562 0.371094 0.046875 0.026562
0 0.584375 0.403125 0.046875 0.037500
0 0.597656 0.435937 0.045312 0.034375
0 0.605469 0.471094 0.045312 0.035937
0 0.614844 0.503125 0.045312 0.028125
0 0.624219 0.532813 0.045312 0.031250
0 0.629687 0.557813 0.040625 0.018750
0 0.635938 0.582812 0.040625 0.028125
0 0.656250 0.608594 0.031250 0.032813
0 0.542188 0.115625 -0.015625 -0.018750
0 0.567187 0.163281 -0.028125 -0.020313
0 0.567969 0.183594 0.048438 0.029687
0 0.576562 0.216406 0.043750 0.032813
0 0.585938 0.246094 0.046875 0.029687
0 0.594531 0.275781 0.042188 0.023438
0 0.605469 0.303906 0.042188 0.032813
0 0.615625 0.340625 0.046875 0.037500
0 0.628125 0.380469 0.046875 0.032813
0 0.635156 0.417187 0.042188 0.034375
0 0.650000 0.450000 0.043750 0.028125
0 0.656250 0.483594 0.043750 0.032813
0 0.661719 0.517188 0.042188 0.031250
0 0.675000 0.551562 0.050000 0.034375
0 0.678125 0.581250 0.034375 0.021875
0 0.696875 0.598437 0.021875 0.025000
0 0.579688 0.084375 -0.018750 -0.018750
0 0.585938 0.110937 -0.021875 -0.021875
0 0.601562 0.160156 0.037500 0.026562
0 0.608594 0.189844 0.029687 0.032813
0 0.612500 0.221875 0.028125 0.025000
0 0.625781 0.250000 0.039062 0.031250
0 0.637500 0.283594 0.037500 0.026562
0 0.645312 0.314844 0.037500 0.032813
0 0.652344 0.346875 0.035937 0.034375
0 0.666406 0.379688 0.035937 0.031250
0 0.675000 0.414062 0.034375 0.028125
0 0.683594 0.447656 0.032813 0.032813
0 0.693750 0.482812 0.034375 0.034375
0 0.703125 0.515625 0.040625 0.028125
0 0.714063 0.543750 0.034375 0.025000
0 0.719531 0.572656 0.035937 0.032813
0 0.721094 0.605469 0.029687 0.029687
0 0.638281 0.150781 -0.023438 -0.029687
0 0.651563 0.184375 -0.031250 -0.037500
0 0.657813 0.220312 -0.040625 -0.053125
0 0.667188 0.261719 -0.025000 -0.032813
0 0.682031 0.306250 0.048438 0.050000
0 0.696094 0.351562 0.042188 0.034375
0 0.710156 0.385156 0.051562 0.035937
0 0.717187 0.419531 0.037500 0.026562
0 0.724219 0.449219 0.045312 0.032813
0 0.736719 0.489844 0.039062 0.039062
0 0.747656 0.527344 0.042188 0.035937
0 0.753125 0.554688 0.040625 0.028125
0 0.764062 0.605469 0.031250 0.026562
0 0.760938 0.576562 -0.028125 -0.025000
0 0.621094 0.100000 -0.014063 -0.018750
0 0.660156 0.092969 -0.023438 -0.010937
0 0.678125 0.165625 0.037500 0.050000
0 0.696094 0.214844 0.026562 0.045312
0 0.709375 0.261719 0.037500 0.045312
0 0.714844 0.296875 0.020313 0.021875
0 0.728906 0.317188 0.045312 0.034375
0 0.739062 0.356250 0.037500 0.037500
0 0.749219 0.400781 0.039062 0.051562
0 0.762500 0.448437 0.040625 0.040625
0 0.777344 0.496094 0.035937 0.039062
0 0.792188 0.531250 0.034375 0.034375
0 0.801562 0.575000 0.050000 0.050000
0 0.714844 0.129688 -0.035937 -0.040625
0 0.724219 0.158594 0.032813 0.026562
0 0.735938 0.193750 0.034375 0.043750
0 0.743750 0.227344 0.028125 0.026562
0 0.749219 0.268750 0.035937 0.062500
0 0.764844 0.332813 0.032813 0.031250
0 0.774219 0.360156 0.039062 0.032813
0 0.785156 0.396094 0.045312 0.035937
0 0.795312 0.434375 0.043750 0.037500
0 0.807031 0.471875 0.045312 0.037500
0 0.817187 0.502344 0.034375 0.029687
0 0.833594 0.535937 0.042188 0.031250
0 0.835156 0.565625 -0.026562 -0.037500
0 0.746875 0.117188 0.028125 0.034375
0 0.757812 0.146094 0.028125 0.026562
0 0.764062 0.176563 0.037500 0.034375
0 0.778125 0.213281 0.040625 0.032813
0 0.783594 0.246094 0.042188 0.029687
0 0.790625 0.271875 0.037500 0.025000
0 0.796875 0.298438 0.037500 0.031250
0 0.806250 0.335156 0.037500 0.029687
0 0.816406 0.366406 0.039062 0.035937
0 0.834375 0.404687 0.046875 0.037500
0 0.843750 0.442969 0.043750 0.035937
0 0.853125 0.484375 0.046875 0.043750
0 0.861719 0.522656 0.042188 0.023438
0 0.866406 0.551562 0.032813 0.034375
0 0.783594 0.111719 -0.029687 -0.045312
0 0.800000 0.151562 0.043750 0.040625
0 0.806250 0.186719 0.040625 0.029687
0 0.817969 0.221094 0.045312 0.045312
0 0.826562 0.257812 0.034375 0.021875
0 0.836719 0.278906 -0.045312 -0.039062
0 0.847656 0.340625 0.048438 0.046875
0 0.864844 0.375000 0.042188 0.037500
0 0.873437 0.410938 0.034375 0.046875
0 0.883594 0.446875 0.023438 0.031250
0 0.896094 0.487500 0.039062 0.053125
0 0.914844 0.540625 0.029687 0.050000
0 0.770312 0.057813 -0.031250 -0.015625
0 0.802344 0.032813 -0.010937 -0.021875
0 0.810937 0.051562 -0.031250 -0.015625
0 0.842187 0.022656 -0.034375 -0.020313
0 0.846875 0.039062 -0.028125 -0.021875
0 0.882031 0.010937 -0.042188 -0.021875
0 0.883594 0.028906 -0.048438 -0.020313
0 0.924219 0.010937 -0.039062 -0.021875
0 0.962500 0.007031 -0.037500 -0.014063
0 0.822656 0.089844 -0.035937 -0.023438
0 0.825781 0.114062 -0.042188 -0.031250
0 0.834375 0.140625 -0.031250 -0.025000
0 0.839844 0.174219 -0.045312 -0.042188
0 0.857812 0.211719 -0.043750 -0.039062
0 0.875781 0.245312 -0.035937 -0.040625
0 0.885156 0.282813 -0.045312 -0.043750
0 0.883594 0.318750 -0.023438 -0.018750
0 0.860938 0.078125 -0.037500 -0.028125
0 0.869531 0.103125 -0.039062 -0.037500
0 0.878906 0.146875 -0.026562 -0.028125
0 0.885938 0.174219 -0.028125 -0.032813
0 0.902344 0.208594 -0.039062 -0.035937
0 0.905469 0.239844 -0.032813 -0.045312
0 0.917188 0.267969 -0.021875 -0.032813
0 0.925781 0.299219 -0.032813 -0.039062
0 0.942969 0.328906 -0.035937 -0.032813
0 0.896094 0.067969 -0.045312 -0.032813
0 0.909375 0.122656 0.050000 0.029687
0 0.918750 0.152344 0.034375 0.029687
0 0.933594 0.182031 -0.035937 -0.039062
0 0.939844 0.213281 -0.029687 -0.039062
0 0.960938 0.289062 -0.037500 -0.034375
0 0.952344 0.253125 -0.042188 -0.043750
0 0.971094 0.322656 -0.029687 -0.035937
0 0.926562 0.050781 -0.037500 -0.017188
0 0.943750 0.078125 -0.046875 -0.037500
0 0.945312 0.110156 -0.040625 -0.026562
0 0.957031 0.139844 -0.045312 -0.032813
0 0.965625 0.172656 -0.050000 -0.032813
0 0.975000 0.205469 0.040625 0.029687
0 0.980469 0.242188 0.032813 0.043750
0 0.984375 0.285156 0.028125 0.042188
0 0.914062 0.109375 0.000000 0.000000
0 0.972656 0.050000 0.048438 0.021875
0 0.982031 0.078906 0.032813 0.035937
0 0.979688 0.122656 0.034375 0.051562
0 0.989844 0.168750 0.017188 0.043750
0 0.701562 0.067969 -0.031250 -0.020313
0 0.903125 0.369531 0.043750 0.060937
0 0.927344 0.442969 0.032813 0.026562
0 0.932813 0.481250 0.034375 0.053125
0 0.948438 0.373437 -0.040625 -0.040625
0 0.912500 0.414844 -0.031250 -0.029687
0 0.956250 0.410938 -0.028125 -0.037500
0 0.957812 0.436719 0.025000 0.017188
0 0.971094 0.461719 0.048438 0.045312
0 0.983594 0.372656 0.026562 0.035937
0 0.985938 0.400781 0.021875 0.026562
0 0.946875 0.529687 0.050000 0.056250
0 0.973437 0.606250 0.034375 0.034375
0 0.979688 0.498437 0.031250 0.034375
0 0.985156 0.532031 0.023438 0.035937
0 0.965625 0.571094 -0.040625 -0.035937
0 0.990625 0.568750 0.015625 0.046875
0 0.021875 0.678906 -0.037500 -0.054688
0 0.024219 0.718750 -0.023438 -0.025000
0 0.035156 0.742188 -0.032813 -0.025000
0 0.009375 0.729688 -0.018750 -0.040625
0 0.013281 0.770312 -0.023438 -0.037500
0 0.042969 0.770312 -0.029687 -0.028125
0 0.046094 0.795312 -0.032813 -0.025000
0 0.058594 0.818750 0.042188 0.025000
0 0.017188 0.805469 -0.031250 -0.032813
0 0.037500 0.868750 0.043750 0.034375
0 0.058594 0.937500 0.042188 0.031250
0 0.067969 0.967969 0.039062 0.029687
0 0.078906 0.986719 0.039062 0.023438
0 0.025000 0.835938 -0.034375 -0.031250
0 0.052344 0.906250 0.039062 0.040625
0 0.013281 0.875781 -0.023438 -0.060937
0 0.016406 0.921875 -0.032813 -0.034375
0 0.022656 0.947656 -0.020313 -0.029687
0 0.033594 0.978125 0.035937 0.037500
0 0.008594 0.958594 -0.014063 -0.032813
0 0.051562 0.657031 -0.025000 -0.032813
0 0.060937 0.686719 0.040625 0.020313
0 0.062500 0.707812 0.046875 0.021875
0 0.070312 0.739844 0.046875 0.042188
0 0.085938 0.805469 0.037500 0.032813
0 0.101562 0.838281 0.034375 0.048438
0 0.081250 0.771875 -0.040625 -0.025000
0 0.121094 0.874219 0.042188 0.026562
0 0.074219 0.867188 -0.029687 -0.021875
0 0.064844 0.839844 -0.026562 -0.029687
0 0.089844 0.895312 -0.026562 -0.040625
0 0.093750 0.926562 0.037500 0.040625
0 0.102344 0.960156 0.039062 0.029687
0 0.114062 0.986719 0.040625 0.023438
0 0.128906 0.899219 0.039062 0.023438
0 0.135937 0.925781 0.040625 0.026562
0 0.142969 0.952344 0.048438 0.026562
0 0.151562 0.972656 0.050000 0.020313
0 0.161719 0.989062 0.039062 0.018750
0 0.092188 0.657031 -0.034375 -0.020313
0 0.095312 0.681250 0.034375 0.025000
0 0.100781 0.706250 0.029687 0.025000
0 0.103906 0.728906 0.035937 0.029687
0 0.114062 0.753125 0.037500 0.028125
0 0.132031 0.809375 0.042188 0.028125
0 0.123438 0.781250 -0.043750 -0.028125
0 0.144531 0.841406 0.039062 0.029687
0 0.156250 0.867969 0.031250 0.020313
0 0.171094 0.921875 0.032813 0.031250
0 0.163281 0.891406 -0.032813 -0.029687
0 0.184375 0.951562 0.034375 0.028125
0 0.196094 0.982812 0.035937 0.031250
0 0.131250 0.674219 -0.031250 -0.020313
0 0.135156 0.696875 0.032813 0.028125
0 0.142969 0.724219 0.035937 0.026562
0 0.153906 0.757031 0.032813 0.032813
0 0.167187 0.790625 0.037500 0.031250
0 0.176563 0.822656 0.034375 0.032813
0 0.186719 0.849219 0.035937 0.032813
0 0.196875 0.881250 0.037500 0.034375
0 0.218750 0.948438 0.043750 0.028125
0 0.214062 0.914844 -0.043750 -0.032813
0 0.231250 0.969531 0.037500 0.020313
0 0.238281 0.988281 0.042188 0.020313
0 0.171875 0.682813 -0.040625 -0.037500
0 0.177344 0.710938 0.042188 0.031250
0 0.185156 0.738281 0.045312 0.023438
0 0.193750 0.761719 0.040625 0.023438
0 0.200781 0.787500 0.026562 0.028125
0 0.215625 0.816406 0.037500 0.026562
0 0.225781 0.844531 0.039062 0.026562
0 0.237500 0.873437 0.040625 0.028125
0 0.248438 0.903906 0.034375 0.026562
0 0.257812 0.934375 0.040625 0.028125
0 0.267969 0.959375 0.048438 0.025000
0 0.278125 0.984375 0.043750 0.025000
0 0.196875 0.662500 -0.028125 -0.025000
0 0.216406 0.682031 0.032813 0.032813
0 0.224219 0.713281 0.032813 0.026562
0 0.230469 0.740625 0.039062 0.031250
0 0.239844 0.775000 0.045312 0.034375
0 0.247656 0.803125 0.045312 0.028125
0 0.258594 0.832031 0.054688 0.029687
0 0.274219 0.864062 0.045312 0.034375
0 0.289062 0.898438 0.043750 0.028125
0 0.292969 0.924219 0.039062 0.026562
0 0.308594 0.954688 0.039062 0.031250
0 0.321094 0.985156 0.042188 0.026562
0 0.240625 0.649219 -0.037500 -0.039062
0 0.257812 0.685937 -0.043750 -0.034375
0 0.267969 0.716406 0.048438 0.035937
0 0.277344 0.753125 0.048438 0.031250
0 0.285156 0.785156 0.045312 0.026562
0 0.298438 0.814844 0.043750 0.032813
0 0.308594 0.846094 0.039062 0.032813
0 0.334375 0.907031 0.034375 0.039062
0 0.325000 0.875000 0.043750 0.028125
0 0.342969 0.942187 0.035937 0.031250
0 0.357812 0.969531 0.040625 0.026562
0 0.381250 0.993750 0.000000 0.000000
0 0.378125 0.993750 0.000000 0.000000
0 0.366406 0.987500 0.035937 0.018750
0 0.290625 0.669531 -0.046875 -0.026562
0 0.297656 0.692969 0.035937 0.029687
0 0.310156 0.718750 0.042188 0.025000
0 0.321094 0.745313 0.032813 0.025000
0 0.325000 0.771875 0.034375 0.025000
0 0.346094 0.833594 0.039062 0.029687
0 0.337500 0.801562 0.034375 0.034375
0 0.354687 0.864844 0.034375 0.026562
0 0.367969 0.892969 0.035937 0.026562
0 0.377344 0.919531 0.035937 0.023438
0 0.388281 0.944531 0.035937 0.029687
0 0.398438 0.968750 0.040625 0.021875
0 0.406250 0.988281 0.040625 0.020313
0 0.333594 0.657813 -0.032813 -0.034375
0 0.343750 0.684375 0.031250 0.028125
0 0.348438 0.710938 0.034375 0.028125
0 0.359375 0.738281 0.037500 0.023438
0 0.363281 0.767969 0.039062 0.029687
0 0.367969 0.792969 0.035937 0.023438
0 0.380469 0.817969 0.039062 0.039062
0 0.389844 0.848437 0.035937 0.021875
0 0.399219 0.876563 0.042188 0.031250
0 0.410938 0.906250 0.043750 0.028125
0 0.425000 0.937500 0.046875 0.025000
0 0.434375 0.963281 0.040625 0.023438
0 0.446875 0.988281 0.043750 0.020313
0 0.384375 0.683594 -0.037500 -0.039062
0 0.386719 0.714844 0.029687 0.023438
0 0.403906 0.761719 0.039062 0.032813
0 0.389062 0.741406 -0.034375 -0.023438
0 0.410156 0.792188 0.045312 0.037500
0 0.422656 0.824219 0.039062 0.026562
0 0.430469 0.850781 0.045312 0.026562
0 0.446875 0.878906 0.043750 0.029687
0 0.457031 0.908594 0.042188 0.029687
0 0.464844 0.939844 0.035937 0.029687
0 0.479687 0.967187 0.046875 0.018750
0 0.489844 0.989844 0.035937 0.017188
0 0.427344 0.710156 -0.042188 -0.032813
0 0.437500 0.739062 0.053125 0.031250
0 0.448437 0.765625 0.046875 0.021875
0 0.459375 0.789844 0.043750 0.026562
0 0.469531 0.821094 0.042188 0.032813
0 0.478906 0.854688 0.045312 0.028125
0 0.492188 0.880469 0.040625 0.029687
0 0.500000 0.910937 0.043750 0.021875
0 0.507812 0.936719 0.046875 0.029687
0 0.521094 0.961719 0.042188 0.020313
0 0.530469 0.985938 0.042188 0.021875
0 0.475000 0.692187 -0.028125 -0.034375
0 0.489844 0.763281 0.035937 0.029687
0 0.482031 0.730469 0.032813 0.029687
0 0.501563 0.791406 0.037500 0.023438
0 0.514062 0.824219 0.034375 0.035937
0 0.529687 0.857812 0.034375 0.021875
0 0.550781 0.915625 0.045312 0.034375
0 0.540625 0.885156 0.040625 0.026562
0 0.558594 0.943750 0.054688 0.028125
0 0.577344 0.988281 0.045312 0.020313
0 0.493750 0.671875 -0.025000 -0.037500
0 0.513281 0.697656 0.045312 0.026562
0 0.532813 0.687500 -0.025000 -0.021875
0 0.516406 0.725781 0.039062 0.023438
0 0.523438 0.750781 0.037500 0.017188
0 0.534375 0.773438 0.034375 0.025000
0 0.539844 0.797656 0.032813 0.026562
0 0.557031 0.828906 0.042188 0.029687
0 0.564844 0.854688 0.045312 0.021875
0 0.585938 0.909375 0.031250 0.028125
0 0.580469 0.882812 -0.035937 -0.031250
0 0.595313 0.936719 0.031250 0.026562
0 0.607812 0.963281 0.034375 0.026562
0 0.570312 0.962500 -0.043750 -0.021875
0 0.617188 0.986719 0.037500 0.020313
0 0.551562 0.719531 -0.043750 -0.051562
0 0.560937 0.756250 0.040625 0.028125
0 0.574219 0.789062 0.048438 0.037500
0 0.596875 0.821875 0.037500 0.028125
0 0.607031 0.851562 0.039062 0.025000
0 0.617969 0.876563 0.035937 0.028125
0 0.633594 0.932813 0.048438 0.028125
0 0.644531 0.959375 0.042188 0.028125
0 0.657031 0.985156 0.039062 0.023438
0 0.628906 0.903906 -0.045312 -0.023438
0 0.579688 0.681250 -0.040625 -0.037500
0 0.593750 0.713281 0.046875 0.029687
0 0.602344 0.742188 0.039062 0.025000
0 0.613281 0.770312 0.048438 0.025000
0 0.624219 0.796094 0.039062 0.020313
0 0.635156 0.817969 0.035937 0.020313
0 0.641406 0.841406 0.035937 0.026562
0 0.650781 0.869531 0.035937 0.026562
0 0.665625 0.900781 0.037500 0.035937
0 0.676562 0.931250 0.034375 0.034375
0 0.685937 0.957812 0.034375 0.025000
0 0.700000 0.985156 0.040625 0.026562
0 0.624219 0.671875 -0.048438 -0.034375
0 0.647656 0.651563 -0.032813 -0.025000
0 0.634375 0.705469 0.043750 0.026562
0 0.643750 0.732812 0.046875 0.031250
0 0.653125 0.764062 0.046875 0.031250
0 0.663281 0.792969 0.048438 0.023438
0 0.678906 0.844531 0.042188 0.029687
0 0.669531 0.817187 0.035937 0.021875
0 0.708594 0.917969 0.039062 0.029687
0 0.696875 0.882812 -0.043750 -0.040625
0 0.714844 0.946875 0.048438 0.031250
0 0.741406 0.989062 0.039062 0.018750
0 0.733594 0.971875 -0.045312 -0.021875
0 0.667188 0.675781 0.040625 0.029687
0 0.678125 0.706250 0.043750 0.028125
0 0.689063 0.734375 0.043750 0.025000
0 0.697656 0.761719 0.042188 0.026562
0 0.707812 0.791406 0.043750 0.032813
0 0.717187 0.827344 0.046875 0.029687
0 0.728906 0.858594 0.048438 0.029687
0 0.744531 0.891406 0.042188 0.032813
0 0.750781 0.925781 0.048438 0.029687
0 0.765625 0.954688 0.046875 0.025000
0 0.778125 0.984375 0.040625 0.028125
0 0.703125 0.652344 -0.050000 -0.029687
0 0.712500 0.683594 0.040625 0.029687
0 0.734375 0.738281 0.037500 0.023438
0 0.725781 0.714063 0.042188 0.028125
0 0.738281 0.760938 0.042188 0.025000
0 0.753125 0.789062 0.043750 0.031250
0 0.759375 0.820312 0.043750 0.034375
0 0.768750 0.854688 0.037500 0.031250
0 0.780469 0.887500 0.042188 0.025000
0 0.792969 0.917188 0.035937 0.034375
0 0.803125 0.947656 0.046875 0.026562
0 0.811719 0.973437 0.035937 0.025000
0 0.820312 0.990625 0.040625 0.015625
0 0.859375 0.984375 0.053125 0.025000
0 0.854688 0.956250 -0.043750 -0.031250
0 0.829688 0.902344 -0.043750 -0.026562
0 0.838281 0.925000 -0.051562 -0.028125
0 0.817969 0.867969 0.045312 0.039062
0 0.809375 0.834375 0.043750 0.028125
0 0.796094 0.808594 0.042188 0.026562
0 0.790625 0.780469 0.034375 0.032813
0 0.775000 0.747656 0.034375 0.035937
0 0.766406 0.715625 0.035937 0.025000
0 0.759375 0.690625 0.037500 0.028125
0 0.746875 0.660937 -0.037500 -0.037500
0 0.767969 0.639844 -0.023438 -0.023438
0 0.786719 0.664844 0.032813 0.023438
0 0.796094 0.691406 0.023438 0.023438
0 0.799219 0.717187 0.029687 0.025000
0 0.810156 0.747656 0.035937 0.026562
0 0.817969 0.778125 0.039062 0.028125
0 0.835938 0.807813 0.037500 0.028125
0 0.850000 0.835938 0.034375 0.028125
0 0.858594 0.864062 0.029687 0.031250
0 0.867188 0.893750 0.037500 0.025000
0 0.880469 0.925000 0.048438 0.028125
0 0.889844 0.952344 0.039062 0.026562
0 0.810937 0.629687 -0.043750 -0.028125
0 0.821094 0.654687 0.054688 0.025000
0 0.829688 0.685156 0.043750 0.035937
0 0.840625 0.717969 0.050000 0.035937
0 0.857812 0.756250 0.050000 0.031250
0 0.875781 0.814844 0.045312 0.029687
0 0.864844 0.787500 0.045312 0.028125
0 0.899219 0.880469 0.051562 0.029687
0 0.892188 0.847656 0.040625 0.039062
0 0.916406 0.912500 0.035937 0.028125
0 0.902344 0.982031 0.035937 0.032813
0 0.927344 0.938281 -0.042188 -0.026562
0 0.935156 0.961719 0.039062 0.026562
0 0.946094 0.985156 0.039062 0.026562
0 0.980469 0.980469 0.032813 0.032813
0 0.967969 0.951562 0.029687 0.031250
0 0.956250 0.926562 -0.037500 -0.018750
0 0.949219 0.902344 -0.035937 -0.035937
0 0.939063 0.875000 -0.031250 -0.025000
0 0.921875 0.818750 -0.040625 -0.034375
0 0.931250 0.848437 -0.034375 -0.025000
0 0.908594 0.777344 -0.042188 -0.035937
0 0.902344 0.746875 -0.023438 -0.018750
0 0.886719 0.725781 -0.032813 -0.023438
0 0.880469 0.707031 -0.039062 -0.020313
0 0.869531 0.671875 -0.054688 -0.034375
0 0.864844 0.637500 -0.039062 -0.040625
0 0.844531 0.610938 -0.026562 -0.025000
0 0.876563 0.599219 -0.025000 -0.035937
0 0.896875 0.625000 0.040625 0.037500
0 0.906250 0.661719 0.040625 0.032813
0 0.919531 0.697656 0.042188 0.032813
0 0.933594 0.733594 0.045312 0.029687
0 0.938281 0.762500 0.039062 0.028125
0 0.953125 0.793750 0.034375 0.037500
0 0.967969 0.835156 0.029687 0.035937
0 0.977344 0.873437 0.035937 0.034375
0 0.982812 0.914062 0.025000 0.037500
0 0.992969 0.946094 0.010937 0.029687
0 0.928125 0.608594 -0.037500 -0.035937
0 0.946094 0.642969 0.035937 0.039062
0 0.957031 0.675000 0.032813 0.031250
0 0.965625 0.705469 0.031250 0.039062
0 0.981250 0.744531 0.031250 0.039062
0 0.977344 0.764062 0.035937 0.034375
0 0.983594 0.632812 0.026562 0.034375
0 0.996875 0.684375 0.000000 0.000000
0 0.992969 0.704688 0.007812 0.037500
0 0.989844 0.666406 0.014063 0.035937
0 0.989844 0.805469 0.014063 0.048438
