0 0.808594 0.325781 0.023438 0.023438
0 0.820312 0.342187 0.028125 0.037500
0 0.850000 0.316406 0.018750 0.026562
0 0.884375 0.301563 0.025000 0.021875
0 0.898438 0.325781 0.031250 0.035937
0 0.995313 0.282813 0.031250 0.028125
0 0.967969 0.301563 0.035937 0.037500
0 0.985156 0.328906 0.035937 0.029687
0 0.952344 0.350781 0.029687 0.035937
0 0.860156 0.346875 0.029687 0.037500
0 0.871094 0.382812 0.020313 0.031250
0 0.909375 0.363281 0.037500 0.045312
0 0.885156 0.414844 0.032813 0.032813
0 0.922656 0.396875 0.035937 0.034375
0 0.895312 0.446094 0.028125 0.029687
0 0.935937 0.434375 0.034375 0.034375
0 0.913281 0.483594 0.032813 0.029687
0 0.946094 0.468750 0.032813 0.034375
0 0.921094 0.514062 0.039062 0.028125
0 0.957031 0.496094 0.032813 0.032813
0 0.932031 0.535156 0.039062 0.026562
0 0.970313 0.525000 0.031250 0.034375
0 0.937500 0.560937 0.034375 0.025000
0 0.976562 0.552344 0.034375 0.029687
0 0.606250 0.636719 0.040625 0.035937
0 0.571875 0.398438 0.040625 0.040625
0 0.525781 0.425000 0.039062 0.043750
0 0.533594 0.457813 0.032813 0.031250
0 0.553125 0.484375 0.040625 0.040625
0 0.559375 0.515625 0.037500 0.028125
0 0.564063 0.538281 0.034375 0.029687
0 0.577344 0.567969 0.035937 0.039062
0 0.589844 0.592187 0.026562 0.031250
0 0.638281 0.397656 0.039062 0.042188
0 0.778125 0.353125 0.034375 0.046875
0 0.747656 0.364844 0.029687 0.035937
0 0.714063 0.377344 0.034375 0.042188
0 0.678125 0.385937 0.040625 0.043750
0 0.580469 0.431250 0.029687 0.031250
0 0.593750 0.474219 0.021875 0.029687
0 0.603125 0.508594 0.031250 0.039062
0 0.610938 0.547656 0.040625 0.039062
0 0.627344 0.579688 0.035937 0.028125
0 0.636719 0.614062 0.029687 0.034375
0 0.673438 0.609375 0.037500 0.040625
0 0.667969 0.578125 0.035937 0.037500
0 0.654687 0.552344 0.034375 0.039062
0 0.646875 0.512500 0.034375 0.040625
0 0.632031 0.475000 0.035937 0.040625
0 0.674219 0.477344 0.032813 0.039062
0 0.686719 0.513281 0.029687 0.032813
0 0.692969 0.541406 0.029687 0.035937
0 0.700781 0.569531 0.026562 0.032813
0 0.717969 0.611719 0.032813 0.039062
0 0.750781 0.606250 0.032813 0.037500
0 0.732031 0.582031 0.032813 0.035937
0 0.726562 0.546094 0.031250 0.042188
0 0.712500 0.507812 0.028125 0.031250
0 0.705469 0.476562 0.026562 0.034375
0 0.699219 0.446094 0.026562 0.039062
0 0.724219 0.418750 0.042188 0.031250
0 0.735156 0.456250 0.029687 0.037500
0 0.748437 0.489063 0.031250 0.037500
0 0.757812 0.522656 0.031250 0.032813
0 0.762500 0.550781 0.034375 0.029687
0 0.776563 0.579688 0.040625 0.034375
0 0.787500 0.608594 0.031250 0.029687
0 0.882812 0.626563 0.034375 0.037500
0 0.830469 0.608594 0.039062 0.048438
0 0.867969 0.587500 0.035937 0.043750
0 0.914062 0.600781 0.040625 0.026562
0 0.920312 0.628125 0.021875 0.021875
0 0.993750 0.604688 0.034375 0.031250
0 0.946094 0.590625 0.035937 0.037500
0 0.981250 0.575000 0.037500 0.025000
0 0.844531 0.535937 0.039062 0.028125
0 0.850000 0.560156 0.025000 0.026562
0 0.901563 0.559375 0.043750 0.040625
0 0.826562 0.373437 0.031250 0.037500
0 0.839063 0.409375 0.037500 0.040625
0 0.852344 0.439063 0.039062 0.034375
0 0.861719 0.471094 0.039062 0.029687
0 0.877344 0.496875 0.042188 0.028125
0 0.886719 0.520312 0.029687 0.037500
0 0.814844 0.557813 0.039062 0.040625
0 0.792969 0.521094 0.029687 0.035937
0 0.836719 0.517188 0.035937 0.031250
0 0.826562 0.485156 0.031250 0.035937
0 0.783594 0.482031 0.035937 0.035937
0 0.807813 0.447656 0.034375 0.039062
0 0.768750 0.446875 0.040625 0.037500
0 0.764844 0.410938 0.035937 0.034375
0 0.798438 0.403906 0.034375 0.042188
0 0.617969 0.665625 0.032813 0.028125
0 0.622656 0.694531 0.039062 0.032813
0 0.631250 0.717187 0.037500 0.025000
0 0.639844 0.742969 0.035937 0.032813
0 0.657813 0.776563 0.034375 0.043750
0 0.675000 0.817969 0.034375 0.032813
0 0.682813 0.851562 0.043750 0.043750
0 0.699219 0.899219 0.029687 0.032813
0 0.708594 0.919531 0.035937 0.023438
0 0.714844 0.949219 0.039062 0.029687
0 0.722656 0.975781 0.029687 0.026562
0 0.771094 0.982031 0.035937 0.026562
0 0.761719 0.945312 0.032813 0.040625
0 0.741406 0.900000 0.026562 0.031250
0 0.728906 0.871875 0.032813 0.040625
0 0.718750 0.848437 0.034375 0.034375
0 0.717187 0.817187 0.031250 0.028125
0 0.658594 0.680469 0.039062 0.042188
0 0.704688 0.671094 0.037500 0.051562
0 0.928906 0.668750 0.039062 0.034375
0 0.946094 0.700000 0.039062 0.040625
0 0.950781 0.732812 0.035937 0.037500
0 0.964063 0.760938 0.040625 0.037500
0 0.978906 0.804688 0.026562 0.034375
0 0.987500 0.832031 0.028125 0.035937
0 0.992188 0.858594 0.031250 0.039062
0 0.813281 0.671875 0.042188 0.043750
0 0.826562 0.710156 0.040625 0.035937
0 0.840625 0.742188 0.037500 0.043750
0 0.853125 0.782813 0.037500 0.037500
0 0.859375 0.817187 0.034375 0.031250
0 0.872656 0.846094 0.039062 0.042188
0 0.881250 0.884375 0.034375 0.037500
0 0.861719 0.684375 0.032813 0.037500
0 0.872656 0.712500 0.032813 0.043750
0 0.881250 0.743750 0.040625 0.043750
0 0.892969 0.780469 0.029687 0.035937
0 0.901563 0.823438 0.034375 0.037500
0 0.920312 0.855469 0.037500 0.042188
0 0.926562 0.885156 0.034375 0.029687
0 0.936719 0.907813 0.032813 0.037500
0 0.989844 0.965625 0.023438 0.040625
0 0.978906 0.926562 0.032813 0.046875
0 0.965625 0.895312 0.028125 0.040625
0 0.957031 0.853125 0.026562 0.037500
0 0.940625 0.823438 0.037500 0.037500
0 0.935156 0.794531 0.039062 0.039062
0 0.925781 0.769531 0.032813 0.032813
0 0.917188 0.736719 0.028125 0.039062
0 0.911719 0.700000 0.032813 0.043750
0 0.672656 0.706250 0.039062 0.034375
0 0.683594 0.731250 0.035937 0.034375
0 0.696875 0.766406 0.043750 0.032813
0 0.703906 0.792188 0.035937 0.028125
0 0.769531 0.672656 0.032813 0.029687
0 0.785156 0.700000 0.026562 0.034375
0 0.795312 0.734375 0.031250 0.043750
0 0.808594 0.768750 0.035937 0.028125
0 0.816406 0.790625 0.035937 0.034375
0 0.826562 0.824219 0.037500 0.035937
0 0.833594 0.859375 0.035937 0.034375
0 0.845313 0.890625 0.040625 0.040625
0 0.855469 0.929688 0.035937 0.034375
0 0.867969 0.966406 0.039062 0.029687
0 0.739062 0.678125 0.025000 0.037500
0 0.714844 0.706250 0.032813 0.025000
0 0.722656 0.735156 0.032813 0.035937
0 0.735156 0.766406 0.032813 0.032813
0 0.746094 0.794531 0.039062 0.026562
0 0.753125 0.820312 0.037500 0.028125
0 0.754687 0.845313 0.031250 0.025000
0 0.763281 0.870313 0.032813 0.025000
0 0.775781 0.894531 0.039062 0.032813
0 0.788281 0.928125 0.039062 0.031250
0 0.801562 0.956250 0.031250 0.031250
0 0.810156 0.985938 0.029687 0.025000
0 0.756250 0.707031 0.031250 0.032813
0 0.765625 0.736719 0.037500 0.039062
0 0.777344 0.768750 0.032813 0.034375
0 0.784375 0.796094 0.031250 0.026562
0 0.793750 0.823438 0.034375 0.034375
0 0.799219 0.855469 0.035937 0.029687
0 0.810937 0.887500 0.034375 0.040625
0 0.823438 0.921094 0.034375 0.032813
0 0.830469 0.947656 0.026562 0.023438
0 0.896094 0.916406 0.039062 0.035937
0 0.909375 0.943750 0.031250 0.028125
0 0.920312 0.975000 0.025000 0.028125
0 0.948438 0.941406 0.034375 0.026562
0 0.960938 0.973437 0.034375 0.031250
0 0.975000 0.669531 0.031250 0.032813
0 0.985938 0.699219 0.031250 0.026562
0 0.985938 0.727344 0.028125 0.032813
0 0.482031 0.432031 0.029687 0.035937
0 0.492969 0.461719 0.032813 0.026562
0 0.460156 0.475000 0.035937 0.031250
0 0.503125 0.492969 0.028125 0.023438
0 0.469531 0.507031 0.042188 0.032813
0 0.476562 0.536719 0.040625 0.023438
0 0.488281 0.563281 0.029687 0.035937
0 0.497656 0.592969 0.039062 0.039062
0 0.512500 0.622656 0.031250 0.035937
0 0.521094 0.519531 0.039062 0.035937
0 0.527344 0.551562 0.035937 0.034375
0 0.538281 0.576562 0.032813 0.034375
0 0.548438 0.601562 0.034375 0.031250
0 0.563281 0.628125 0.026562 0.028125
0 0.570312 0.657031 0.031250 0.026562
0 0.575781 0.677344 0.032813 0.023438
0 0.587500 0.698438 0.028125 0.028125
0 0.592969 0.729688 0.035937 0.028125
0 0.607031 0.755469 0.032813 0.026562
0 0.617969 0.778125 0.039062 0.025000
0 0.627344 0.806250 0.039062 0.034375
0 0.633594 0.826562 0.039062 0.031250
0 0.646094 0.857812 0.026562 0.025000
0 0.653125 0.877344 0.034375 0.029687
0 0.662500 0.903906 0.028125 0.029687
0 0.669531 0.927344 0.035937 0.029687
0 0.682813 0.957812 0.028125 0.025000
0 0.688281 0.985156 0.026562 0.023438
0 0.533594 0.985156 0.029687 0.029687
0 0.567187 0.977344 0.037500 0.026562
0 0.605469 0.972656 0.032813 0.023438
0 0.646094 0.968750 0.032813 0.021875
0 0.528906 0.957812 0.032813 0.025000
0 0.555469 0.949219 0.035937 0.029687
0 0.592969 0.946094 0.035937 0.026562
0 0.634375 0.942969 0.040625 0.023438
0 0.624219 0.911719 0.032813 0.026562
0 0.587500 0.922656 0.037500 0.026562
0 0.512500 0.911719 0.034375 0.032813
0 0.544531 0.912500 0.032813 0.034375
0 0.578125 0.896875 0.031250 0.031250
0 0.610156 0.877344 0.035937 0.039062
0 0.594531 0.830469 0.035937 0.042188
0 0.571875 0.871094 0.031250 0.023438
0 0.574219 0.750000 0.032813 0.040625
0 0.536719 0.658594 0.035937 0.039062
0 0.436719 0.710156 0.026562 0.029687
0 0.455469 0.741406 0.029687 0.032813
0 0.459375 0.765625 0.025000 0.021875
0 0.466406 0.793750 0.026562 0.031250
0 0.478906 0.821875 0.029687 0.025000
0 0.485938 0.842969 0.031250 0.023438
0 0.496094 0.875781 0.039062 0.042188
0 0.425781 0.671875 0.029687 0.040625
0 0.404687 0.635938 0.034375 0.031250
0 0.388281 0.602344 0.032813 0.039062
0 0.378125 0.560937 0.028125 0.031250
0 0.425781 0.525000 0.032813 0.025000
0 0.444531 0.550000 0.029687 0.034375
0 0.413281 0.556250 0.032813 0.031250
0 0.419531 0.583594 0.029687 0.032813
0 0.430469 0.609375 0.029687 0.031250
0 0.439844 0.632031 0.029687 0.032813
0 0.455469 0.656250 0.029687 0.028125
0 0.475000 0.694531 0.037500 0.045312
0 0.479687 0.725781 0.025000 0.032813
0 0.486719 0.752344 0.029687 0.035937
0 0.498437 0.776563 0.034375 0.031250
0 0.507812 0.809375 0.031250 0.037500
0 0.520312 0.837500 0.028125 0.034375
0 0.530469 0.869531 0.029687 0.042188
0 0.550781 0.815625 0.032813 0.046875
0 0.539844 0.782031 0.029687 0.039062
0 0.528906 0.741406 0.039062 0.045312
0 0.510938 0.705469 0.031250 0.035937
0 0.505469 0.671094 0.026562 0.039062
0 0.482812 0.643750 0.028125 0.040625
0 0.466406 0.610156 0.026562 0.035937
0 0.451562 0.575781 0.025000 0.035937
0 0.003906 0.583594 -0.029687 -0.020313
0 0.055469 0.576562 0.026562 0.025000
0 0.051562 0.604688 0.031250 0.018750
0 0.010937 0.610156 -0.043750 -0.023438
0 0.003125 0.806250 -0.043750 -0.021875
0 -0.007812 0.859375 -0.046875 -0.028125
0 -0.002344 0.896875 -0.048438 -0.031250
0 0.005469 0.939844 -0.057813 -0.035937
0 0.023438 0.977344 -0.053125 -0.026562
0 0.071094 0.983594 -0.039062 -0.026562
0 0.064062 0.946094 -0.050000 -0.023438
0 0.039062 0.882031 -0.046875 -0.026562
0 0.050781 0.916406 -0.045312 -0.023438
0 0.030469 0.847656 -0.039062 -0.023438
0 0.111719 0.978906 0.032813 0.026562
0 0.101562 0.950000 0.021875 0.025000
0 0.089844 0.916406 0.035937 0.029687
0 0.075000 0.889062 0.031250 0.028125
0 0.067187 0.860156 0.025000 0.026562
0 0.060937 0.839063 0.028125 0.025000
0 0.053125 0.814844 0.028125 0.026562
0 0.042188 0.788281 0.031250 0.023438
0 0.033594 0.757031 0.035937 0.032813
0 0.025000 0.731250 0.034375 0.031250
0 0.017188 0.702344 0.028125 0.026562
0 0.007812 0.679688 -0.031250 -0.028125
0 0.026562 0.633594 0.034375 0.023438
0 0.041406 0.663281 0.035937 0.032813
0 0.052344 0.692187 0.026562 0.025000
0 0.060937 0.717187 0.028125 0.028125
0 0.067187 0.742188 0.028125 0.037500
0 0.076563 0.768750 0.028125 0.025000
0 0.072656 0.621875 0.032813 0.028125
0 0.080469 0.649219 0.032813 0.023438
0 0.085156 0.676562 0.032813 0.025000
0 0.103906 0.704688 0.039062 0.021875
0 0.107031 0.724219 0.029687 0.026562
0 0.111719 0.746875 0.039062 0.028125
0 0.120313 0.769531 0.046875 0.023438
0 0.123438 0.791406 0.037500 0.029687
0 0.140625 0.820312 0.040625 0.028125
0 0.147656 0.846094 0.035937 0.029687
0 0.157031 0.883594 0.039062 0.032813
0 0.174219 0.914844 0.039062 0.032813
0 0.190625 0.945312 0.034375 0.037500
0 0.197656 0.978125 0.032813 0.034375
0 0.158594 0.982031 0.039062 0.026562
0 0.144531 0.946875 0.039062 0.037500
0 0.131250 0.910937 0.031250 0.028125
0 0.117188 0.877344 0.031250 0.029687
0 0.101562 0.842969 0.031250 0.029687
0 0.092188 0.805469 0.028125 0.032813
0 0.092969 0.575000 0.026562 0.031250
0 0.139844 0.569531 0.032813 0.026562
0 0.335156 0.566406 0.029687 0.029687
0 0.350781 0.610938 0.026562 0.028125
0 0.359375 0.638281 0.028125 0.039062
0 0.380469 0.680469 0.032813 0.039062
0 0.396875 0.728125 0.028125 0.028125
0 0.412500 0.750000 0.028125 0.034375
0 0.421094 0.773438 0.026562 0.031250
0 0.431250 0.797656 0.025000 0.029687
0 0.431250 0.827344 0.025000 0.026562
0 0.443750 0.859375 0.034375 0.037500
0 0.450000 0.886719 0.028125 0.023438
0 0.458594 0.903125 0.026562 0.031250
0 0.470313 0.932813 0.025000 0.028125
0 0.477344 0.954688 0.032813 0.025000
0 0.489063 0.978906 0.034375 0.029687
0 0.169531 0.560156 0.029687 0.029687
0 0.208594 0.556250 0.029687 0.025000
0 0.234375 0.536719 0.028125 0.035937
0 0.116406 0.622656 0.029687 0.026562
0 0.121094 0.652344 0.026562 0.023438
0 0.130469 0.676562 0.026562 0.025000
0 0.138281 0.700000 0.029687 0.018750
0 0.142187 0.715625 0.031250 0.025000
0 0.146875 0.737500 0.031250 0.034375
0 0.164844 0.766406 0.026562 0.026562
0 0.178125 0.792188 0.028125 0.025000
0 0.182031 0.813281 0.023438 0.026562
0 0.187500 0.839063 0.028125 0.025000
0 0.196875 0.865625 0.031250 0.031250
0 0.207813 0.889062 0.034375 0.028125
0 0.215625 0.915625 0.028125 0.025000
0 0.227344 0.942969 0.029687 0.020313
0 0.235937 0.965625 0.031250 0.021875
0 0.242188 0.986719 0.025000 0.020313
0 0.278125 0.977344 0.034375 0.029687
0 0.271875 0.946094 0.034375 0.029687
0 0.257031 0.921094 0.029687 0.023438
0 0.246094 0.890625 0.032813 0.028125
0 0.239844 0.862500 0.035937 0.031250
0 0.228906 0.830469 0.035937 0.029687
0 0.213281 0.795312 0.032813 0.034375
0 0.198437 0.759375 0.028125 0.031250
0 0.184375 0.724219 0.037500 0.029687
0 0.178125 0.696094 0.034375 0.029687
0 0.165625 0.668750 0.037500 0.028125
0 0.156250 0.642188 0.031250 0.028125
0 0.154688 0.614844 0.031250 0.029687
0 0.186719 0.607031 0.032813 0.029687
0 0.197656 0.636719 0.026562 0.026562
0 0.206250 0.665625 0.031250 0.028125
0 0.215625 0.691406 0.034375 0.026562
0 0.228125 0.719531 0.037500 0.032813
0 0.237500 0.753906 0.031250 0.039062
0 0.264844 0.817187 0.032813 0.034375
0 0.253125 0.783594 0.034375 0.029687
0 0.277344 0.853906 0.032813 0.032813
0 0.287500 0.887500 0.031250 0.034375
0 0.294531 0.917188 0.032813 0.028125
0 0.310937 0.947656 0.037500 0.029687
0 0.317188 0.977344 0.037500 0.026562
0 0.258594 0.583594 0.032813 0.032813
0 0.297656 0.570312 0.042188 0.031250
0 0.221094 0.589063 0.035937 0.034375
0 0.227344 0.616406 0.039062 0.026562
0 0.240625 0.639844 0.040625 0.029687
0 0.253906 0.670312 0.039062 0.028125
0 0.263281 0.696875 0.029687 0.025000
0 0.271094 0.726562 0.042188 0.025000
0 0.275000 0.752344 0.037500 0.023438
0 0.289844 0.775000 0.035937 0.025000
0 0.298438 0.796875 0.037500 0.021875
0 0.305469 0.825000 0.042188 0.025000
0 0.317188 0.851562 0.037500 0.028125
0 0.326562 0.878906 0.037500 0.026562
0 0.335938 0.909375 0.043750 0.028125
0 0.346875 0.939063 0.043750 0.025000
0 0.353125 0.965625 0.037500 0.018750
0 0.359375 0.985938 0.034375 0.021875
0 0.270313 0.614844 0.037500 0.032813
0 0.282031 0.639062 0.032813 0.040625
0 0.291406 0.667188 0.029687 0.037500
0 0.292969 0.694531 0.029687 0.032813
0 0.303906 0.717187 0.035937 0.034375
0 0.310937 0.742188 0.034375 0.031250
0 0.325000 0.768750 0.031250 0.025000
0 0.333594 0.790625 0.029687 0.021875
0 0.342187 0.812500 0.031250 0.034375
0 0.348438 0.841406 0.031250 0.039062
0 0.357031 0.875781 0.029687 0.032813
0 0.374219 0.902344 0.035937 0.032813
0 0.384375 0.932031 0.031250 0.026562
0 0.394531 0.957031 0.032813 0.023438
0 0.396875 0.979688 0.028125 0.028125
0 0.450781 0.985938 0.042188 0.028125
0 0.439844 0.953125 0.042188 0.034375
0 0.412500 0.888281 0.034375 0.032813
0 0.425000 0.915625 0.034375 0.034375
0 0.405469 0.855469 0.032813 0.035937
0 0.392969 0.821875 0.035937 0.028125
0 0.385156 0.791406 0.032813 0.026562
0 0.369531 0.757812 0.035937 0.034375
0 0.357812 0.725000 0.034375 0.034375
0 0.342187 0.695312 0.034375 0.037500
0 0.328906 0.661719 0.035937 0.032813
0 0.321875 0.628906 0.031250 0.039062
0 0.313281 0.594531 0.029687 0.039062
0 0.964063 0.382031 0.034375 0.035937
0 0.971094 0.413281 0.042188 0.035937
0 0.981250 0.444531 0.040625 0.035937
0 0.988281 0.474219 0.029687 0.035937
0 0.995313 0.506250 0.021875 0.034375
0 0.995313 0.380469 0.028125 0.032813
0 0.993750 0.349219 0.034375 0.032813
