0 0.011719 0.351562 -0.023438 -0.040625
0 0.041406 0.335156 -0.035937 -0.039062
0 0.025000 0.291406 -0.034375 -0.035937
0 0.021875 0.265625 -0.037500 -0.046875
0 0.076563 0.327344 -0.021875 -0.026562
0 0.063281 0.292187 -0.029687 -0.034375
0 0.056250 0.267188 -0.031250 -0.037500
0 0.042188 0.242188 -0.031250 -0.021875
0 0.020313 0.189062 -0.034375 -0.034375
0 0.012500 0.153125 -0.021875 -0.037500
0 0.107031 0.306250 -0.032813 -0.025000
0 0.095312 0.280469 -0.031250 -0.045312
0 0.084375 0.249219 -0.037500 -0.035937
0 0.057031 0.172656 -0.048438 -0.029687
0 0.044531 0.138281 -0.054688 -0.042188
0 0.026562 0.107031 -0.046875 -0.039062
0 0.019531 0.071875 -0.029687 -0.040625
0 0.010937 0.033594 -0.021875 -0.045312
0 0.037500 0.021875 -0.043750 -0.040625
0 0.056250 0.061719 -0.043750 -0.039062
0 0.062500 0.089844 -0.056250 -0.045312
0 0.074219 0.125781 -0.039062 -0.048438
0 0.092969 0.164844 -0.042188 -0.035937
0 0.110156 0.221875 -0.029687 -0.031250
0 0.124219 0.247656 -0.045312 -0.035937
0 0.135937 0.278906 -0.034375 -0.029687
0 0.139063 0.300000 -0.021875 -0.025000
0 0.171875 0.271094 -0.034375 -0.026562
0 0.164844 0.239844 -0.035937 -0.045312
0 0.148438 0.213281 -0.034375 -0.035937
0 0.122656 0.152344 -0.032813 -0.029687
0 0.115625 0.112500 -0.034375 -0.034375
0 0.107813 0.078125 -0.040625 -0.034375
0 0.078125 0.049219 -0.031250 -0.035937
0 0.078125 0.019531 -0.040625 -0.035937
0 0.196875 0.227344 -0.034375 -0.032813
0 0.187500 0.207031 -0.025000 -0.020313
0 0.170313 0.189844 -0.018750 -0.020313
0 0.159375 0.138281 -0.037500 -0.029687
0 0.152344 0.106250 -0.035937 -0.031250
0 0.135937 0.072656 -0.040625 -0.029687
0 0.114062 0.038281 -0.037500 -0.026562
0 0.107031 0.015625 -0.026562 -0.031250
0 0.228125 0.212500 -0.034375 -0.031250
0 0.217188 0.180469 -0.037500 -0.026562
0 0.200781 0.131250 -0.035937 -0.031250
0 0.188281 0.103906 -0.048438 -0.035937
0 0.181250 0.070312 -0.050000 -0.034375
0 0.156250 0.042188 -0.056250 -0.034375
0 0.145313 0.016406 -0.053125 -0.029687
0 0.193750 0.014844 -0.053125 -0.026562
0 0.203906 0.039844 -0.057813 -0.029687
0 0.216406 0.067969 -0.039062 -0.032813
0 0.231250 0.096094 -0.043750 -0.032813
0 0.233594 0.116406 -0.042188 -0.023438
0 0.257812 0.175000 -0.037500 -0.034375
0 0.302344 0.190625 -0.032813 -0.025000
0 0.291406 0.159375 -0.039062 -0.028125
0 0.268750 0.100000 -0.034375 -0.034375
0 0.257031 0.065625 -0.042188 -0.028125
0 0.239063 0.041406 -0.034375 -0.026562
0 0.223438 0.001563 0.000000 0.000000
0 0.335938 0.180469 -0.034375 -0.023438
0 0.325000 0.148438 -0.037500 -0.031250
0 0.303906 0.084375 -0.042188 -0.028125
0 0.285938 0.045312 -0.040625 -0.031250
0 0.263281 0.041406 -0.026562 -0.029687
0 0.239063 0.014844 -0.043750 -0.026562
0 0.277344 0.017188 -0.048438 -0.034375
0 0.314844 0.020313 -0.045312 -0.037500
0 0.324219 0.053125 -0.045312 -0.037500
0 0.338281 0.082812 -0.029687 -0.028125
0 0.359375 0.132031 -0.040625 -0.032813
0 0.366406 0.165625 0.032813 0.028125
0 0.424219 0.206250 -0.026562 -0.028125
0 0.414844 0.178125 -0.026562 -0.028125
0 0.403906 0.143750 -0.042188 -0.043750
0 0.400781 0.116406 -0.035937 -0.026562
0 0.377344 0.057031 -0.048438 -0.032813
0 0.360156 0.020313 -0.048438 -0.037500
0 0.407031 0.020313 -0.048438 -0.040625
0 0.433594 0.107813 -0.045312 -0.034375
0 0.445312 0.142187 -0.040625 -0.040625
0 0.481250 0.121094 -0.037500 -0.020313
0 0.469531 0.101562 -0.029687 -0.031250
0 0.444531 0.024219 -0.032813 -0.045312
0 0.465625 0.003125 0.000000 0.000000
0 0.503125 0.077344 -0.031250 -0.020313
0 0.539844 0.071094 -0.017188 -0.023438
0 0.512500 0.100781 -0.009375 -0.026562
0 0.574219 0.049219 -0.032813 -0.026562
0 0.624219 0.076563 -0.035937 -0.037500
0 0.614844 0.042969 -0.039062 -0.029687
0 0.676562 0.109375 -0.031250 -0.012500
0 0.663281 0.077344 -0.045312 -0.029687
0 0.656250 0.042969 -0.040625 -0.035937
0 0.714063 0.089844 -0.037500 -0.020313
0 0.703906 0.061719 -0.039062 -0.029687
0 0.692187 0.026562 -0.037500 -0.037500
0 0.742969 0.075781 -0.032813 -0.032813
0 0.709375 0.004687 0.000000 0.000000
0 0.767188 0.055469 -0.046875 -0.035937
0 0.725000 0.024219 -0.040625 -0.042188
0 0.763281 0.014844 -0.045312 -0.023438
0 0.810156 0.050000 -0.048438 -0.034375
0 0.806250 0.017969 -0.043750 -0.032813
0 0.853125 0.037500 -0.043750 -0.037500
0 0.849219 0.010156 -0.039062 -0.014063
0 0.884375 0.032031 -0.028125 -0.026562
0 0.885156 0.012500 -0.035937 -0.025000
0 0.913281 0.016406 -0.026562 -0.032813
0 0.935937 0.001563 0.000000 0.000000
