0 0.009375 0.960156 -0.015625 -0.032813
0 0.017188 0.983594 0.025000 0.026562
0 0.035937 0.975000 0.028125 0.037500
0 0.033594 0.939844 0.029687 0.032813
0 0.024219 0.910156 -0.035937 -0.032813
0 0.016406 0.875000 -0.029687 -0.037500
0 0.011719 0.845313 -0.017188 -0.028125
0 0.008594 0.935937 -0.010937 -0.021875
0 0.078125 0.979688 0.043750 0.037500
0 0.071094 0.943750 0.032813 0.040625
0 0.059375 0.909375 -0.043750 -0.025000
0 0.054688 0.885156 -0.037500 -0.029687
0 0.042188 0.855469 -0.028125 -0.035937
0 0.032813 0.819531 -0.037500 -0.039062
0 0.021094 0.788281 -0.029687 -0.039062
0 0.012500 0.772656 -0.018750 -0.026562
0 0.009375 0.818750 -0.009375 -0.034375
0 0.007031 0.746875 -0.007812 -0.021875
0 0.125781 0.984375 0.035937 0.028125
0 0.115625 0.957812 0.034375 0.018750
0 0.106250 0.931250 -0.034375 -0.025000
0 0.096875 0.903906 -0.034375 -0.026562
0 0.091406 0.874219 -0.039062 -0.023438
0 0.079687 0.852344 -0.050000 -0.026562
0 0.074219 0.826562 -0.039062 -0.031250
0 0.060156 0.796875 -0.039062 -0.031250
0 0.048438 0.764844 -0.040625 -0.029687
0 0.034375 0.740625 -0.050000 -0.028125
0 0.023438 0.710938 -0.037500 -0.028125
0 0.006250 0.668750 0.000000 0.000000
0 0.017969 0.682813 -0.026562 -0.028125
0 0.009375 0.657813 -0.012500 -0.037500
0 0.160938 0.982031 0.037500 0.032813
0 0.154688 0.958594 0.028125 0.020313
0 0.144531 0.924219 -0.035937 -0.035937
0 0.135937 0.889844 -0.040625 -0.032813
0 0.122656 0.852344 -0.042188 -0.039062
0 0.113281 0.817187 -0.048438 -0.040625
0 0.094531 0.787500 -0.039062 -0.031250
0 0.084375 0.759375 -0.037500 -0.028125
0 0.076563 0.731250 -0.040625 -0.021875
0 0.057813 0.701562 -0.043750 -0.025000
0 0.040625 0.667969 -0.040625 -0.035937
0 0.027344 0.641406 -0.035937 -0.026562
0 0.014063 0.611719 -0.028125 -0.035937
0 0.007812 0.586719 -0.012500 -0.023438
0 0.205469 0.983594 0.045312 0.029687
0 0.193750 0.950781 0.043750 0.032813
0 0.188281 0.920312 0.042188 0.028125
0 0.176563 0.891406 0.031250 0.026562
0 0.166406 0.860156 0.029687 0.032813
0 0.156250 0.828906 0.031250 0.023438
0 0.146094 0.805469 0.020313 0.017188
0 0.128906 0.783594 0.032813 0.029687
0 0.120313 0.761719 0.025000 0.020313
0 0.110156 0.742188 0.020313 0.018750
0 0.107813 0.724219 0.025000 0.023438
0 0.092969 0.694531 0.029687 0.032813
0 0.078125 0.665625 -0.040625 -0.025000
0 0.065625 0.642188 -0.046875 -0.021875
0 0.057813 0.616406 -0.053125 -0.029687
0 0.050000 0.591406 -0.050000 -0.026562
0 0.034375 0.568750 -0.043750 -0.034375
0 0.022656 0.538281 -0.035937 -0.035937
0 0.009375 0.512500 -0.012500 -0.025000
0 0.250000 0.983594 0.040625 0.029687
0 0.241406 0.961719 0.042188 0.023438
0 0.231250 0.938281 -0.040625 -0.026562
0 0.228906 0.914844 -0.035937 -0.029687
0 0.218750 0.887500 -0.043750 -0.021875
0 0.209375 0.861719 -0.046875 -0.029687
0 0.207031 0.836719 -0.057813 -0.029687
0 0.193750 0.809375 -0.050000 -0.028125
0 0.179688 0.786719 -0.034375 -0.023438
0 0.164844 0.766406 -0.054688 -0.029687
0 0.147656 0.732812 -0.042188 -0.031250
0 0.140625 0.710938 -0.040625 -0.021875
0 0.128906 0.688281 -0.039062 -0.032813
0 0.118750 0.663281 -0.043750 -0.032813
0 0.105469 0.634375 -0.026562 -0.034375
0 0.096875 0.603125 -0.034375 -0.040625
0 0.084375 0.574219 -0.037500 -0.026562
0 0.070312 0.553125 -0.040625 -0.031250
0 0.064844 0.526563 -0.035937 -0.034375
0 0.042188 0.503906 -0.046875 -0.023438
0 0.032031 0.481250 -0.054688 -0.031250
0 0.021875 0.454688 -0.037500 -0.028125
0 0.017188 0.426563 -0.031250 -0.028125
0 0.009375 0.400781 -0.012500 -0.026562
0 0.289062 0.982031 0.046875 0.029687
0 0.283594 0.958594 0.039062 0.035937
0 0.270313 0.928906 0.034375 0.023438
0 0.269531 0.903125 0.032813 0.025000
0 0.259375 0.879687 0.028125 0.021875
0 0.247656 0.857031 -0.039062 -0.023438
0 0.239063 0.831250 -0.034375 -0.025000
0 0.227344 0.804688 -0.042188 -0.028125
0 0.210938 0.780469 -0.040625 -0.026562
0 0.203125 0.755469 -0.040625 -0.029687
0 0.192188 0.733594 -0.043750 -0.023438
0 0.179688 0.710938 -0.040625 -0.028125
0 0.169531 0.688281 -0.048438 -0.029687
0 0.151562 0.657813 -0.028125 -0.021875
0 0.135156 0.627344 -0.042188 -0.029687
0 0.132031 0.603906 -0.039062 -0.026562
0 0.120313 0.578906 -0.037500 -0.026562
0 0.111719 0.550000 -0.035937 -0.025000
0 0.100781 0.523438 -0.045312 -0.034375
0 0.080469 0.491406 -0.039062 -0.029687
0 0.070312 0.464844 -0.034375 -0.023438
0 0.056250 0.435937 -0.050000 -0.028125
0 0.049219 0.410938 -0.045312 -0.031250
0 0.038281 0.385937 -0.048438 -0.021875
0 0.025000 0.364844 -0.043750 -0.026562
0 0.019531 0.335938 -0.035937 -0.021875
0 0.010937 0.318750 -0.015625 -0.012500
0 0.327344 0.979688 0.045312 0.034375
0 0.321094 0.955469 0.039062 0.029687
0 0.315625 0.928906 0.040625 0.020313
0 0.306250 0.908594 0.040625 0.020313
0 0.300000 0.892188 0.034375 0.021875
0 0.289844 0.875781 0.035937 0.023438
0 0.282031 0.853906 0.029687 0.020313
0 0.270313 0.824219 0.037500 0.029687
0 0.261719 0.797656 0.032813 0.023438
0 0.249219 0.774219 0.035937 0.029687
0 0.238281 0.749219 0.039062 0.026562
0 0.223438 0.722656 0.037500 0.023438
0 0.214844 0.698438 0.032813 0.025000
0 0.206250 0.673438 0.037500 0.025000
0 0.194531 0.654687 0.039062 0.021875
0 0.183594 0.630469 0.032813 0.029687
0 0.167969 0.602344 0.029687 0.023438
0 0.160156 0.575781 0.035937 0.032813
0 0.145313 0.545312 0.040625 0.031250
0 0.138281 0.515625 0.032813 0.028125
0 0.114062 0.489844 0.043750 0.029687
0 0.103906 0.460156 0.039062 0.029687
0 0.094531 0.431250 0.035937 0.025000
0 0.082812 0.407813 0.028125 0.021875
0 0.071875 0.385156 0.031250 0.029687
0 0.059375 0.353906 0.037500 0.026562
0 0.050000 0.328125 0.040625 0.018750
0 0.042969 0.304688 0.029687 0.028125
0 0.016406 0.301563 -0.023438 -0.021875
0 0.026562 0.268750 -0.037500 -0.034375
0 0.013281 0.234375 -0.020313 -0.028125
0 0.008594 0.211719 -0.007812 -0.014063
0 0.367969 0.978906 0.045312 0.039062
0 0.359375 0.942969 0.043750 0.032813
0 0.351562 0.912500 0.040625 0.028125
0 0.340625 0.883594 0.037500 0.029687
0 0.321094 0.854688 0.035937 0.028125
0 0.314063 0.825781 0.034375 0.029687
0 0.295312 0.790625 0.050000 0.037500
0 0.285938 0.757031 0.040625 0.026562
0 0.264062 0.725000 0.040625 0.034375
0 0.253125 0.689844 0.040625 0.026562
0 0.238281 0.660156 0.035937 0.029687
0 0.223438 0.632031 0.050000 0.023438
0 0.208594 0.601562 0.051562 0.034375
0 0.197656 0.568750 0.045312 0.031250
0 0.186719 0.537500 0.042188 0.025000
0 0.171875 0.512500 0.046875 0.025000
0 0.152344 0.485156 0.032813 0.029687
0 0.137500 0.454688 0.040625 0.028125
0 0.133594 0.424219 0.042188 0.026562
0 0.106250 0.396094 0.040625 0.026562
0 0.104688 0.369531 0.037500 0.026562
0 0.092969 0.339062 0.035937 0.028125
0 0.078906 0.310937 0.048438 0.028125
0 0.070312 0.281250 0.043750 0.031250
0 0.050781 0.247656 0.039062 0.029687
0 0.038281 0.219531 0.035937 0.026562
0 0.019531 0.189844 0.029687 0.029687
0 0.013281 0.165625 -0.020313 -0.018750
0 0.011719 0.147656 -0.020313 -0.017188
0 0.007812 0.126562 -0.015625 -0.025000
0 0.414062 0.978906 0.050000 0.035937
0 0.405469 0.944531 0.045312 0.029687
0 0.394531 0.917188 0.039062 0.021875
0 0.378906 0.885938 0.042188 0.031250
0 0.355469 0.851562 0.045312 0.031250
0 0.345313 0.818750 0.037500 0.031250
0 0.339844 0.786719 0.035937 0.029687
0 0.321094 0.749219 0.035937 0.035937
0 0.303125 0.715625 0.034375 0.031250
0 0.289844 0.682031 0.042188 0.032813
0 0.280469 0.650781 0.035937 0.032813
0 0.260156 0.619531 0.035937 0.026562
0 0.252344 0.589063 0.035937 0.028125
0 0.238281 0.557813 0.039062 0.031250
0 0.217188 0.520312 0.034375 0.037500
0 0.196094 0.485156 0.045312 0.029687
0 0.180469 0.455469 0.048438 0.032813
0 0.169531 0.419531 0.039062 0.035937
0 0.153125 0.385156 0.040625 0.032813
0 0.142187 0.357031 0.040625 0.023438
0 0.133594 0.333594 -0.045312 -0.029687
0 0.117969 0.303125 -0.042188 -0.031250
0 0.103906 0.275000 -0.045312 -0.031250
0 0.092188 0.244531 -0.050000 -0.032813
0 0.076563 0.216406 -0.053125 -0.035937
0 0.060937 0.186719 -0.046875 -0.026562
0 0.046875 0.164844 -0.046875 -0.023438
0 0.039062 0.139063 -0.043750 -0.034375
0 0.033594 0.106250 -0.045312 -0.031250
0 0.013281 0.091406 -0.023438 -0.035937
0 0.031250 0.077344 -0.050000 -0.032813
0 0.021875 0.044531 -0.031250 -0.032813
0 0.025000 0.019531 -0.040625 -0.035937
0 0.060937 0.013281 -0.031250 -0.023438
0 0.062500 0.038281 0.037500 0.026562
0 0.065625 0.064062 0.050000 0.028125
0 0.085938 0.094531 0.056250 0.032813
0 0.075781 0.119531 0.029687 0.020313
0 0.079687 0.092969 0.025000 0.029687
0 0.082812 0.144531 0.034375 0.032813
0 0.092969 0.172656 0.032813 0.020313
0 0.104688 0.197656 0.034375 0.029687
0 0.122656 0.227344 0.035937 0.029687
0 0.138281 0.257812 0.045312 0.031250
0 0.150000 0.286719 0.043750 0.029687
0 0.163281 0.315625 0.039062 0.028125
0 0.176563 0.344531 0.040625 0.032813
0 0.187500 0.376563 0.043750 0.034375
0 0.201563 0.410156 0.034375 0.029687
0 0.213281 0.442969 0.032813 0.032813
0 0.228906 0.473438 0.035937 0.031250
0 0.243750 0.507812 0.040625 0.031250
0 0.262500 0.538281 0.037500 0.035937
0 0.280469 0.571094 0.039062 0.032813
0 0.294531 0.604688 0.035937 0.031250
0 0.301563 0.639844 0.037500 0.032813
0 0.311719 0.669531 0.042188 0.035937
0 0.324219 0.705469 0.039062 0.035937
0 0.344531 0.736719 0.042188 0.032813
0 0.356250 0.769531 0.037500 0.029687
0 0.374219 0.801562 0.039062 0.031250
0 0.385937 0.833594 0.037500 0.029687
0 0.396875 0.861719 0.037500 0.032813
0 0.410938 0.889062 0.028125 0.028125
0 0.425000 0.917188 0.034375 0.028125
0 0.441406 0.946875 0.029687 0.031250
0 0.453906 0.982812 0.032813 0.031250
0 0.492188 0.982812 0.034375 0.028125
0 0.484375 0.960938 -0.040625 -0.028125
0 0.469531 0.931250 -0.042188 -0.028125
0 0.452344 0.900781 -0.048438 -0.035937
0 0.439844 0.871094 -0.042188 -0.032813
0 0.424219 0.838281 -0.048438 -0.032813
0 0.419531 0.811719 -0.039062 -0.026562
0 0.407813 0.780469 -0.046875 -0.035937
0 0.395313 0.746875 -0.046875 -0.031250
0 0.385937 0.716406 -0.056250 -0.029687
0 0.364063 0.687500 -0.040625 -0.028125
0 0.355469 0.655469 -0.045312 -0.035937
0 0.344531 0.627344 -0.045312 -0.029687
0 0.335156 0.595313 -0.045312 -0.031250
0 0.315625 0.557813 -0.040625 -0.031250
0 0.297656 0.530469 -0.048438 -0.029687
0 0.288281 0.504687 -0.045312 -0.031250
0 0.273438 0.477344 -0.040625 -0.023438
0 0.260156 0.450000 -0.048438 -0.028125
0 0.239063 0.418750 -0.043750 -0.037500
0 0.232031 0.384375 -0.042188 -0.034375
0 0.215625 0.355469 -0.040625 -0.023438
0 0.208594 0.328906 -0.035937 -0.032813
0 0.201563 0.303125 -0.037500 -0.028125
0 0.190625 0.281250 -0.037500 -0.021875
0 0.181250 0.260156 -0.040625 -0.032813
0 0.170313 0.228125 -0.040625 -0.028125
0 0.150781 0.203125 -0.048438 -0.034375
0 0.136719 0.175781 -0.042188 -0.029687
0 0.120313 0.153906 -0.050000 -0.029687
0 0.108594 0.126562 -0.042188 -0.025000
0 0.102344 0.014063 -0.045312 -0.025000
0 0.109375 0.035156 0.046875 0.026562
0 0.120313 0.061719 0.043750 0.023438
0 0.137500 0.089063 0.043750 0.021875
0 0.143750 0.113281 0.046875 0.020313
0 0.148438 0.133594 0.053125 0.026562
0 0.168750 0.162500 0.043750 0.025000
0 0.179688 0.190625 0.046875 0.021875
0 0.186719 0.217969 0.042188 0.032813
0 0.214062 0.253906 0.043750 0.023438
0 0.228906 0.281250 0.042188 0.031250
0 0.246875 0.311719 0.037500 0.032813
0 0.254688 0.345313 0.040625 0.031250
0 0.272656 0.375000 0.048438 0.034375
0 0.282813 0.407031 0.050000 0.023438
0 0.294531 0.438281 0.064062 0.029687
0 0.309375 0.470313 0.037500 0.034375
0 0.328906 0.502344 0.045312 0.029687
0 0.340625 0.533594 0.037500 0.032813
0 0.350781 0.564844 0.042188 0.035937
0 0.374219 0.599219 0.035937 0.032813
0 0.381250 0.633594 0.034375 0.026562
0 0.400781 0.669531 0.039062 0.039062
0 0.411719 0.703125 0.042188 0.031250
0 0.435156 0.743750 0.045312 0.034375
0 0.450781 0.778906 0.039062 0.035937
0 0.460938 0.816406 0.043750 0.032813
0 0.475781 0.852344 0.048438 0.029687
0 0.489844 0.883594 0.048438 0.029687
0 0.502344 0.916406 0.045312 0.032813
0 0.518750 0.950000 0.050000 0.031250
0 0.532813 0.980469 0.043750 0.032813
0 0.575781 0.984375 0.039062 0.025000
0 0.563281 0.960156 -0.032813 -0.026562
0 0.553125 0.932813 -0.040625 -0.028125
0 0.533594 0.899219 -0.026562 -0.032813
0 0.522656 0.871094 -0.035937 -0.032813
0 0.510938 0.835156 -0.031250 -0.032813
0 0.500000 0.801562 -0.043750 -0.031250
0 0.492969 0.771094 -0.045312 -0.032813
0 0.475781 0.738281 -0.045312 -0.026562
0 0.462500 0.710938 -0.050000 -0.028125
0 0.449219 0.683594 -0.042188 -0.035937
0 0.422656 0.648438 -0.039062 -0.031250
0 0.414062 0.619531 -0.037500 -0.032813
0 0.406250 0.585938 -0.028125 -0.031250
0 0.389062 0.552344 -0.043750 -0.039062
0 0.374219 0.514062 -0.039062 -0.037500
0 0.364063 0.482031 -0.046875 -0.029687
0 0.346875 0.457031 -0.050000 -0.023438
0 0.342969 0.429688 -0.032813 -0.031250
0 0.328125 0.400781 -0.037500 -0.026562
0 0.317188 0.374219 -0.034375 -0.029687
0 0.305469 0.346094 -0.032813 -0.032813
0 0.283594 0.326562 -0.039062 -0.025000
0 0.267188 0.296094 -0.031250 -0.032813
0 0.254688 0.267969 -0.037500 -0.029687
0 0.247656 0.241406 -0.039062 -0.035937
0 0.234375 0.206250 -0.043750 -0.034375
0 0.221094 0.174219 -0.042188 -0.032813
0 0.209375 0.146875 -0.046875 -0.028125
0 0.193750 0.119531 -0.043750 -0.035937
0 0.171875 0.088281 -0.031250 -0.029687
0 0.152344 0.052344 -0.032813 -0.032813
0 0.147656 0.017969 -0.035937 -0.029687
0 0.180469 0.015625 -0.035937 -0.031250
0 0.189844 0.044531 0.045312 0.026562
0 0.196094 0.071094 0.042188 0.023438
0 0.213281 0.099219 0.039062 0.029687
0 0.228125 0.132031 0.034375 0.032813
0 0.249219 0.164062 0.051562 0.031250
0 0.285938 0.235937 0.040625 0.028125
0 0.276562 0.204687 -0.040625 -0.037500
0 0.292969 0.270313 0.042188 0.037500
0 0.309375 0.305469 0.040625 0.029687
0 0.327344 0.335938 0.039062 0.031250
0 0.348438 0.365625 0.034375 0.025000
0 0.363281 0.392969 0.032813 0.029687
0 0.376563 0.421875 0.043750 0.031250
0 0.395313 0.447656 0.034375 0.035937
0 0.407813 0.476562 0.034375 0.025000
0 0.421875 0.506250 0.043750 0.025000
0 0.432031 0.535156 0.039062 0.029687
0 0.442969 0.569531 0.039062 0.029687
0 0.448437 0.601562 0.037500 0.028125
0 0.464062 0.631250 0.037500 0.028125
0 0.474219 0.661719 0.042188 0.042188
0 0.500000 0.700781 0.037500 0.032813
0 0.514062 0.733594 0.040625 0.026562
0 0.527344 0.764062 0.032813 0.034375
0 0.535937 0.798438 0.043750 0.037500
0 0.546875 0.832812 0.043750 0.031250
0 0.558594 0.864844 0.039062 0.032813
0 0.571094 0.898438 0.039062 0.031250
0 0.582812 0.930469 0.037500 0.029687
0 0.600781 0.957031 0.042188 0.026562
0 0.612500 0.982031 0.031250 0.029687
0 0.650781 0.983594 0.035937 0.029687
0 0.690625 0.982812 0.034375 0.025000
0 0.732031 0.977344 0.035937 0.020313
0 0.647656 0.956250 -0.042188 -0.021875
0 0.633594 0.928125 -0.042188 -0.021875
0 0.621094 0.905469 -0.048438 -0.020313
0 0.608594 0.882812 -0.035937 -0.025000
0 0.599219 0.858594 -0.032813 -0.029687
0 0.592187 0.835156 -0.034375 -0.029687
0 0.583594 0.815625 -0.045312 -0.031250
0 0.575781 0.790625 -0.042188 -0.031250
0 0.559375 0.762500 -0.040625 -0.034375
0 0.548438 0.731250 -0.025000 -0.040625
0 0.527344 0.701562 -0.032813 -0.031250
0 0.516406 0.671094 -0.042188 -0.029687
0 0.503125 0.639844 -0.034375 -0.032813
0 0.489844 0.608594 -0.035937 -0.032813
0 0.478125 0.582812 -0.031250 -0.034375
0 0.468750 0.552344 -0.028125 -0.026562
0 0.459375 0.524219 -0.028125 -0.032813
0 0.445312 0.495312 -0.034375 -0.028125
0 0.437500 0.471875 -0.040625 -0.034375
0 0.423438 0.435156 -0.034375 -0.035937
0 0.407031 0.404687 -0.039062 -0.034375
0 0.398438 0.378906 -0.046875 -0.020313
0 0.377344 0.355469 -0.042188 -0.032813
0 0.355469 0.324219 -0.039062 -0.026562
0 0.348438 0.299219 -0.040625 -0.026562
0 0.339844 0.271875 -0.048438 -0.028125
0 0.332031 0.244531 -0.039062 -0.029687
0 0.319531 0.217188 -0.035937 -0.028125
0 0.310156 0.193750 -0.023438 -0.021875
0 0.297656 0.163281 -0.051562 -0.032813
0 0.271094 0.126562 -0.045312 -0.031250
0 0.254688 0.095312 -0.043750 -0.031250
0 0.239063 0.066406 -0.046875 -0.029687
0 0.226562 0.038281 -0.037500 -0.026562
0 0.220312 0.014063 -0.034375 -0.025000
0 0.240625 0.001563 0.000000 0.000000
0 0.262500 0.011719 -0.043750 -0.020313
0 0.268750 0.034375 0.040625 0.021875
0 0.277344 0.060156 0.032813 0.020313
0 0.289062 0.085156 0.034375 0.023438
0 0.302344 0.110156 0.029687 0.023438
0 0.315625 0.135937 0.031250 0.025000
0 0.339062 0.171094 0.043750 0.039062
0 0.353125 0.211719 0.056250 0.035937
0 0.370312 0.242188 0.037500 0.025000
0 0.381250 0.271094 0.037500 0.035937
0 0.390625 0.300781 0.040625 0.035937
0 0.400781 0.327344 0.042188 0.023438
0 0.410938 0.350000 0.040625 0.037500
0 0.434375 0.380469 0.037500 0.032813
0 0.446094 0.414062 0.026562 0.028125
0 0.455469 0.433594 0.035937 0.014063
0 0.461719 0.453906 0.032813 0.029687
0 0.477344 0.482031 0.035937 0.029687
0 0.486719 0.514844 0.032813 0.032813
0 0.498437 0.547656 0.034375 0.029687
0 0.511719 0.578906 0.032813 0.029687
0 0.526563 0.608594 0.037500 0.029687
0 0.538281 0.635156 0.032813 0.029687
0 0.546875 0.664062 0.031250 0.031250
0 0.560156 0.695312 0.029687 0.028125
0 0.575000 0.728906 0.031250 0.032813
0 0.588281 0.761719 0.042188 0.035937
0 0.607031 0.790625 0.035937 0.034375
0 0.628906 0.830469 0.039062 0.035937
0 0.650000 0.866406 0.043750 0.035937
0 0.665625 0.901563 0.037500 0.031250
0 0.675781 0.927344 0.035937 0.023438
0 0.688281 0.957031 0.029687 0.029687
0 0.715625 0.947656 0.031250 0.029687
0 0.706250 0.914062 0.028125 0.034375
0 0.700000 0.886719 0.034375 0.023438
0 0.689063 0.860156 0.031250 0.020313
0 0.675000 0.835156 0.034375 0.029687
0 0.667188 0.810156 0.028125 0.026562
0 0.641406 0.800000 -0.029687 -0.018750
0 0.642969 0.778906 -0.035937 -0.023438
0 0.628125 0.745313 -0.043750 -0.034375
0 0.607812 0.712500 -0.043750 -0.025000
0 0.592187 0.683594 -0.040625 -0.032813
0 0.580469 0.655469 -0.032813 -0.029687
0 0.566406 0.632812 -0.039062 -0.031250
0 0.546875 0.603125 -0.031250 -0.031250
0 0.541406 0.574219 -0.029687 -0.032813
0 0.523438 0.544531 -0.037500 -0.029687
0 0.517188 0.512500 -0.028125 -0.034375
0 0.509375 0.485156 -0.037500 -0.029687
0 0.495312 0.451562 -0.034375 -0.034375
0 0.481250 0.421094 -0.034375 -0.032813
0 0.469531 0.391406 -0.029687 -0.032813
0 0.449219 0.360938 -0.039062 -0.031250
0 0.440625 0.328125 -0.043750 -0.034375
0 0.428906 0.294531 -0.045312 -0.042188
0 0.424219 0.261719 -0.029687 -0.039062
0 0.409375 0.228906 -0.037500 -0.032813
0 0.400000 0.198437 -0.037500 -0.034375
0 0.384375 0.175781 -0.046875 -0.029687
0 0.361719 0.146094 -0.039062 -0.032813
0 0.351562 0.110156 -0.037500 -0.029687
0 0.332813 0.086719 -0.043750 -0.026562
0 0.321094 0.062500 -0.045312 -0.021875
0 0.312500 0.044531 -0.040625 -0.023438
0 0.303906 0.017969 -0.026562 -0.032813
0 0.337500 0.017188 0.043750 0.028125
0 0.356250 0.044531 0.034375 0.020313
0 0.364844 0.068750 0.029687 0.021875
0 0.378906 0.093750 0.039062 0.018750
0 0.392188 0.121094 0.037500 0.023438
0 0.406250 0.150781 0.040625 0.029687
0 0.423438 0.176563 0.028125 0.015625
0 0.434375 0.197656 0.031250 0.029687
0 0.448437 0.225781 0.037500 0.026562
0 0.453125 0.250781 0.031250 0.026562
0 0.465625 0.283594 0.028125 0.020313
0 0.462500 0.270313 0.031250 0.015625
0 0.473438 0.307031 0.031250 0.026562
0 0.489844 0.338281 0.032813 0.032813
0 0.494531 0.365625 0.032813 0.018750
0 0.471094 0.339062 0.010937 0.015625
0 0.510156 0.392969 0.039062 0.029687
0 0.519531 0.420312 0.048438 0.034375
0 0.533594 0.446094 0.039062 0.035937
0 0.547656 0.478906 0.042188 0.039062
0 0.561719 0.510156 0.042188 0.029687
0 0.573438 0.542188 0.053125 0.028125
0 0.585156 0.581250 0.051562 0.050000
0 0.600781 0.617969 0.042188 0.032813
0 0.616406 0.649219 0.045312 0.029687
0 0.633594 0.678125 0.035937 0.025000
0 0.649219 0.704688 0.029687 0.028125
0 0.666406 0.735938 0.039062 0.028125
0 0.678125 0.770312 0.034375 0.028125
0 0.698438 0.802344 0.037500 0.035937
0 0.712500 0.840625 0.040625 0.034375
0 0.729688 0.871094 0.040625 0.023438
0 0.739062 0.900781 0.028125 0.029687
0 0.747656 0.931250 0.032813 0.021875
0 0.756250 0.953125 0.034375 0.021875
0 0.764062 0.962500 0.018750 0.012500
0 0.821875 0.992188 0.000000 0.000000
0 0.808594 0.988281 0.045312 0.014063
0 0.791406 0.949219 0.039062 0.023438
0 0.783594 0.925000 -0.039062 -0.025000
0 0.774219 0.901563 -0.045312 -0.028125
0 0.765625 0.872656 -0.031250 -0.032813
0 0.756250 0.841406 -0.040625 -0.032813
0 0.746875 0.808594 -0.043750 -0.032813
0 0.729688 0.776563 -0.050000 -0.028125
0 0.715625 0.750000 -0.040625 -0.028125
0 0.699219 0.719531 -0.042188 -0.029687
0 0.687500 0.689844 -0.056250 -0.023438
0 0.676562 0.662500 -0.053125 -0.034375
0 0.663281 0.635156 -0.051562 -0.017188
0 0.646094 0.613281 -0.070312 -0.035937
0 0.634375 0.584375 -0.043750 -0.025000
0 0.621875 0.551562 -0.040625 -0.037500
0 0.606250 0.516406 -0.037500 -0.023438
0 0.592969 0.485938 -0.045312 -0.031250
0 0.574219 0.455469 -0.045312 -0.023438
0 0.569531 0.428906 -0.045312 -0.026562
0 0.555469 0.398438 -0.042188 -0.028125
0 0.542969 0.366406 -0.054688 -0.032813
0 0.527344 0.324219 -0.039062 -0.032813
0 0.517188 0.295312 -0.050000 -0.031250
0 0.490625 0.260156 -0.031250 -0.029687
0 0.475781 0.234375 -0.029687 -0.028125
0 0.464844 0.195312 -0.039062 -0.034375
0 0.450000 0.159375 -0.040625 -0.034375
0 0.432812 0.117188 -0.037500 -0.043750
0 0.414844 0.082812 -0.045312 -0.025000
0 0.407031 0.056250 -0.042188 -0.028125
0 0.392969 0.029687 -0.048438 -0.018750
0 0.389844 0.014844 -0.051562 -0.023438
0 0.430469 0.012500 -0.045312 -0.021875
0 0.442188 0.035156 0.043750 0.026562
0 0.449219 0.056250 0.042188 0.025000
0 0.460938 0.085156 0.037500 0.032813
0 0.471094 0.116406 0.039062 0.029687
0 0.487500 0.147656 0.037500 0.032813
0 0.496094 0.179688 0.042188 0.028125
0 0.502344 0.211719 0.035937 0.035937
0 0.515625 0.240625 0.046875 0.028125
0 0.533594 0.275000 0.048438 0.034375
0 0.545312 0.308594 0.040625 0.039062
0 0.565625 0.343750 0.046875 0.037500
0 0.580469 0.379688 0.042188 0.037500
0 0.592187 0.413281 0.043750 0.032813
0 0.609375 0.446094 0.046875 0.035937
0 0.630469 0.478906 0.042188 0.029687
0 0.640625 0.510938 0.034375 0.031250
0 0.664062 0.542969 0.034375 0.035937
0 0.671875 0.572656 0.031250 0.026562
0 0.684375 0.602344 0.034375 0.032813
0 0.704688 0.631250 0.043750 0.028125
0 0.714844 0.664062 0.032813 0.037500
0 0.725781 0.691406 0.032813 0.023438
0 0.732031 0.711719 0.029687 0.026562
0 0.742188 0.737500 0.031250 0.031250
0 0.753906 0.762500 0.020313 0.021875
0 0.759375 0.779687 0.028125 0.021875
0 0.774219 0.800781 0.023438 0.029687
0 0.785156 0.822656 0.023438 0.017188
0 0.794531 0.842969 0.026562 0.026562
0 0.803906 0.870313 0.026562 0.031250
0 0.808594 0.896094 0.032813 0.029687
0 0.785937 0.871094 0.021875 0.032813
0 0.821875 0.925781 0.034375 0.032813
0 0.822656 0.943750 0.020313 0.015625
0 0.853125 0.983594 0.031250 0.026562
0 0.883594 0.975781 0.032813 0.039062
0 0.925781 0.946875 0.029687 0.015625
0 0.918750 0.969531 0.034375 0.042188
0 0.949219 0.960156 0.032813 0.039062
0 0.964844 0.934375 0.029687 0.018750
0 0.985938 0.933594 0.025000 0.023438
0 0.990625 0.952344 0.015625 0.020313
0 0.850000 0.928906 0.031250 0.020313
0 0.879687 0.920312 0.031250 0.021875
0 0.905469 0.912500 0.026562 0.018750
0 0.936719 0.899219 0.035937 0.020313
0 0.969531 0.892969 0.026562 0.014063
0 0.985938 0.878125 0.018750 0.021875
0 0.842969 0.907813 -0.035937 -0.018750
0 0.839844 0.883594 -0.026562 -0.026562
0 0.830469 0.858594 -0.042188 -0.023438
0 0.819531 0.835156 -0.035937 -0.026562
0 0.806250 0.804688 -0.034375 -0.037500
0 0.792188 0.774219 -0.034375 -0.026562
0 0.782031 0.747656 -0.035937 -0.029687
0 0.772656 0.716406 -0.029687 -0.032813
0 0.760938 0.680469 -0.043750 -0.039062
0 0.747656 0.646875 -0.032813 -0.031250
0 0.736719 0.620313 -0.035937 -0.040625
0 0.722656 0.589063 -0.045312 -0.028125
0 0.708594 0.561719 -0.051562 -0.035937
0 0.705469 0.533594 -0.054688 -0.026562
0 0.675000 0.496094 -0.037500 -0.039062
0 0.660937 0.461719 -0.034375 -0.032813
0 0.643750 0.429688 -0.037500 -0.031250
0 0.625781 0.396875 -0.039062 -0.034375
0 0.612500 0.360156 -0.034375 -0.039062
0 0.598437 0.314063 -0.034375 -0.031250
0 0.577344 0.283594 -0.042188 -0.026562
0 0.568750 0.251563 -0.040625 -0.034375
0 0.557813 0.217188 -0.031250 -0.028125
0 0.540625 0.196875 -0.043750 -0.037500
0 0.533594 0.167187 -0.032813 -0.031250
0 0.524219 0.143750 -0.035937 -0.028125
0 0.508594 0.116406 -0.026562 -0.032813
0 0.503906 0.090625 -0.032813 -0.028125
0 0.500000 0.071875 -0.040625 -0.031250
0 0.492188 0.049219 -0.034375 -0.029687
0 0.479687 0.018750 -0.043750 -0.034375
0 0.512500 0.014063 -0.028125 -0.021875
0 0.559375 0.013281 0.043750 0.017188
0 0.591406 0.014063 -0.035937 -0.018750
0 0.617188 0.010156 -0.028125 -0.017188
0 0.658594 0.011719 -0.051562 -0.017188
0 0.698438 0.007812 -0.031250 -0.012500
0 0.744531 0.011719 -0.039062 -0.014063
0 0.785937 0.012500 -0.043750 -0.021875
0 0.818750 0.010937 -0.034375 -0.015625
0 0.858594 0.007812 -0.039062 -0.015625
0 0.896094 0.007031 -0.032813 -0.014063
0 0.936719 0.009375 -0.042188 -0.012500
0 0.977344 0.011719 0.035937 0.017188
0 0.516406 0.035156 0.029687 0.029687
0 0.528906 0.063281 0.032813 0.026562
0 0.538281 0.093750 0.035937 0.031250
0 0.546875 0.125000 0.034375 0.028125
0 0.566406 0.156250 0.035937 0.034375
0 0.580469 0.188281 0.039062 0.026562
0 0.592969 0.219531 0.035937 0.032813
0 0.607031 0.250000 0.039062 0.028125
0 0.622656 0.281250 0.042188 0.037500
0 0.633594 0.316406 0.039062 0.032813
0 0.646875 0.349219 0.031250 0.032813
0 0.660156 0.380469 0.039062 0.032813
0 0.672656 0.407031 0.039062 0.026562
0 0.689063 0.440625 0.037500 0.037500
0 0.707031 0.476562 0.035937 0.034375
0 0.724219 0.510156 0.039062 0.032813
0 0.741406 0.543750 0.039062 0.034375
0 0.753906 0.575000 0.032813 0.028125
0 0.764844 0.600000 0.039062 0.025000
0 0.779687 0.628906 0.040625 0.032813
0 0.792188 0.662500 0.034375 0.028125
0 0.799219 0.689844 0.032813 0.029687
0 0.812500 0.721875 0.034375 0.031250
0 0.819531 0.751563 0.035937 0.021875
0 0.828906 0.775000 0.045312 0.034375
0 0.845313 0.805469 0.034375 0.023438
0 0.863281 0.832812 0.039062 0.025000
0 0.882812 0.862500 0.046875 0.028125
0 0.887500 0.888281 0.034375 0.014063
0 0.876563 0.900781 0.028125 0.017188
0 0.905469 0.887500 0.017188 0.021875
0 0.926562 0.878125 0.031250 0.028125
0 0.914062 0.850000 -0.031250 -0.025000
0 0.897656 0.825000 -0.048438 -0.025000
0 0.888281 0.801562 -0.045312 -0.018750
0 0.879687 0.772656 -0.050000 -0.032813
0 0.863281 0.739844 -0.032813 -0.026562
0 0.849219 0.710938 -0.039062 -0.031250
0 0.835156 0.678125 -0.039062 -0.031250
0 0.821875 0.646094 -0.040625 -0.039062
0 0.813281 0.610156 -0.032813 -0.035937
0 0.790625 0.566406 -0.034375 -0.035937
0 0.782031 0.529687 -0.032813 -0.037500
0 0.767969 0.489063 -0.051562 -0.034375
0 0.753125 0.460156 -0.040625 -0.026562
0 0.732031 0.427344 -0.048438 -0.035937
0 0.719531 0.390625 -0.045312 -0.037500
0 0.698438 0.355469 -0.056250 -0.039062
0 0.680469 0.314063 -0.042188 -0.031250
0 0.671094 0.282813 -0.039062 -0.031250
0 0.664062 0.251563 -0.050000 -0.037500
0 0.642188 0.217188 -0.059375 -0.034375
0 0.620313 0.178906 -0.043750 -0.032813
0 0.600781 0.147656 -0.045312 -0.029687
0 0.595313 0.120313 -0.053125 -0.031250
0 0.578125 0.091406 -0.043750 -0.026562
0 0.567969 0.059375 -0.042188 -0.025000
0 0.551562 0.036719 -0.040625 -0.029687
0 0.592187 0.032031 0.037500 0.020313
0 0.607031 0.056250 0.032813 0.031250
0 0.615625 0.082812 0.034375 0.018750
0 0.632031 0.109375 0.032813 0.021875
0 0.639844 0.129688 0.035937 0.021875
0 0.646094 0.153906 0.042188 0.029687
0 0.663281 0.179688 0.039062 0.025000
0 0.678906 0.207813 0.029687 0.025000
0 0.691406 0.235156 0.026562 0.020313
0 0.700000 0.259375 0.028125 0.021875
0 0.709375 0.289062 0.031250 0.025000
0 0.725781 0.317188 0.039062 0.021875
0 0.739062 0.341406 0.028125 0.029687
0 0.753906 0.372656 0.035937 0.023438
0 0.761719 0.394531 0.029687 0.026562
0 0.771875 0.420312 0.028125 0.025000
0 0.777344 0.444531 0.023438 0.017188
0 0.786719 0.467187 0.035937 0.028125
0 0.808594 0.493750 0.035937 0.031250
0 0.817969 0.522656 0.029687 0.026562
0 0.827344 0.551562 0.029687 0.028125
0 0.835938 0.576562 0.034375 0.028125
0 0.851562 0.606250 0.031250 0.034375
0 0.860938 0.639062 0.037500 0.034375
0 0.869531 0.666406 0.042188 0.032813
0 0.878125 0.696094 0.043750 0.029687
0 0.890625 0.723437 0.031250 0.034375
0 0.907031 0.753125 0.035937 0.031250
0 0.924219 0.779687 0.039062 0.028125
0 0.932813 0.805469 0.037500 0.026562
0 0.944531 0.832031 0.032813 0.026562
0 0.950781 0.853125 0.039062 0.015625
0 0.957031 0.870313 0.029687 0.025000
0 0.980469 0.841406 0.029687 0.045312
0 0.973437 0.798438 0.031250 0.025000
0 0.966406 0.766406 0.035937 0.026562
0 0.945312 0.735938 -0.050000 -0.031250
0 0.988281 0.771094 0.017188 0.045312
0 0.918750 0.698438 -0.043750 -0.031250
0 0.910937 0.667969 -0.025000 -0.032813
0 0.897656 0.638281 -0.032813 -0.029687
0 0.884375 0.606250 -0.040625 -0.031250
0 0.871094 0.578125 -0.035937 -0.028125
0 0.857031 0.550781 -0.042188 -0.032813
0 0.850781 0.523438 -0.035937 -0.031250
0 0.840625 0.497656 -0.040625 -0.035937
0 0.828125 0.468750 -0.043750 -0.028125
0 0.815625 0.439063 -0.040625 -0.034375
0 0.810937 0.412500 -0.050000 -0.037500
0 0.791406 0.382812 -0.032813 -0.028125
0 0.783594 0.357812 -0.035937 -0.028125
0 0.771094 0.328125 -0.035937 -0.028125
0 0.757812 0.299219 -0.040625 -0.032813
0 0.739062 0.267969 -0.043750 -0.035937
0 0.730469 0.239063 -0.032813 -0.028125
0 0.717187 0.213281 -0.040625 -0.032813
0 0.714063 0.185938 -0.050000 -0.031250
0 0.694531 0.161719 -0.048438 -0.029687
0 0.680469 0.131250 -0.039062 -0.031250
0 0.667969 0.100781 -0.042188 -0.029687
0 0.658594 0.074219 -0.054688 -0.032813
0 0.635938 0.044531 -0.037500 -0.023438
0 0.618750 0.025781 -0.025000 -0.014063
0 0.660937 0.031250 0.037500 0.021875
0 0.682031 0.056250 0.045312 0.025000
0 0.692187 0.082812 0.040625 0.028125
0 0.702344 0.109375 0.032813 0.018750
0 0.719531 0.132812 0.032813 0.028125
0 0.730469 0.161719 0.035937 0.026562
0 0.739844 0.187500 0.035937 0.028125
0 0.753125 0.217969 0.021875 0.023438
0 0.763281 0.246094 0.032813 0.026562
0 0.783594 0.274219 0.029687 0.023438
0 0.796094 0.301563 0.029687 0.028125
0 0.809375 0.329688 0.034375 0.028125
0 0.822656 0.355469 0.029687 0.026562
0 0.832812 0.384375 0.028125 0.028125
0 0.846094 0.414062 0.026562 0.025000
0 0.857812 0.439063 0.034375 0.031250
0 0.865625 0.466406 0.040625 0.026562
0 0.878906 0.495312 0.042188 0.028125
0 0.887500 0.524219 0.034375 0.029687
0 0.896875 0.553125 0.034375 0.031250
0 0.911719 0.586719 0.029687 0.032813
0 0.925781 0.621875 0.039062 0.034375
0 0.945312 0.651563 0.037500 0.028125
0 0.958594 0.680469 0.042188 0.032813
0 0.972656 0.707031 0.042188 0.029687
0 0.990625 0.730469 0.015625 0.023438
0 0.989062 0.670312 0.012500 0.031250
0 0.980469 0.641406 0.032813 0.026562
0 0.964063 0.609375 -0.040625 -0.028125
0 0.949219 0.582031 -0.035937 -0.032813
0 0.933594 0.550781 -0.048438 -0.035937
0 0.923438 0.511719 -0.050000 -0.035937
0 0.916406 0.481250 -0.039062 -0.025000
0 0.902344 0.455469 -0.039062 -0.029687
0 0.892969 0.429688 -0.039062 -0.034375
0 0.876563 0.400000 -0.037500 -0.031250
0 0.861719 0.367188 -0.035937 -0.031250
0 0.844531 0.341406 -0.039062 -0.032813
0 0.836719 0.306250 -0.035937 -0.031250
0 0.824219 0.277344 -0.042188 -0.032813
0 0.803125 0.244531 -0.037500 -0.029687
0 0.785156 0.210938 -0.029687 -0.037500
0 0.778906 0.178906 -0.035937 -0.035937
0 0.766406 0.144531 -0.042188 -0.026562
0 0.755469 0.121875 -0.045312 -0.031250
0 0.732031 0.085938 -0.045312 -0.031250
0 0.722656 0.058594 -0.026562 -0.023438
0 0.700781 0.032031 -0.039062 -0.032813
0 0.745313 0.033594 0.050000 0.023438
0 0.762500 0.060937 0.043750 0.018750
0 0.780469 0.088281 0.039062 0.023438
0 0.789844 0.115625 0.026562 0.021875
0 0.802344 0.143750 0.035937 0.025000
0 0.819531 0.175000 0.039062 0.037500
0 0.825781 0.207813 0.042188 0.028125
0 0.835938 0.235937 0.034375 0.025000
0 0.854688 0.260156 0.037500 0.023438
0 0.868750 0.289062 0.040625 0.037500
0 0.880469 0.323437 0.039062 0.031250
0 0.892969 0.356250 0.048438 0.031250
0 0.907813 0.389844 0.043750 0.029687
0 0.921094 0.418750 0.042188 0.021875
0 0.935156 0.446875 0.042188 0.031250
0 0.950000 0.476562 0.040625 0.021875
0 0.967187 0.509375 0.040625 0.025000
0 0.973437 0.538281 0.034375 0.023438
0 0.982812 0.566406 0.025000 0.026562
0 0.992969 0.601562 0.010937 0.040625
0 0.992969 0.526563 0.007812 0.046875
0 0.988281 0.482031 0.020313 0.032813
0 0.977344 0.447656 0.035937 0.032813
0 0.962500 0.414844 -0.040625 -0.029687
0 0.951562 0.380469 -0.043750 -0.029687
0 0.939844 0.350781 -0.045312 -0.032813
0 0.925000 0.317969 -0.046875 -0.029687
0 0.908594 0.285938 -0.035937 -0.031250
0 0.895312 0.257031 -0.034375 -0.023438
0 0.875781 0.231250 -0.045312 -0.034375
0 0.859375 0.193750 -0.031250 -0.031250
0 0.846875 0.160156 -0.031250 -0.042188
0 0.827344 0.127344 -0.032813 -0.026562
0 0.816406 0.096875 -0.035937 -0.028125
0 0.800781 0.065625 -0.032813 -0.031250
0 0.792188 0.037500 -0.031250 -0.031250
0 0.830469 0.029687 0.039062 0.018750
0 0.839844 0.050781 0.042188 0.023438
0 0.841406 0.075000 0.045312 0.028125
0 0.854688 0.100000 0.046875 0.021875
0 0.867969 0.121875 0.045312 0.028125
0 0.881250 0.147656 0.040625 0.026562
0 0.889062 0.170313 0.037500 0.021875
0 0.900781 0.199219 0.035937 0.026562
0 0.917969 0.225781 0.032813 0.023438
0 0.931250 0.252344 0.021875 0.017188
0 0.939844 0.276562 0.032813 0.025000
0 0.953906 0.305469 0.029687 0.029687
0 0.961719 0.332813 0.035937 0.018750
0 0.978906 0.354687 0.035937 0.025000
0 0.987500 0.382812 0.018750 0.028125
0 0.992969 0.414844 0.007812 0.026562
0 0.990625 0.330469 0.009375 0.020313
0 0.983594 0.297656 0.029687 0.032813
0 0.975000 0.261719 0.040625 0.026562
0 0.956250 0.233594 0.037500 0.026562
0 0.946875 0.203906 0.031250 0.026562
0 0.932813 0.175000 -0.043750 -0.037500
0 0.920312 0.142969 -0.037500 -0.023438
0 0.908594 0.118750 -0.035937 -0.028125
0 0.901563 0.098437 -0.043750 -0.028125
0 0.888281 0.073438 -0.035937 -0.021875
0 0.876563 0.050000 -0.043750 -0.028125
0 0.868750 0.028125 -0.031250 -0.021875
0 0.902344 0.028125 -0.032813 -0.021875
0 0.911719 0.045312 0.035937 0.025000
0 0.927344 0.065625 0.035937 0.015625
0 0.934375 0.085938 0.034375 0.018750
0 0.942969 0.105469 0.029687 0.026562
0 0.951562 0.128906 0.034375 0.023438
0 0.965625 0.152344 0.040625 0.026562
0 0.975000 0.172656 0.034375 0.023438
0 0.978125 0.192969 0.037500 0.020313
0 0.983594 0.215625 0.026562 0.021875
0 0.989062 0.238281 0.018750 0.023438
0 0.942969 0.029687 0.039062 0.028125
0 0.953906 0.055469 0.032813 0.017188
0 0.963281 0.075781 0.035937 0.020313
0 0.976562 0.100000 0.037500 0.028125
0 0.986719 0.121094 0.020313 0.020313
0 0.991406 0.142187 0.010937 0.021875
0 0.980469 0.035156 0.029687 0.029687
0 0.984375 0.067969 0.025000 0.032813
