0 0.020313 0.985156 0.028125 0.020313
0 0.015625 0.945312 -0.028125 -0.012500
0 0.011719 0.924219 -0.020313 -0.020313
0 0.007031 0.900000 -0.010937 -0.021875
0 0.007812 0.804688 -0.009375 -0.025000
0 0.010156 0.827344 -0.014063 -0.026562
0 0.014844 0.850781 -0.023438 -0.026562
0 0.018750 0.874219 -0.028125 -0.029687
0 0.034375 0.895312 -0.031250 -0.028125
0 0.035156 0.917188 -0.020313 -0.025000
0 0.046875 0.928125 -0.028125 -0.021875
0 0.059375 0.974219 -0.031250 -0.029687
0 0.102344 0.984375 0.035937 0.025000
0 0.103125 0.961719 0.040625 0.029687
0 0.076563 0.917969 -0.037500 -0.026562
0 0.063281 0.882812 -0.039062 -0.034375
0 0.052344 0.847656 -0.035937 -0.029687
0 0.036719 0.817969 -0.045312 -0.032813
0 0.028125 0.789062 -0.043750 -0.028125
0 0.019531 0.761719 -0.032813 -0.029687
0 0.014063 0.729688 -0.028125 -0.031250
0 0.011719 0.696875 -0.020313 -0.031250
0 0.006250 0.537500 0.000000 0.000000
0 0.016406 0.587500 -0.026562 -0.034375
0 0.011719 0.554688 -0.017188 -0.034375
0 0.024219 0.621094 -0.035937 -0.032813
0 0.032813 0.648438 -0.031250 -0.021875
0 0.033594 0.675000 -0.035937 -0.031250
0 0.043750 0.703125 -0.040625 -0.028125
0 0.048438 0.732812 0.037500 0.031250
0 0.056250 0.761719 0.034375 0.026562
0 0.069531 0.789062 0.039062 0.025000
0 0.076563 0.814844 0.031250 0.023438
0 0.084375 0.841406 0.046875 0.026562
0 0.096094 0.867969 0.035937 0.029687
0 0.107031 0.890625 0.032813 0.015625
0 0.113281 0.904687 0.048438 0.018750
0 0.135937 0.952344 0.031250 0.026562
0 0.142969 0.975000 0.020313 0.015625
0 0.175781 0.963281 0.039062 0.026562
0 0.167969 0.939063 0.032813 0.025000
0 0.148438 0.889062 0.034375 0.034375
0 0.132812 0.857812 0.043750 0.034375
0 0.114844 0.828906 0.045312 0.032813
0 0.113281 0.801562 0.042188 0.034375
0 0.100781 0.768750 0.048438 0.031250
0 0.092188 0.735938 0.040625 0.031250
0 0.087500 0.707812 0.037500 0.028125
0 0.078906 0.678906 -0.045312 -0.026562
0 0.073438 0.650000 -0.040625 -0.031250
0 0.060156 0.617188 -0.042188 -0.031250
0 0.050000 0.582812 -0.043750 -0.031250
0 0.040625 0.553125 -0.037500 -0.021875
0 0.032813 0.524219 -0.040625 -0.035937
0 0.006250 0.457813 0.000000 0.000000
0 0.013281 0.444531 -0.017188 -0.026562
0 0.011719 0.477344 -0.020313 -0.035937
0 0.214062 0.954688 -0.034375 -0.028125
0 0.205469 0.933594 -0.035937 -0.026562
0 0.200781 0.914062 -0.026562 -0.012500
0 0.185938 0.875781 -0.040625 -0.026562
0 0.176563 0.850000 -0.028125 -0.018750
0 0.165625 0.821875 -0.043750 -0.034375
0 0.156250 0.790625 -0.046875 -0.021875
0 0.144531 0.763281 -0.039062 -0.029687
0 0.139844 0.732812 -0.042188 -0.031250
0 0.129688 0.704688 -0.037500 -0.028125
0 0.121875 0.675000 -0.040625 -0.021875
0 0.117188 0.645312 -0.046875 -0.031250
0 0.107031 0.621094 -0.045312 -0.035937
0 0.089844 0.596875 -0.032813 -0.018750
0 0.091406 0.571875 -0.035937 -0.021875
0 0.075781 0.535937 -0.045312 -0.043750
0 0.052344 0.454688 -0.042188 -0.037500
0 0.036719 0.421875 -0.039062 -0.034375
0 0.024219 0.392969 -0.042188 -0.032813
0 0.014063 0.352344 -0.028125 -0.035937
0 0.011719 0.219531 -0.017188 -0.035937
0 0.021875 0.266406 -0.037500 -0.045312
0 0.035156 0.313281 -0.045312 -0.048438
0 0.050781 0.353125 -0.051562 -0.037500
0 0.064062 0.384375 -0.040625 -0.037500
0 0.083594 0.423438 -0.051562 -0.040625
0 0.087500 0.452344 -0.046875 -0.023438
0 0.096875 0.475781 -0.034375 -0.032813
0 0.112500 0.539844 -0.037500 -0.032813
0 0.127344 0.566406 -0.048438 -0.039062
0 0.139063 0.592969 -0.040625 -0.029687
0 0.142969 0.620313 -0.039062 -0.031250
0 0.157031 0.646094 -0.029687 -0.020313
0 0.158594 0.665625 -0.035937 -0.018750
0 0.162500 0.686719 -0.034375 -0.026562
0 0.174219 0.712500 -0.045312 -0.034375
0 0.182031 0.739844 -0.042188 -0.029687
0 0.188281 0.767969 -0.039062 -0.032813
0 0.200000 0.798438 -0.037500 -0.031250
0 0.209375 0.832031 -0.043750 -0.042188
0 0.215625 0.859375 -0.043750 -0.031250
0 0.236719 0.906250 -0.032813 -0.018750
0 0.244531 0.939063 -0.035937 -0.040625
0 0.265625 0.904687 0.000000 0.000000
0 0.278906 0.896094 -0.035937 -0.023438
0 0.289062 0.925781 -0.046875 -0.035937
0 0.257031 0.845313 -0.042188 -0.031250
0 0.246094 0.807813 -0.035937 -0.028125
0 0.234375 0.768750 -0.037500 -0.034375
0 0.225000 0.735156 -0.034375 -0.029687
0 0.214062 0.705469 -0.040625 -0.029687
0 0.203125 0.679688 -0.046875 -0.028125
0 0.196875 0.642969 -0.043750 -0.039062
0 0.181250 0.609375 -0.050000 -0.037500
0 0.174219 0.578125 -0.039062 -0.025000
0 0.162500 0.543750 -0.034375 -0.034375
0 0.148438 0.496094 -0.037500 -0.029687
0 0.132812 0.462500 -0.040625 -0.040625
0 0.116406 0.420312 -0.032813 -0.028125
0 0.107031 0.382031 -0.048438 -0.042188
0 0.085156 0.333594 -0.042188 -0.029687
0 0.078125 0.304688 -0.034375 -0.025000
0 0.064062 0.279687 -0.037500 -0.028125
0 0.054688 0.249219 -0.040625 -0.032813
0 0.033594 0.210156 -0.039062 -0.039062
0 0.018750 0.173437 -0.031250 -0.031250
0 0.013281 0.131250 -0.023438 -0.046875
0 0.013281 0.037500 -0.026562 -0.031250
0 0.019531 0.069531 -0.039062 -0.035937
0 0.029687 0.094531 -0.046875 -0.029687
0 0.043750 0.122656 -0.034375 -0.029687
0 0.047656 0.151562 -0.039062 -0.031250
0 0.055469 0.179688 -0.039062 -0.031250
0 0.070312 0.206250 -0.034375 -0.034375
0 0.085156 0.240625 -0.035937 -0.040625
0 0.100000 0.275000 -0.043750 -0.034375
0 0.114062 0.311719 -0.046875 -0.039062
0 0.129688 0.342969 -0.040625 -0.032813
0 0.139063 0.370312 -0.037500 -0.028125
0 0.153125 0.401562 -0.034375 -0.037500
0 0.160156 0.431250 -0.039062 -0.031250
0 0.167969 0.452344 -0.045312 -0.029687
0 0.182031 0.485156 -0.039062 -0.035937
0 0.208594 0.551562 -0.042188 -0.037500
0 0.214844 0.583594 -0.042188 -0.032813
0 0.224219 0.615625 -0.039062 -0.037500
0 0.232813 0.650000 -0.043750 -0.034375
0 0.242188 0.682813 -0.050000 -0.037500
0 0.259375 0.716406 -0.043750 -0.039062
0 0.267188 0.754687 -0.043750 -0.034375
0 0.276562 0.777344 -0.046875 -0.029687
0 0.288281 0.807813 -0.045312 -0.031250
0 0.297656 0.832812 -0.029687 -0.031250
0 0.314063 0.882812 -0.034375 -0.021875
0 0.320312 0.908594 -0.034375 -0.029687
0 0.353125 0.905469 -0.021875 -0.026562
0 0.375781 0.893750 -0.026562 -0.034375
0 0.348438 0.864062 -0.031250 -0.021875
0 0.412500 0.885938 -0.031250 -0.034375
0 0.440625 0.875000 -0.025000 -0.028125
0 0.427344 0.843750 -0.035937 -0.025000
0 0.400781 0.855469 -0.032813 -0.026562
0 0.372656 0.858594 -0.026562 -0.020313
0 0.337500 0.814063 -0.040625 -0.028125
0 0.322656 0.778906 -0.035937 -0.029687
0 0.310937 0.746094 -0.040625 -0.026562
0 0.307031 0.717969 -0.035937 -0.029687
0 0.292969 0.689063 -0.032813 -0.028125
0 0.275781 0.656250 -0.032813 -0.037500
0 0.266406 0.615625 -0.039062 -0.037500
0 0.255469 0.584375 -0.039062 -0.018750
0 0.248438 0.555469 -0.031250 -0.045312
0 0.251563 0.514844 -0.018750 -0.026562
0 0.232813 0.494531 -0.040625 -0.032813
0 0.214062 0.465625 -0.037500 -0.028125
0 0.207031 0.437500 -0.039062 -0.025000
0 0.196094 0.414844 -0.039062 -0.026562
0 0.189844 0.391406 -0.042188 -0.023438
0 0.179688 0.367188 -0.040625 -0.028125
0 0.170313 0.339062 -0.037500 -0.031250
0 0.159375 0.310937 -0.034375 -0.037500
0 0.145313 0.278906 -0.040625 -0.035937
0 0.129688 0.246094 -0.046875 -0.032813
0 0.120313 0.217969 -0.043750 -0.035937
0 0.106250 0.184375 -0.043750 -0.037500
0 0.090625 0.150781 -0.046875 -0.039062
0 0.071094 0.114062 -0.045312 -0.031250
0 0.063281 0.081250 -0.042188 -0.028125
0 0.053125 0.057813 -0.037500 -0.021875
0 0.047656 0.035937 -0.039062 -0.025000
0 0.040625 0.015625 -0.034375 -0.028125
0 0.012500 0.014063 -0.021875 -0.025000
0 0.278125 0.486719 -0.031250 -0.023438
0 0.260156 0.463281 -0.051562 -0.023438
0 0.246875 0.435937 -0.037500 -0.028125
0 0.240625 0.407813 -0.031250 -0.028125
0 0.225781 0.376563 -0.035937 -0.028125
0 0.216406 0.346094 -0.032813 -0.029687
0 0.196875 0.314844 -0.034375 -0.029687
0 0.185938 0.281250 -0.031250 -0.028125
0 0.175781 0.251563 -0.042188 -0.028125
0 0.164062 0.217969 -0.034375 -0.029687
0 0.148438 0.184375 -0.037500 -0.028125
0 0.135937 0.153125 -0.043750 -0.034375
0 0.116406 0.116406 -0.042188 -0.035937
0 0.107031 0.084375 -0.039062 -0.034375
0 0.087500 0.047656 -0.037500 -0.032813
0 0.080469 0.016406 -0.035937 -0.032813
0 0.290625 0.528125 -0.028125 -0.037500
0 0.290625 0.569531 -0.040625 -0.039062
0 0.299219 0.603125 -0.032813 -0.037500
0 0.314844 0.635156 -0.035937 -0.035937
0 0.316406 0.663281 -0.048438 -0.029687
0 0.338281 0.692969 -0.048438 -0.032813
0 0.350781 0.725000 -0.032813 -0.031250
0 0.357031 0.752344 -0.035937 -0.026562
0 0.364844 0.778125 -0.035937 -0.031250
0 0.372656 0.806250 -0.032813 -0.028125
0 0.408594 0.797656 -0.035937 -0.032813
0 0.407031 0.767969 -0.029687 -0.023438
0 0.387500 0.736719 -0.034375 -0.032813
0 0.378906 0.701562 -0.039062 -0.031250
0 0.366406 0.676562 -0.035937 -0.028125
0 0.354687 0.644531 -0.034375 -0.026562
0 0.344531 0.610938 -0.039062 -0.040625
0 0.331250 0.578125 -0.037500 -0.034375
0 0.327344 0.551562 -0.032813 -0.028125
0 0.328125 0.525000 -0.031250 -0.021875
0 0.475781 0.853906 -0.045312 -0.035937
0 0.457813 0.825781 -0.028125 -0.020313
0 0.507812 0.837500 -0.040625 -0.034375
0 0.498437 0.814844 -0.034375 -0.017188
0 0.541406 0.828906 -0.020313 -0.020313
0 0.535937 0.805469 -0.012500 -0.026562
0 0.525781 0.792969 -0.023438 -0.007812
0 0.439063 0.785156 -0.028125 -0.029687
0 0.425000 0.742969 -0.034375 -0.035937
0 0.413281 0.703906 -0.042188 -0.039062
0 0.398438 0.664062 -0.043750 -0.034375
0 0.389844 0.631250 -0.042188 -0.034375
0 0.380469 0.595313 -0.035937 -0.037500
0 0.366406 0.562500 -0.032813 -0.031250
0 0.357812 0.532031 -0.028125 -0.029687
0 0.475781 0.773438 -0.032813 -0.025000
0 0.465625 0.740625 -0.037500 -0.031250
0 0.452344 0.710938 -0.048438 -0.031250
0 0.446094 0.680469 -0.029687 -0.023438
0 0.438281 0.652344 -0.029687 -0.023438
0 0.428906 0.623437 -0.032813 -0.031250
0 0.408594 0.593750 -0.029687 -0.031250
0 0.403906 0.558594 -0.029687 -0.032813
0 0.402344 0.529687 -0.029687 -0.028125
0 0.512500 0.760938 -0.034375 -0.031250
0 0.503125 0.727344 -0.046875 -0.029687
0 0.490625 0.692187 -0.037500 -0.034375
0 0.477344 0.656250 -0.039062 -0.028125
0 0.466406 0.627344 -0.032813 -0.035937
0 0.447656 0.597656 -0.039062 -0.045312
0 0.442188 0.569531 -0.037500 -0.035937
0 0.446094 0.542969 -0.026562 -0.029687
0 0.584375 0.828906 -0.031250 -0.023438
0 0.579688 0.794531 -0.034375 -0.039062
0 0.627344 0.812500 -0.026562 -0.021875
0 0.617188 0.785156 -0.034375 -0.035937
0 0.667969 0.802344 -0.026562 -0.032813
0 0.652344 0.780469 -0.029687 -0.026562
0 0.646094 0.758594 -0.039062 -0.020313
0 0.557031 0.743750 -0.045312 -0.028125
0 0.537500 0.707031 -0.040625 -0.039062
0 0.532031 0.675000 -0.045312 -0.034375
0 0.514844 0.642969 -0.032813 -0.032813
0 0.497656 0.616406 -0.029687 -0.039062
0 0.495312 0.594531 -0.040625 -0.039062
0 0.485156 0.572656 -0.039062 -0.029687
0 0.478906 0.542188 -0.039062 -0.040625
0 0.595313 0.735156 -0.028125 -0.023438
0 0.580469 0.710156 -0.039062 -0.032813
0 0.571094 0.683594 -0.035937 -0.039062
0 0.563281 0.659375 -0.035937 -0.031250
0 0.543750 0.633594 -0.040625 -0.045312
0 0.535156 0.595313 -0.026562 -0.025000
0 0.522656 0.566406 -0.035937 -0.032813
0 0.512500 0.535937 -0.028125 -0.031250
0 0.550000 0.513281 -0.028125 -0.026562
0 0.555469 0.536719 -0.032813 -0.029687
0 0.562500 0.558594 -0.037500 -0.029687
0 0.574219 0.585156 -0.039062 -0.032813
0 0.587500 0.610938 -0.031250 -0.031250
0 0.597656 0.633594 -0.042188 -0.032813
0 0.607031 0.656250 -0.029687 -0.028125
0 0.619531 0.682031 -0.035937 -0.029687
0 0.628906 0.704688 -0.039062 -0.031250
0 0.632031 0.722656 -0.026562 -0.017188
0 0.701562 0.788281 -0.031250 -0.023438
0 0.692187 0.766406 -0.037500 -0.023438
0 0.685937 0.742188 -0.025000 -0.009375
0 0.666406 0.701562 -0.035937 -0.025000
0 0.653125 0.673438 -0.031250 -0.028125
0 0.646875 0.643750 -0.028125 -0.031250
0 0.630469 0.614062 -0.042188 -0.031250
0 0.615625 0.574219 -0.025000 -0.032813
0 0.600781 0.539844 -0.035937 -0.035937
0 0.585938 0.507812 -0.043750 -0.025000
0 0.734375 0.769531 -0.018750 -0.026562
0 0.721094 0.742188 -0.032813 -0.021875
0 0.711719 0.725000 -0.020313 -0.009375
0 0.700781 0.692969 -0.039062 -0.029687
0 0.688281 0.662500 -0.039062 -0.028125
0 0.679688 0.632812 -0.040625 -0.028125
0 0.668750 0.601562 -0.034375 -0.034375
0 0.654687 0.569531 -0.037500 -0.029687
0 0.644531 0.537500 -0.039062 -0.021875
0 0.639062 0.514062 -0.034375 -0.025000
0 0.764062 0.755469 -0.040625 -0.029687
0 0.750781 0.728125 -0.035937 -0.031250
0 0.737500 0.682813 -0.031250 -0.028125
0 0.725000 0.653906 -0.031250 -0.023438
0 0.713281 0.622656 -0.039062 -0.035937
0 0.700781 0.589063 -0.039062 -0.031250
0 0.695312 0.564063 -0.037500 -0.034375
0 0.678906 0.529687 -0.039062 -0.034375
0 0.794531 0.743750 -0.032813 -0.034375
0 0.785156 0.714063 -0.032813 -0.021875
0 0.767188 0.665625 -0.028125 -0.028125
0 0.756250 0.638281 -0.031250 -0.029687
0 0.742969 0.608594 -0.032813 -0.020313
0 0.735156 0.578906 -0.035937 -0.032813
0 0.725781 0.546875 -0.035937 -0.031250
0 0.710156 0.522656 -0.026562 -0.032813
0 0.825000 0.721094 -0.040625 -0.042188
0 0.817969 0.692969 -0.039062 -0.017188
0 0.799219 0.643750 -0.035937 -0.040625
0 0.786719 0.614062 -0.042188 -0.031250
0 0.766406 0.575000 -0.042188 -0.037500
0 0.746094 0.528906 -0.039062 -0.045312
0 0.893750 0.715625 -0.025000 -0.034375
0 0.857812 0.699219 -0.028125 -0.026562
0 0.853906 0.678125 -0.017188 -0.012500
0 0.837500 0.644531 -0.028125 -0.023438
0 0.830469 0.618750 -0.032813 -0.031250
0 0.817187 0.589844 -0.037500 -0.032813
0 0.797656 0.553906 -0.029687 -0.032813
0 0.789844 0.517969 -0.029687 -0.045312
0 0.885156 0.689063 -0.035937 -0.021875
0 0.890625 0.666406 -0.028125 -0.020313
0 0.868750 0.631250 -0.031250 -0.028125
0 0.857031 0.601562 -0.039062 -0.028125
0 0.843750 0.571094 -0.046875 -0.039062
0 0.832812 0.535937 -0.034375 -0.031250
0 0.821094 0.507812 -0.023438 -0.021875
0 0.937500 0.700000 -0.034375 -0.031250
0 0.928125 0.665625 -0.028125 -0.034375
0 0.905469 0.614844 -0.026562 -0.026562
0 0.901563 0.580469 -0.031250 -0.035937
0 0.876563 0.536719 -0.050000 -0.039062
0 0.859375 0.501563 -0.031250 -0.028125
0 0.846875 0.467969 -0.034375 -0.048438
0 0.835938 0.425000 -0.028125 -0.031250
0 0.824219 0.402344 -0.026562 -0.014063
0 0.815625 0.376563 -0.040625 -0.028125
0 0.801562 0.343750 -0.025000 -0.021875
0 0.788281 0.314844 -0.026562 -0.026562
0 0.782031 0.289844 -0.029687 -0.017188
0 0.774219 0.267969 -0.029687 -0.026562
0 0.762500 0.235156 -0.028125 -0.032813
0 0.749219 0.214062 -0.029687 -0.031250
0 0.742969 0.189844 -0.029687 -0.035937
0 0.733594 0.165625 -0.026562 -0.025000
0 0.718750 0.141406 -0.028125 -0.029687
0 0.714063 0.117188 -0.034375 -0.031250
0 0.703125 0.094531 -0.034375 -0.029687
0 0.692969 0.068750 -0.035937 -0.031250
0 0.679688 0.035937 -0.034375 -0.040625
0 0.650000 0.003125 0.000000 0.000000
0 0.690625 0.001563 0.000000 0.000000
0 0.661719 0.010937 -0.026562 -0.021875
0 0.704688 0.010937 -0.031250 -0.018750
0 0.716406 0.037500 -0.026562 -0.040625
0 0.738281 0.085938 -0.026562 -0.031250
0 0.750781 0.119531 -0.032813 -0.032813
0 0.760156 0.144531 -0.039062 -0.039062
0 0.772656 0.178125 -0.029687 -0.025000
0 0.786719 0.204687 -0.029687 -0.031250
0 0.795312 0.230469 -0.028125 -0.020313
0 0.810937 0.263281 -0.028125 -0.042188
0 0.825000 0.305469 -0.028125 -0.023438
0 0.842969 0.342969 -0.039062 -0.051562
0 0.859375 0.382812 -0.031250 -0.034375
0 0.865625 0.417969 -0.040625 -0.039062
0 0.886719 0.457813 -0.045312 -0.050000
0 0.906250 0.502344 -0.046875 -0.032813
0 0.920312 0.536719 -0.037500 -0.039062
0 0.938281 0.570312 -0.035937 -0.037500
0 0.943750 0.598437 0.040625 0.031250
0 0.971875 0.550781 -0.037500 -0.035937
0 0.949219 0.505469 -0.032813 -0.032813
0 0.931250 0.464062 -0.028125 -0.028125
0 0.913281 0.431250 -0.029687 -0.025000
0 0.900781 0.400000 -0.035937 -0.034375
0 0.891406 0.366406 -0.029687 -0.032813
0 0.867188 0.299219 -0.040625 -0.042188
0 0.846875 0.257812 -0.028125 -0.037500
0 0.836719 0.229687 -0.039062 -0.031250
0 0.825000 0.196875 -0.043750 -0.037500
0 0.811719 0.160938 -0.042188 -0.037500
0 0.803125 0.134375 -0.028125 -0.028125
0 0.788281 0.115625 -0.032813 -0.025000
0 0.782031 0.098437 -0.032813 -0.028125
0 0.772656 0.079687 -0.035937 -0.031250
0 0.760938 0.049219 -0.031250 -0.029687
0 0.753125 0.026562 -0.028125 -0.025000
0 0.732812 0.001563 0.000000 0.000000
0 0.784375 0.011719 -0.031250 -0.020313
0 0.745313 0.010937 -0.028125 -0.018750
0 0.796094 0.034375 -0.032813 -0.025000
0 0.802344 0.057031 -0.032813 -0.026562
0 0.817187 0.089844 -0.031250 -0.042188
0 0.831250 0.120313 -0.028125 -0.021875
0 0.846094 0.157812 -0.035937 -0.040625
0 0.866406 0.193750 -0.039062 -0.034375
0 0.874219 0.228906 -0.039062 -0.039062
0 0.891406 0.268750 -0.039062 -0.040625
0 0.911719 0.310156 -0.042188 -0.035937
0 0.919531 0.346094 -0.032813 -0.039062
0 0.933594 0.373437 -0.042188 -0.031250
0 0.944531 0.400000 -0.042188 -0.028125
0 0.953906 0.428906 -0.032813 -0.023438
0 0.961719 0.445312 -0.032813 -0.025000
0 0.970313 0.468750 -0.034375 -0.025000
0 0.984375 0.501563 0.028125 0.040625
0 0.993750 0.462500 0.000000 0.000000
0 0.982031 0.404687 0.023438 0.040625
0 0.987500 0.447656 0.021875 0.042188
0 0.966406 0.362500 0.032813 0.037500
0 0.957812 0.326562 0.028125 0.031250
0 0.942187 0.296875 0.025000 0.031250
0 0.925781 0.263281 0.035937 0.035937
0 0.911719 0.228125 0.032813 0.043750
0 0.899219 0.192188 0.039062 0.040625
0 0.882031 0.150781 0.039062 0.042188
0 0.868750 0.110156 0.037500 0.039062
0 0.854688 0.083594 -0.034375 -0.032813
0 0.838281 0.055469 -0.032813 -0.026562
0 0.829688 0.031250 -0.031250 -0.028125
0 0.824219 0.013281 -0.029687 -0.023438
0 0.864062 0.020313 -0.028125 -0.031250
0 0.878906 0.049219 -0.029687 -0.029687
0 0.885156 0.077344 -0.026562 -0.029687
0 0.900000 0.105469 -0.025000 -0.032813
0 0.915625 0.140625 -0.037500 -0.046875
0 0.934375 0.180469 -0.031250 -0.048438
0 0.942969 0.214062 -0.032813 -0.028125
0 0.951562 0.246094 -0.043750 -0.045312
0 0.971094 0.291406 -0.032813 -0.045312
0 0.986719 0.337500 0.020313 0.053125
0 0.985938 0.204687 0.025000 0.043750
0 0.971875 0.168750 0.034375 0.034375
0 0.957031 0.133594 0.029687 0.035937
0 0.943750 0.098437 0.037500 0.040625
0 0.924219 0.059375 0.039062 0.043750
0 0.907813 0.017969 0.034375 0.032813
0 0.946875 0.015625 -0.040625 -0.028125
0 0.958594 0.042188 -0.039062 -0.037500
0 0.972656 0.067969 0.026562 0.032813
0 0.982031 0.105469 0.026562 0.076563
0 0.983594 0.017188 0.026562 0.025000
0 0.988281 0.042188 0.017188 0.025000
0 0.303125 0.469531 0.031250 0.026562
0 0.290625 0.441406 0.040625 0.026562
0 0.280469 0.409375 0.032813 0.037500
0 0.267188 0.375781 0.034375 0.032813
0 0.255469 0.346094 0.032813 0.026562
0 0.242188 0.315625 0.034375 0.031250
0 0.231250 0.283594 0.034375 0.029687
0 0.338281 0.464844 0.032813 0.045312
0 0.326562 0.428125 0.034375 0.028125
0 0.310937 0.396875 0.028125 0.025000
0 0.297656 0.364844 0.029687 0.032813
0 0.287500 0.327344 0.034375 0.029687
0 0.272656 0.299219 -0.048438 -0.023438
0 0.264844 0.271094 -0.035937 -0.029687
0 0.256250 0.239844 -0.031250 -0.035937
0 0.218750 0.250000 -0.034375 -0.028125
0 0.239063 0.209375 -0.031250 -0.031250
0 0.197656 0.220312 -0.039062 -0.025000
0 0.190625 0.201563 -0.034375 -0.028125
0 0.228906 0.179688 -0.029687 -0.028125
0 0.184375 0.171094 -0.031250 -0.026562
0 0.219531 0.150781 -0.029687 -0.029687
0 0.175781 0.144531 -0.035937 -0.023438
0 0.200000 0.116406 -0.037500 -0.035937
0 0.160156 0.114062 -0.035937 -0.037500
0 0.142969 0.082812 -0.032813 -0.028125
0 0.132031 0.053906 -0.035937 -0.032813
0 0.125000 0.020313 -0.046875 -0.040625
0 0.160156 0.014844 -0.039062 -0.029687
0 0.169531 0.042188 -0.032813 -0.031250
0 0.175781 0.062500 -0.035937 -0.021875
0 0.187500 0.085938 -0.037500 -0.034375
0 0.196094 0.011719 -0.035937 -0.023438
0 0.232813 0.014844 -0.034375 -0.029687
0 0.273438 0.016406 -0.037500 -0.032813
0 0.314844 0.008594 -0.039062 -0.014063
0 0.350000 0.006250 -0.031250 -0.009375
0 0.395313 0.008594 -0.050000 -0.017188
0 0.426563 0.000000 0.000000 0.000000
0 0.474219 0.005469 -0.032813 -0.007812
0 0.438281 0.007812 -0.023438 -0.015625
0 0.517969 0.007812 -0.035937 -0.012500
0 0.585938 0.013281 -0.028125 -0.023438
0 0.621094 0.009375 -0.026562 -0.012500
0 0.200781 0.025000 -0.023438 -0.018750
0 0.217188 0.052344 -0.034375 -0.032813
0 0.228906 0.080469 -0.029687 -0.023438
0 0.237500 0.103125 -0.028125 -0.025000
0 0.247656 0.132031 -0.035937 -0.023438
0 0.255469 0.158594 -0.032813 -0.032813
0 0.268750 0.186719 -0.034375 -0.032813
0 0.277344 0.212500 -0.032813 -0.034375
0 0.290625 0.238281 -0.040625 -0.029687
0 0.298438 0.267188 -0.037500 -0.034375
0 0.314844 0.301563 -0.035937 -0.028125
0 0.325781 0.331250 -0.035937 -0.031250
0 0.328906 0.360156 -0.026562 -0.023438
0 0.340625 0.385156 -0.034375 -0.017188
0 0.350781 0.408594 -0.035937 -0.026562
0 0.362500 0.435937 -0.040625 -0.028125
0 0.374219 0.464062 -0.032813 -0.028125
0 0.377344 0.489063 -0.032813 -0.025000
0 0.420312 0.488281 -0.031250 -0.029687
0 0.409375 0.460156 -0.031250 -0.023438
0 0.402344 0.429688 -0.032813 -0.031250
0 0.471875 0.489063 -0.037500 -0.025000
0 0.457031 0.464844 -0.035937 -0.023438
0 0.499219 0.475000 -0.026562 -0.031250
0 0.536719 0.469531 -0.026562 -0.026562
0 0.578125 0.459375 -0.018750 -0.025000
0 0.616406 0.467187 -0.023438 -0.025000
0 0.604688 0.446094 -0.025000 -0.029687
0 0.662500 0.469531 -0.031250 -0.029687
0 0.648438 0.450000 -0.043750 -0.025000
0 0.710938 0.459375 -0.056250 -0.031250
0 0.728906 0.467187 -0.029687 -0.031250
0 0.760156 0.469531 -0.026562 -0.026562
0 0.757031 0.448437 -0.035937 -0.037500
0 0.803906 0.450781 -0.032813 -0.026562
0 0.791406 0.417969 -0.032813 -0.032813
0 0.783594 0.385937 -0.032813 -0.031250
0 0.770312 0.357031 -0.034375 -0.026562
0 0.756250 0.319531 -0.037500 -0.039062
0 0.742188 0.285938 -0.031250 -0.037500
0 0.732031 0.255469 -0.032813 -0.035937
0 0.725000 0.235937 -0.031250 -0.028125
0 0.710156 0.208594 -0.029687 -0.039062
0 0.696094 0.181250 -0.035937 -0.028125
0 0.682813 0.153125 -0.037500 -0.040625
0 0.673438 0.121094 -0.037500 -0.032813
0 0.657031 0.098437 -0.042188 -0.040625
0 0.646875 0.075000 -0.043750 -0.034375
0 0.635156 0.051562 -0.029687 -0.025000
0 0.632031 0.027344 -0.039062 -0.032813
0 0.748437 0.411719 -0.034375 -0.026562
0 0.735938 0.379688 -0.034375 -0.028125
0 0.720313 0.346094 -0.031250 -0.035937
0 0.708594 0.314063 -0.032813 -0.034375
0 0.697656 0.282813 -0.032813 -0.031250
0 0.684375 0.250000 -0.037500 -0.034375
0 0.671094 0.215625 -0.032813 -0.031250
0 0.653906 0.181250 -0.032813 -0.028125
0 0.645312 0.144531 -0.031250 -0.029687
0 0.636719 0.116406 -0.020313 -0.020313
0 0.619531 0.094531 -0.026562 -0.020313
0 0.610938 0.068750 -0.031250 -0.028125
0 0.602344 0.039062 -0.032813 -0.028125
0 0.558594 0.015625 -0.029687 -0.025000
0 0.559375 0.035156 -0.025000 -0.023438
0 0.569531 0.057813 -0.026562 -0.034375
0 0.586719 0.084375 -0.023438 -0.037500
0 0.595313 0.110156 -0.028125 -0.026562
0 0.605469 0.141406 -0.026562 -0.048438
0 0.617969 0.170313 -0.026562 -0.018750
0 0.622656 0.192188 -0.026562 -0.031250
0 0.634375 0.215625 -0.021875 -0.031250
0 0.649219 0.246875 -0.029687 -0.046875
0 0.664062 0.286719 -0.031250 -0.042188
0 0.669531 0.321094 -0.023438 -0.035937
0 0.689844 0.350781 -0.029687 -0.032813
0 0.700781 0.388281 -0.042188 -0.042188
0 0.716406 0.417969 -0.032813 -0.029687
0 0.692187 0.432812 -0.034375 -0.025000
0 0.673438 0.403906 -0.037500 -0.035937
0 0.653125 0.366406 -0.028125 -0.035937
0 0.644531 0.331250 -0.032813 -0.018750
0 0.634375 0.300000 -0.034375 -0.043750
0 0.614844 0.264844 -0.029687 -0.045312
0 0.604688 0.227344 -0.021875 -0.032813
0 0.591406 0.192969 -0.035937 -0.035937
0 0.582031 0.168750 -0.023438 -0.028125
0 0.567187 0.133594 -0.043750 -0.035937
0 0.555469 0.098437 -0.032813 -0.031250
0 0.545312 0.067969 -0.028125 -0.035937
0 0.531250 0.050000 -0.018750 -0.037500
0 0.520312 0.021094 -0.028125 -0.020313
0 0.483594 0.028906 -0.032813 -0.035937
0 0.500000 0.058594 -0.037500 -0.029687
0 0.505469 0.083594 -0.032813 -0.026562
0 0.519531 0.108594 -0.035937 -0.032813
0 0.525781 0.131250 -0.023438 -0.012500
0 0.541406 0.155469 -0.032813 -0.035937
0 0.553125 0.182812 -0.031250 -0.028125
0 0.564844 0.214062 -0.039062 -0.034375
0 0.579688 0.250000 -0.028125 -0.040625
0 0.587500 0.281250 -0.025000 -0.018750
0 0.591406 0.302344 -0.029687 -0.032813
0 0.612500 0.339062 -0.034375 -0.040625
0 0.619531 0.375781 -0.029687 -0.039062
0 0.631250 0.396094 -0.031250 -0.032813
0 0.641406 0.423438 -0.029687 -0.034375
0 0.596875 0.412500 -0.034375 -0.031250
0 0.585156 0.375781 -0.029687 -0.029687
0 0.574219 0.351562 -0.032813 -0.040625
0 0.562500 0.314063 -0.034375 -0.037500
0 0.546094 0.276562 -0.035937 -0.040625
0 0.535937 0.239844 -0.031250 -0.042188
0 0.516406 0.203125 -0.032813 -0.040625
0 0.496875 0.167187 -0.040625 -0.040625
0 0.489844 0.127344 -0.039062 -0.042188
0 0.473438 0.079687 -0.028125 -0.053125
0 0.455469 0.043750 -0.035937 -0.053125
0 0.404687 0.028125 -0.046875 -0.034375
0 0.419531 0.057813 -0.039062 -0.037500
0 0.431250 0.078125 -0.037500 -0.034375
0 0.439844 0.102344 -0.035937 -0.029687
0 0.449219 0.121094 -0.032813 -0.042188
0 0.465625 0.166406 -0.031250 -0.032813
0 0.479687 0.205469 -0.037500 -0.045312
0 0.494531 0.242969 -0.032813 -0.032813
0 0.503906 0.268750 -0.035937 -0.031250
0 0.515625 0.297656 -0.034375 -0.032813
0 0.521094 0.323437 -0.035937 -0.034375
0 0.535156 0.346875 -0.039062 -0.031250
0 0.547656 0.375781 -0.035937 -0.029687
0 0.556250 0.406250 -0.031250 -0.034375
0 0.560937 0.431250 -0.034375 -0.028125
0 0.525000 0.438281 -0.037500 -0.035937
0 0.514844 0.407031 -0.026562 -0.023438
0 0.500781 0.371094 -0.026562 -0.039062
0 0.485938 0.340625 -0.028125 -0.028125
0 0.476562 0.312500 -0.021875 -0.021875
0 0.467969 0.277344 -0.032813 -0.035937
0 0.453906 0.242969 -0.039062 -0.035937
0 0.439063 0.207813 -0.031250 -0.037500
0 0.426563 0.169531 -0.040625 -0.039062
0 0.411719 0.135156 -0.032813 -0.023438
0 0.404687 0.117969 -0.034375 -0.023438
0 0.389844 0.082812 -0.045312 -0.043750
0 0.371094 0.045312 -0.032813 -0.031250
0 0.357031 0.021094 -0.035937 -0.026562
0 0.320312 0.020313 -0.028125 -0.028125
0 0.334375 0.042188 -0.031250 -0.028125
0 0.350781 0.068750 -0.029687 -0.028125
0 0.361719 0.100781 -0.042188 -0.035937
0 0.371094 0.135937 -0.042188 -0.031250
0 0.381250 0.164844 -0.037500 -0.023438
0 0.399219 0.189062 -0.035937 -0.028125
0 0.406250 0.217188 -0.034375 -0.021875
0 0.410938 0.238281 -0.034375 -0.026562
0 0.421094 0.273438 -0.039062 -0.043750
0 0.444531 0.305469 -0.045312 -0.032813
0 0.454688 0.335938 -0.031250 -0.034375
0 0.464844 0.372656 -0.042188 -0.045312
0 0.475781 0.410938 -0.039062 -0.046875
0 0.488281 0.442969 -0.032813 -0.023438
0 0.450000 0.446094 -0.034375 -0.014063
0 0.440625 0.425781 -0.028125 -0.023438
0 0.432031 0.403125 -0.032813 -0.025000
0 0.421094 0.366406 -0.035937 -0.042188
0 0.410938 0.329688 -0.034375 -0.034375
0 0.398438 0.298438 -0.031250 -0.031250
0 0.385937 0.272656 -0.037500 -0.032813
0 0.371875 0.239063 -0.034375 -0.043750
0 0.361719 0.201563 -0.035937 -0.037500
0 0.347656 0.163281 -0.042188 -0.026562
0 0.337500 0.132031 -0.034375 -0.029687
0 0.332813 0.096875 -0.012500 -0.037500
0 0.313281 0.099219 -0.039062 -0.026562
0 0.323437 0.066406 -0.018750 -0.023438
0 0.296875 0.069531 -0.031250 -0.032813
0 0.292969 0.042969 -0.032813 -0.029687
0 0.253125 0.049219 -0.037500 -0.032813
0 0.265625 0.087500 -0.031250 -0.037500
0 0.279687 0.121094 -0.034375 -0.029687
0 0.298438 0.149219 -0.037500 -0.035937
0 0.304688 0.175000 -0.034375 -0.025000
0 0.316406 0.199219 -0.039062 -0.032813
0 0.324219 0.235156 -0.035937 -0.032813
0 0.336719 0.263281 -0.032813 -0.026562
0 0.349219 0.293750 -0.045312 -0.034375
0 0.360938 0.325000 -0.037500 -0.034375
0 0.375000 0.351562 -0.040625 -0.034375
0 0.375781 0.371094 -0.039062 -0.035937
0 0.392188 0.401562 -0.043750 -0.031250
