0 0.029687 0.984375 0.034375 0.028125
0 0.023438 0.964844 0.031250 0.023438
0 0.017969 0.946094 -0.029687 -0.026562
0 0.016406 0.920312 -0.029687 -0.037500
0 0.007812 0.894531 -0.015625 -0.020313
0 0.069531 0.982812 0.042188 0.031250
0 0.061719 0.958594 0.042188 0.029687
0 0.045312 0.924219 0.046875 0.045312
0 0.031250 0.892969 0.034375 0.032813
0 0.017188 0.858594 -0.028125 -0.039062
0 0.017188 0.792188 -0.028125 -0.037500
0 0.012500 0.765625 -0.018750 -0.040625
0 0.004687 0.814063 0.000000 0.000000
0 0.031250 0.825000 0.034375 0.040625
0 0.008594 0.825781 -0.017188 -0.026562
0 0.051562 0.856250 -0.037500 -0.040625
0 0.068750 0.889062 -0.037500 -0.034375
0 0.080469 0.918750 -0.035937 -0.031250
0 0.089063 0.942969 0.040625 0.035937
0 0.103906 0.978125 0.035937 0.040625
0 0.144531 0.980469 0.045312 0.035937
0 0.132812 0.946875 -0.050000 -0.031250
0 0.118750 0.913281 -0.034375 -0.029687
0 0.104688 0.882031 -0.031250 -0.029687
0 0.089844 0.855469 -0.032813 -0.026562
0 0.078125 0.828906 -0.034375 -0.029687
0 0.059375 0.797656 -0.037500 -0.029687
0 0.042969 0.768750 -0.035937 -0.034375
0 0.028906 0.737500 -0.029687 -0.031250
0 0.013281 0.723437 -0.023438 -0.034375
0 0.019531 0.703125 -0.032813 -0.040625
0 0.014063 0.668750 -0.028125 -0.021875
0 0.012500 0.645312 -0.021875 -0.031250
0 0.014063 0.576562 -0.028125 -0.053125
0 0.025781 0.620313 -0.042188 -0.037500
0 0.043750 0.657031 -0.043750 -0.032813
0 0.054688 0.685937 -0.043750 -0.034375
0 0.064844 0.715625 -0.048438 -0.046875
0 0.083594 0.750781 -0.048438 -0.039062
0 0.091406 0.779687 -0.042188 -0.031250
0 0.102344 0.807031 -0.042188 -0.032813
0 0.119531 0.831250 -0.039062 -0.031250
0 0.132812 0.857812 -0.037500 -0.037500
0 0.150781 0.882031 -0.048438 -0.035937
0 0.162500 0.914844 -0.040625 -0.042188
0 0.178125 0.945312 -0.050000 -0.037500
0 0.189844 0.977344 0.035937 0.042188
0 0.224219 0.982031 0.026562 0.032813
0 0.222656 0.953906 -0.032813 -0.032813
0 0.208594 0.920312 -0.039062 -0.031250
0 0.193750 0.886719 -0.037500 -0.029687
0 0.186719 0.859375 -0.032813 -0.025000
0 0.167187 0.841406 -0.046875 -0.032813
0 0.141406 0.810156 -0.035937 -0.026562
0 0.134375 0.782031 -0.034375 -0.026562
0 0.127344 0.757031 -0.039062 -0.029687
0 0.120313 0.729688 -0.040625 -0.034375
0 0.107031 0.700781 -0.039062 -0.032813
0 0.090625 0.670312 -0.043750 -0.031250
0 0.076563 0.637500 -0.034375 -0.031250
0 0.062500 0.602344 -0.037500 -0.035937
0 0.040625 0.571875 -0.031250 -0.037500
0 0.026562 0.540625 -0.043750 -0.031250
0 0.012500 0.509375 -0.025000 -0.037500
0 0.005469 0.485156 -0.010937 -0.029687
0 0.013281 0.411719 -0.026562 -0.045312
0 0.023438 0.446094 0.037500 0.035937
0 0.032813 0.476562 0.046875 0.034375
0 0.049219 0.503906 0.042188 0.023438
0 0.062500 0.529687 0.037500 0.028125
0 0.072656 0.552344 0.045312 0.035937
0 0.085938 0.570312 0.046875 0.031250
0 0.102344 0.600000 0.039062 0.031250
0 0.113281 0.627344 0.042188 0.020313
0 0.121875 0.649219 0.043750 0.023438
0 0.136719 0.673438 0.042188 0.028125
0 0.150000 0.702344 0.034375 0.023438
0 0.157812 0.728125 0.034375 0.031250
0 0.171875 0.760938 0.040625 0.031250
0 0.182812 0.792969 0.037500 0.029687
0 0.192188 0.821875 0.040625 0.031250
0 0.213281 0.850000 0.032813 0.037500
0 0.226562 0.876563 0.034375 0.034375
0 0.232031 0.900781 0.032813 0.029687
0 0.245312 0.917969 0.037500 0.032813
0 0.250000 0.939844 0.040625 0.032813
0 0.260156 0.962500 0.039062 0.028125
0 0.248438 0.980469 0.018750 0.032813
0 0.277344 0.981250 0.042188 0.034375
0 0.319531 0.983594 0.023438 0.026562
0 0.304688 0.969531 0.034375 0.032813
0 0.290625 0.940625 0.046875 0.034375
0 0.280469 0.907813 0.035937 0.028125
0 0.269531 0.882031 0.042188 0.029687
0 0.254688 0.850781 0.040625 0.029687
0 0.239063 0.822656 0.037500 0.032813
0 0.226562 0.793750 0.046875 0.037500
0 0.210938 0.763281 0.043750 0.039062
0 0.197656 0.733594 0.051562 0.023438
0 0.189844 0.703906 0.042188 0.035937
0 0.172656 0.674219 0.032813 0.029687
0 0.163281 0.648438 0.035937 0.028125
0 0.147656 0.622656 0.045312 0.026562
0 0.135156 0.594531 0.045312 0.029687
0 0.127344 0.564844 0.045312 0.026562
0 0.105469 0.531250 0.032813 0.031250
0 0.093750 0.504687 -0.037500 -0.031250
0 0.076563 0.467969 -0.040625 -0.035937
0 0.078125 0.445312 -0.028125 -0.028125
0 0.051562 0.428906 -0.050000 -0.035937
0 0.046875 0.402344 -0.046875 -0.039062
0 0.031250 0.372656 -0.043750 -0.039062
0 0.004687 0.335938 0.000000 0.000000
0 0.014063 0.321875 -0.025000 -0.037500
0 0.019531 0.353125 -0.032813 -0.034375
0 0.014844 0.241406 -0.026562 -0.039062
0 0.017969 0.257031 -0.035937 -0.039062
0 0.029687 0.288281 -0.040625 -0.042188
0 0.045312 0.323437 0.040625 0.034375
0 0.062500 0.346094 0.037500 0.045312
0 0.083594 0.381250 0.039062 0.034375
0 0.096094 0.413281 0.035937 0.042188
0 0.105469 0.446094 0.039062 0.042188
0 0.117969 0.478906 0.042188 0.035937
0 0.134375 0.512500 0.043750 0.031250
0 0.146094 0.541406 0.039062 0.029687
0 0.164844 0.568750 0.035937 0.031250
0 0.175781 0.596094 0.026562 0.023438
0 0.189844 0.621875 0.029687 0.028125
0 0.198437 0.650000 0.034375 0.031250
0 0.210156 0.677344 0.032813 0.039062
0 0.218750 0.701562 0.031250 0.034375
0 0.232813 0.726562 0.018750 0.018750
0 0.252344 0.753125 0.032813 0.031250
0 0.264062 0.780469 0.037500 0.035937
0 0.274219 0.811719 0.042188 0.039062
0 0.294531 0.842969 0.035937 0.039062
0 0.307031 0.881250 0.032813 0.043750
0 0.319531 0.919531 0.039062 0.035937
0 0.334375 0.947656 0.034375 0.032813
0 0.348438 0.977344 0.037500 0.042188
0 0.390625 0.978125 0.037500 0.040625
0 0.378906 0.953906 -0.039062 -0.029687
0 0.369531 0.932813 -0.045312 -0.034375
0 0.353906 0.902344 -0.032813 -0.026562
0 0.343750 0.872656 -0.037500 -0.039062
0 0.321094 0.831250 -0.029687 -0.034375
0 0.309375 0.800781 -0.028125 -0.023438
0 0.289844 0.770312 -0.023438 -0.034375
0 0.275781 0.735938 -0.032813 -0.034375
0 0.257031 0.700781 -0.035937 -0.026562
0 0.249219 0.671875 -0.032813 -0.025000
0 0.233594 0.635938 -0.035937 -0.028125
0 0.222656 0.605469 0.039062 0.026562
0 0.210156 0.580469 -0.039062 -0.020313
0 0.199219 0.557813 -0.039062 -0.025000
0 0.188281 0.527344 -0.035937 -0.029687
0 0.176563 0.498437 -0.034375 -0.031250
0 0.156250 0.466406 -0.040625 -0.035937
0 0.148438 0.433594 -0.040625 -0.032813
0 0.131250 0.402344 -0.031250 -0.029687
0 0.121875 0.376563 -0.028125 -0.028125
0 0.097656 0.339844 -0.035937 -0.051562
0 0.078906 0.303906 -0.032813 -0.032813
0 0.063281 0.268750 -0.035937 -0.037500
0 0.048438 0.231250 -0.034375 -0.034375
0 0.025781 0.200781 -0.045312 -0.039062
0 0.017969 0.162500 -0.035937 -0.037500
0 0.010937 0.127344 -0.021875 -0.039062
0 0.024219 0.086719 -0.032813 -0.032813
0 0.012500 0.049219 -0.018750 -0.042188
0 0.005469 0.076563 -0.010937 -0.034375
0 0.039062 0.117969 0.040625 0.023438
0 0.051562 0.149219 0.037500 0.035937
0 0.062500 0.180469 0.037500 0.029687
0 0.074219 0.205469 0.035937 0.035937
0 0.088281 0.235156 0.039062 0.035937
0 0.104688 0.256250 0.037500 0.037500
0 0.114844 0.289062 0.035937 0.034375
0 0.130469 0.322656 0.032813 0.035937
0 0.144531 0.352344 0.032813 0.032813
0 0.166406 0.382031 -0.039062 -0.035937
0 0.168750 0.406250 0.040625 0.034375
0 0.182031 0.432812 0.032813 0.025000
0 0.195312 0.460938 0.031250 0.028125
0 0.206250 0.487500 0.028125 0.021875
0 0.214062 0.509375 0.040625 0.031250
0 0.228906 0.536719 0.032813 0.032813
0 0.243750 0.567187 0.034375 0.031250
0 0.253125 0.596094 0.034375 0.029687
0 0.259375 0.621094 0.031250 0.026562
0 0.272656 0.648438 0.029687 0.028125
0 0.281250 0.667188 0.025000 0.025000
0 0.290625 0.687500 0.028125 0.028125
0 0.297656 0.649219 0.020313 0.048438
0 0.309375 0.685156 0.025000 0.039062
0 0.303906 0.716406 0.035937 0.029687
0 0.314844 0.746875 0.039062 0.037500
0 0.327344 0.769531 0.045312 0.035937
0 0.342187 0.791406 0.040625 0.039062
0 0.357031 0.821094 0.035937 0.032813
0 0.367969 0.841406 0.039062 0.023438
0 0.378125 0.861719 0.034375 0.029687
0 0.389844 0.892188 0.039062 0.028125
0 0.399219 0.915625 0.045312 0.028125
0 0.414062 0.939844 0.043750 0.023438
0 0.426563 0.961719 0.040625 0.029687
0 0.436719 0.985938 0.035937 0.025000
0 0.478125 0.988281 0.037500 0.020313
0 0.471875 0.970313 0.034375 0.018750
0 0.469531 0.953125 0.029687 0.028125
0 0.450781 0.930469 0.035937 0.029687
0 0.446875 0.903906 0.037500 0.023438
0 0.426563 0.880469 0.037500 0.035937
0 0.414062 0.847656 0.037500 0.029687
0 0.400781 0.817187 0.035937 0.034375
0 0.388281 0.791406 0.029687 0.026562
0 0.375781 0.767188 -0.042188 -0.031250
0 0.361719 0.735938 -0.042188 -0.028125
0 0.359375 0.715625 -0.037500 -0.021875
0 0.348438 0.699219 -0.037500 -0.032813
0 0.333594 0.674219 -0.032813 -0.023438
0 0.322656 0.643750 -0.029687 -0.031250
0 0.304688 0.607812 -0.037500 -0.037500
0 0.288281 0.578125 0.032813 0.028125
0 0.271875 0.553125 0.034375 0.031250
0 0.262500 0.523438 0.034375 0.025000
0 0.251563 0.500000 0.031250 0.021875
0 0.245312 0.480469 0.028125 0.023438
0 0.230469 0.459375 0.035937 0.031250
0 0.216406 0.426563 0.042188 0.021875
0 0.208594 0.403125 0.039062 0.028125
0 0.201563 0.382031 0.028125 0.029687
0 0.182031 0.354687 0.032813 0.028125
0 0.171875 0.321094 0.034375 0.035937
0 0.153906 0.289062 0.035937 0.037500
0 0.135156 0.250781 0.032813 0.032813
0 0.125000 0.217969 0.034375 0.029687
0 0.107813 0.186719 0.031250 0.039062
0 0.093750 0.150781 0.031250 0.032813
0 0.079687 0.120313 0.037500 0.031250
0 0.064062 0.086719 0.037500 0.035937
0 0.049219 0.057813 -0.048438 -0.037500
0 0.033594 0.023438 -0.032813 -0.021875
0 0.014063 0.001563 0.000000 0.000000
0 0.072656 0.013281 -0.042188 -0.026562
0 0.030469 0.012500 -0.035937 -0.021875
0 0.080469 0.037500 -0.035937 -0.028125
0 0.095312 0.058594 -0.037500 -0.026562
0 0.106250 0.087500 0.043750 0.034375
0 0.120313 0.117969 0.037500 0.029687
0 0.125781 0.142969 0.035937 0.029687
0 0.137500 0.175000 0.043750 0.028125
0 0.149219 0.203125 0.039062 0.028125
0 0.166406 0.233594 0.035937 0.032813
0 0.179688 0.262500 0.040625 0.031250
0 0.193750 0.285156 0.034375 0.026562
0 0.210938 0.313281 0.034375 0.029687
0 0.210938 0.329688 0.046875 0.028125
0 0.222656 0.355469 0.035937 0.032813
0 0.237500 0.375781 0.037500 0.032813
0 0.250781 0.401562 0.042188 0.028125
0 0.258594 0.426563 0.035937 0.034375
0 0.273438 0.464062 0.040625 0.040625
0 0.284375 0.485156 0.046875 0.029687
0 0.299219 0.517969 0.048438 0.045312
0 0.314844 0.550781 0.042188 0.039062
0 0.331250 0.586719 0.043750 0.039062
0 0.346875 0.617969 0.046875 0.042188
0 0.357812 0.648438 0.037500 0.031250
0 0.375000 0.675781 0.037500 0.029687
0 0.389844 0.707812 0.039062 0.034375
0 0.402344 0.735156 0.039062 0.035937
0 0.417187 0.766406 0.040625 0.032813
0 0.425000 0.791406 0.034375 0.026562
0 0.438281 0.820312 0.035937 0.034375
0 0.454688 0.848437 0.034375 0.031250
0 0.470313 0.876563 0.037500 0.037500
0 0.485938 0.904687 0.040625 0.037500
0 0.496094 0.929688 0.039062 0.015625
0 0.504687 0.950781 0.043750 0.032813
0 0.515625 0.980469 0.040625 0.035937
0 0.552344 0.987500 0.023438 0.021875
0 0.559375 0.985156 0.031250 0.023438
0 0.557813 0.962500 0.034375 0.028125
0 0.586719 0.985938 0.020313 0.021875
0 0.543750 0.946094 0.043750 0.035937
0 0.527344 0.909375 0.029687 0.031250
0 0.516406 0.882031 0.026562 0.026562
0 0.496875 0.852344 0.031250 0.032813
0 0.486719 0.823438 0.029687 0.031250
0 0.471094 0.792188 0.029687 0.034375
0 0.456250 0.766406 0.028125 0.039062
0 0.442188 0.739844 0.031250 0.039062
0 0.424219 0.700781 0.032813 0.042188
0 0.400781 0.646875 0.035937 0.028125
0 0.413281 0.670312 0.035937 0.025000
0 0.390625 0.617188 0.031250 0.025000
0 0.375781 0.593750 0.029687 0.025000
0 0.365625 0.561719 0.043750 0.035937
0 0.350781 0.529687 0.039062 0.031250
0 0.337500 0.499219 0.037500 0.032813
0 0.325000 0.471875 0.037500 0.034375
0 0.306250 0.440625 0.037500 0.028125
0 0.295312 0.412500 0.037500 0.031250
0 0.288281 0.390625 0.032813 0.028125
0 0.275781 0.367969 0.029687 0.026562
0 0.263281 0.344531 0.039062 0.026562
0 0.254688 0.321875 0.031250 0.025000
0 0.245312 0.297656 0.034375 0.029687
0 0.232031 0.270313 0.032813 0.031250
0 0.216406 0.245312 0.029687 0.021875
0 0.205469 0.226562 0.029687 0.028125
0 0.192188 0.195312 0.034375 0.028125
0 0.175781 0.159375 0.042188 0.037500
0 0.163281 0.121875 0.032813 0.031250
0 0.151562 0.089844 -0.034375 -0.032813
0 0.139844 0.063281 -0.042188 -0.026562
0 0.123438 0.039062 -0.031250 -0.028125
0 0.098437 0.001563 0.000000 0.000000
0 0.158594 0.016406 -0.029687 -0.029687
0 0.116406 0.013281 -0.045312 -0.026562
0 0.164062 0.040625 0.031250 0.025000
0 0.176563 0.061719 0.028125 0.026562
0 0.182812 0.083594 -0.037500 -0.029687
0 0.195312 0.113281 -0.037500 -0.032813
0 0.208594 0.142969 -0.032813 -0.029687
0 0.217188 0.165625 -0.034375 -0.034375
0 0.235156 0.193750 -0.035937 -0.025000
0 0.242188 0.216406 -0.043750 -0.020313
0 0.252344 0.237500 -0.042188 -0.025000
0 0.269531 0.264062 -0.029687 -0.025000
0 0.275781 0.286719 -0.035937 -0.026562
0 0.289062 0.309375 -0.037500 -0.031250
0 0.303906 0.335938 -0.032813 -0.028125
0 0.315625 0.365625 -0.040625 -0.028125
0 0.328125 0.394531 0.034375 0.029687
0 0.336719 0.420312 0.035937 0.025000
0 0.350781 0.442188 0.039062 0.025000
0 0.362500 0.467187 0.034375 0.025000
0 0.373437 0.492188 0.028125 0.025000
0 0.383594 0.519531 0.035937 0.026562
0 0.397656 0.539062 0.032813 0.031250
0 0.411719 0.567969 0.035937 0.029687
0 0.416406 0.594531 0.039062 0.026562
0 0.428906 0.619531 0.032813 0.026562
0 0.441406 0.648438 0.032813 0.025000
0 0.456250 0.675000 0.034375 0.028125
0 0.466406 0.701562 0.042188 0.031250
0 0.479687 0.730469 0.043750 0.029687
0 0.492188 0.753125 0.037500 0.015625
0 0.497656 0.772656 0.045312 0.026562
0 0.515625 0.793750 -0.040625 -0.028125
0 0.525000 0.818750 -0.037500 -0.021875
0 0.532031 0.842187 0.035937 0.031250
0 0.546094 0.869531 0.039062 0.020313
0 0.557031 0.892188 0.035937 0.021875
0 0.568750 0.915625 0.040625 0.018750
0 0.582031 0.939063 0.032813 0.025000
0 0.594531 0.962500 0.032813 0.025000
0 0.609375 0.983594 0.037500 0.029687
0 0.640625 0.984375 0.040625 0.028125
0 0.632031 0.957812 0.035937 0.025000
0 0.621875 0.934375 0.037500 0.025000
0 0.609375 0.909375 0.034375 0.028125
0 0.593750 0.882031 0.040625 0.032813
0 0.606250 0.859375 0.018750 0.018750
0 0.578125 0.854688 0.037500 0.028125
0 0.571875 0.828125 0.028125 0.025000
0 0.560937 0.799219 0.037500 0.029687
0 0.547656 0.775781 0.032813 0.020313
0 0.532031 0.753125 0.032813 0.028125
0 0.525000 0.728906 0.034375 0.020313
0 0.513281 0.707812 0.039062 0.025000
0 0.500781 0.682031 0.039062 0.026562
0 0.485938 0.657813 0.037500 0.031250
0 0.471875 0.628906 0.028125 0.023438
0 0.459375 0.599219 0.034375 0.023438
0 0.450781 0.566406 0.032813 0.035937
0 0.434375 0.535937 0.037500 0.031250
0 0.421094 0.500781 0.032813 0.032813
0 0.400000 0.467187 0.040625 0.037500
0 0.390625 0.437500 0.028125 0.021875
0 0.381250 0.413281 0.037500 0.032813
0 0.360938 0.381250 0.031250 0.034375
0 0.351562 0.350000 0.034375 0.028125
0 0.337500 0.328125 0.040625 0.034375
0 0.326562 0.296094 0.037500 0.032813
0 0.311719 0.267969 0.039062 0.032813
0 0.297656 0.237500 0.026562 0.025000
0 0.283594 0.213281 0.026562 0.029687
0 0.271094 0.184375 0.035937 0.037500
0 0.253125 0.153906 0.031250 0.029687
0 0.238281 0.127344 0.032813 0.026562
0 0.228125 0.096094 0.034375 0.026562
0 0.219531 0.065625 0.032813 0.031250
0 0.204687 0.037500 0.034375 0.031250
0 0.192188 0.012500 0.031250 0.021875
0 0.232813 0.010937 -0.040625 -0.018750
0 0.242188 0.031250 -0.034375 -0.025000
0 0.252344 0.056250 -0.039062 -0.021875
0 0.261719 0.079687 -0.039062 -0.025000
0 0.269531 0.103125 -0.035937 -0.025000
0 0.277344 0.125000 -0.035937 -0.025000
0 0.294531 0.146875 -0.035937 -0.031250
0 0.307812 0.171094 -0.034375 -0.023438
0 0.317969 0.197656 -0.042188 -0.026562
0 0.330469 0.222656 -0.045312 -0.023438
0 0.344531 0.247656 -0.035937 -0.023438
0 0.354687 0.267969 -0.034375 -0.026562
0 0.364063 0.288281 -0.043750 -0.026562
0 0.379688 0.319531 -0.043750 -0.032813
0 0.394531 0.350781 -0.039062 -0.035937
0 0.407813 0.387500 -0.043750 -0.034375
0 0.421875 0.415625 -0.040625 -0.028125
0 0.431250 0.434375 -0.043750 -0.034375
0 0.446094 0.459375 -0.039062 -0.034375
0 0.456250 0.490625 -0.037500 -0.037500
0 0.471875 0.521875 -0.031250 -0.031250
0 0.481250 0.550781 -0.040625 -0.032813
0 0.493750 0.576562 -0.043750 -0.025000
0 0.500000 0.603125 -0.040625 -0.028125
0 0.509375 0.615625 -0.043750 -0.025000
0 0.518750 0.642969 0.043750 0.035937
0 0.539062 0.678906 0.037500 0.032813
0 0.553906 0.708594 0.039062 0.029687
0 0.560156 0.728906 0.035937 0.020313
0 0.570312 0.748437 0.043750 0.028125
0 0.585156 0.776563 0.035937 0.031250
0 0.597656 0.797656 0.035937 0.032813
0 0.612500 0.823438 0.037500 0.034375
0 0.627344 0.848437 0.032813 0.031250
0 0.637500 0.879687 0.037500 0.040625
0 0.647656 0.908594 0.042188 0.035937
0 0.663281 0.933594 0.029687 0.029687
0 0.671094 0.958594 0.035937 0.026562
0 0.683594 0.983594 0.048438 0.026562
0 0.273438 0.011719 0.034375 0.023438
0 0.283594 0.030469 0.029687 0.026562
0 0.293750 0.063281 0.037500 0.035937
0 0.303906 0.085156 0.029687 0.029687
0 0.314844 0.109375 0.039062 0.031250
0 0.328125 0.134375 0.031250 0.031250
0 0.339062 0.157812 0.034375 0.031250
0 0.349219 0.184375 0.035937 0.021875
0 0.364063 0.213281 0.037500 0.035937
0 0.379688 0.241406 0.028125 0.029687
0 0.388281 0.265625 0.029687 0.021875
0 0.400781 0.286719 0.026562 0.026562
0 0.414062 0.307812 0.021875 0.025000
0 0.425781 0.331250 0.023438 0.025000
0 0.435937 0.358594 0.034375 0.026562
0 0.443750 0.380469 0.028125 0.017188
0 0.457031 0.403125 0.035937 0.021875
0 0.470313 0.428906 0.025000 0.020313
0 0.477344 0.452344 0.026562 0.023438
0 0.488281 0.478125 0.029687 0.025000
0 0.498437 0.505469 0.028125 0.032813
0 0.510938 0.521875 0.028125 0.034375
0 0.517969 0.546875 0.026562 0.031250
0 0.531250 0.566406 0.031250 0.020313
0 0.536719 0.587500 0.029687 0.028125
0 0.550000 0.614062 0.025000 0.025000
0 0.560156 0.642969 0.032813 0.029687
0 0.575000 0.666406 0.034375 0.026562
0 0.582812 0.685156 0.037500 0.020313
0 0.596094 0.708594 0.032813 0.035937
0 0.606250 0.732031 0.037500 0.032813
0 0.620313 0.757812 0.040625 0.031250
0 0.628906 0.782031 0.035937 0.029687
0 0.643750 0.808594 0.034375 0.029687
0 0.658594 0.837500 0.035937 0.034375
0 0.672656 0.858594 0.035937 0.020313
0 0.681250 0.882031 0.034375 0.023438
0 0.689844 0.906250 0.042188 0.031250
0 0.704688 0.933594 0.040625 0.023438
0 0.715625 0.956250 0.034375 0.021875
0 0.733594 0.983594 0.039062 0.029687
0 0.770312 0.985938 0.034375 0.025000
0 0.758594 0.958594 0.035937 0.023438
0 0.771875 0.960156 0.012500 0.017188
0 0.748437 0.933594 0.034375 0.026562
0 0.732031 0.903125 0.039062 0.031250
0 0.723437 0.878125 0.040625 0.031250
0 0.710938 0.858594 0.031250 0.026562
0 0.698438 0.832031 0.034375 0.032813
0 0.684375 0.803125 0.037500 0.034375
0 0.666406 0.764062 0.035937 0.037500
0 0.650000 0.728906 0.031250 0.029687
0 0.638281 0.703125 0.032813 0.028125
0 0.623437 0.673438 0.034375 0.031250
0 0.605469 0.642969 0.039062 0.032813
0 0.587500 0.603906 0.043750 0.039062
0 0.575000 0.569531 0.037500 0.042188
0 0.557813 0.536719 0.040625 0.032813
0 0.541406 0.504687 0.039062 0.031250
0 0.528125 0.475781 0.031250 0.026562
0 0.514844 0.449219 0.035937 0.029687
0 0.506250 0.423438 0.034375 0.031250
0 0.489844 0.395313 0.029687 0.031250
0 0.477344 0.366406 0.039062 0.032813
0 0.463281 0.338281 0.020313 0.020313
0 0.456250 0.324219 0.025000 0.029687
0 0.442969 0.301563 0.029687 0.025000
0 0.432812 0.278906 0.031250 0.026562
0 0.421094 0.253906 0.032813 0.032813
0 0.410938 0.226562 0.031250 0.031250
0 0.402344 0.200781 0.032813 0.032813
0 0.386719 0.177344 0.032813 0.023438
0 0.376563 0.152344 0.031250 0.023438
0 0.367188 0.128125 0.037500 0.028125
0 0.351562 0.098437 0.040625 0.028125
0 0.339062 0.075781 -0.037500 -0.026562
0 0.332813 0.053125 -0.034375 -0.021875
0 0.334375 0.040625 -0.031250 -0.018750
0 0.320312 0.027344 -0.037500 -0.026562
0 0.315625 0.013281 -0.037500 -0.023438
0 0.357031 0.012500 -0.032813 -0.021875
0 0.365625 0.035937 -0.034375 -0.031250
0 0.374219 0.060156 -0.039062 -0.020313
0 0.382031 0.078906 -0.032813 -0.026562
0 0.392188 0.100781 -0.037500 -0.026562
0 0.403906 0.121094 -0.032813 -0.026562
0 0.414062 0.150000 -0.037500 -0.034375
0 0.424219 0.175781 -0.035937 -0.029687
0 0.440625 0.200000 -0.037500 -0.025000
0 0.452344 0.229687 -0.035937 -0.034375
0 0.465625 0.256250 -0.040625 -0.025000
0 0.474219 0.280469 -0.039062 -0.029687
0 0.487500 0.303906 -0.034375 -0.023438
0 0.501563 0.323437 -0.037500 -0.021875
0 0.523438 0.378906 -0.034375 -0.023438
0 0.513281 0.352344 -0.032813 -0.026562
0 0.526563 0.395313 0.031250 0.028125
0 0.538281 0.416406 0.029687 0.029687
0 0.548438 0.442188 0.043750 0.025000
0 0.557813 0.467187 0.040625 0.028125
0 0.576562 0.495312 0.031250 0.025000
0 0.589063 0.518750 0.031250 0.028125
0 0.599219 0.545312 0.026562 0.031250
0 0.615625 0.568750 0.031250 0.025000
0 0.628125 0.592969 0.028125 0.035937
0 0.639844 0.621094 0.039062 0.029687
0 0.650000 0.650781 0.034375 0.026562
0 0.659375 0.674219 0.037500 0.023438
0 0.675781 0.699219 0.039062 0.026562
0 0.689063 0.726562 0.037500 0.025000
0 0.701562 0.753906 0.031250 0.020313
0 0.713281 0.775781 0.039062 0.026562
0 0.725000 0.802344 0.040625 0.026562
0 0.735156 0.827344 0.032813 0.032813
0 0.746875 0.848437 0.034375 0.021875
0 0.758594 0.868750 0.032813 0.028125
0 0.764844 0.891406 0.032813 0.026562
0 0.776563 0.908594 0.034375 0.035937
0 0.781250 0.930469 0.037500 0.029687
0 0.791406 0.951562 0.026562 0.018750
0 0.802344 0.969531 0.029687 0.020313
0 0.812500 0.985156 0.034375 0.026562
0 0.789844 0.989062 0.017188 0.015625
0 0.851562 0.985156 0.025000 0.026562
0 0.840625 0.965625 0.031250 0.025000
0 0.831250 0.946094 0.034375 0.026562
0 0.824219 0.928125 0.032813 0.018750
0 0.814844 0.904687 0.042188 0.025000
0 0.800781 0.878125 0.039062 0.025000
0 0.796875 0.857812 0.037500 0.025000
0 0.782031 0.838281 0.035937 0.023438
0 0.776563 0.825000 0.037500 0.025000
0 0.764844 0.803125 0.032813 0.018750
0 0.754687 0.782031 0.034375 0.017188
0 0.752344 0.764844 0.032813 0.020313
0 0.735156 0.736719 0.045312 0.032813
0 0.725000 0.710938 0.037500 0.034375
0 0.711719 0.683594 0.032813 0.032813
0 0.699219 0.660937 0.035937 0.028125
0 0.692969 0.641406 0.039062 0.026562
0 0.681250 0.614844 0.034375 0.026562
0 0.666406 0.586719 0.042188 0.029687
0 0.653125 0.560156 0.040625 0.032813
0 0.644531 0.539062 0.039062 0.028125
0 0.631250 0.520312 0.028125 0.021875
0 0.625000 0.497656 0.034375 0.026562
0 0.610156 0.470313 0.042188 0.028125
0 0.599219 0.443750 0.039062 0.021875
0 0.588281 0.421094 0.042188 0.020313
0 0.575781 0.400781 0.032813 0.020313
0 0.561719 0.373437 0.035937 0.028125
0 0.547656 0.342187 -0.035937 -0.031250
0 0.538281 0.321875 -0.042188 -0.028125
0 0.525000 0.292969 -0.043750 -0.023438
0 0.514062 0.267969 -0.043750 -0.032813
0 0.501563 0.241406 -0.031250 -0.029687
0 0.485156 0.220312 -0.039062 -0.031250
0 0.474219 0.191406 -0.029687 -0.032813
0 0.457813 0.161719 -0.040625 -0.026562
0 0.449219 0.132812 -0.035937 -0.031250
0 0.435937 0.103906 -0.028125 -0.023438
0 0.424219 0.080469 -0.029687 -0.026562
0 0.410156 0.056250 -0.035937 -0.028125
0 0.404687 0.035937 -0.031250 -0.025000
0 0.395313 0.013281 -0.037500 -0.023438
0 0.435156 0.009375 -0.039062 -0.018750
0 0.443750 0.024219 -0.037500 -0.026562
0 0.448437 0.043750 -0.034375 -0.021875
0 0.459375 0.060937 -0.037500 -0.021875
0 0.464844 0.085156 -0.048438 -0.029687
0 0.479687 0.106250 -0.034375 -0.028125
0 0.485938 0.132031 0.031250 0.026562
0 0.500000 0.155469 0.034375 0.029687
0 0.511719 0.185156 0.035937 0.026562
0 0.519531 0.207813 0.035937 0.021875
0 0.534375 0.229687 0.037500 0.018750
0 0.545312 0.250781 0.034375 0.017188
0 0.555469 0.275000 0.035937 0.025000
0 0.561719 0.298438 0.023438 0.015625
0 0.575000 0.317188 0.028125 0.031250
0 0.586719 0.343750 0.039062 0.028125
0 0.600781 0.375781 0.035937 0.035937
0 0.617969 0.407813 0.045312 0.025000
0 0.634375 0.436719 0.034375 0.023438
0 0.649219 0.466406 0.029687 0.023438
0 0.664062 0.497656 0.031250 0.029687
0 0.677344 0.526563 0.035937 0.031250
0 0.692187 0.557813 0.031250 0.028125
0 0.707031 0.587500 0.032813 0.025000
0 0.722656 0.616406 0.039062 0.029687
0 0.736719 0.647656 0.032813 0.023438
0 0.748437 0.671875 0.034375 0.018750
0 0.758594 0.694531 0.029687 0.020313
0 0.766406 0.715625 0.029687 0.021875
0 0.778906 0.740625 0.032813 0.028125
0 0.789844 0.767188 0.029687 0.025000
0 0.798438 0.790625 0.037500 0.021875
0 0.807813 0.815625 0.037500 0.025000
0 0.829688 0.839063 0.040625 0.025000
0 0.836719 0.865625 0.032813 0.028125
0 0.853906 0.895312 0.035937 0.028125
0 0.859375 0.918750 0.040625 0.034375
0 0.875781 0.951562 0.039062 0.031250
0 0.875781 0.982812 0.014063 0.031250
0 0.824219 0.791406 -0.001563 0.001563
0 0.895312 0.979688 0.021875 0.034375
0 0.914062 0.986719 0.018750 0.023438
0 0.937500 0.984375 0.031250 0.028125
0 0.924219 0.958594 0.032813 0.029687
0 0.908594 0.932813 0.032813 0.028125
0 0.903906 0.908594 0.039062 0.020313
0 0.889844 0.883594 0.035937 0.035937
0 0.875781 0.856250 0.035937 0.028125
0 0.862500 0.827344 0.034375 0.029687
0 0.853125 0.803125 0.025000 0.028125
0 0.836719 0.816406 -0.020313 -0.020313
0 0.841406 0.785937 -0.035937 -0.028125
0 0.827344 0.757031 -0.042188 -0.026562
0 0.821094 0.735156 -0.042188 -0.020313
0 0.812500 0.717187 -0.046875 -0.025000
0 0.796875 0.692969 -0.050000 -0.032813
0 0.782813 0.660937 -0.037500 -0.028125
0 0.767969 0.634375 -0.035937 -0.031250
0 0.760938 0.610156 -0.034375 -0.029687
0 0.750000 0.585156 -0.040625 -0.032813
0 0.732031 0.563281 -0.035937 -0.023438
0 0.719531 0.538281 -0.048438 -0.023438
0 0.708594 0.510938 -0.045312 -0.028125
0 0.694531 0.486719 -0.042188 -0.029687
0 0.682813 0.462500 -0.046875 -0.025000
0 0.677344 0.439063 -0.039062 -0.031250
0 0.666406 0.412500 -0.039062 -0.031250
0 0.655469 0.385156 -0.042188 -0.026562
0 0.639844 0.365625 -0.035937 -0.028125
0 0.627344 0.342187 -0.042188 -0.031250
0 0.617969 0.308594 -0.042188 -0.035937
0 0.597656 0.280469 -0.045312 -0.029687
0 0.587500 0.258594 -0.050000 -0.020313
0 0.576562 0.231250 -0.037500 -0.034375
0 0.568750 0.210156 -0.034375 -0.026562
0 0.553125 0.190625 -0.050000 -0.021875
0 0.539844 0.171094 -0.045312 -0.026562
0 0.538281 0.146094 -0.042188 -0.026562
0 0.521875 0.125781 -0.043750 -0.026562
0 0.511719 0.097656 -0.042188 -0.032813
0 0.500000 0.068750 -0.034375 -0.028125
0 0.485156 0.039062 -0.029687 -0.031250
0 0.476562 0.015625 -0.028125 -0.028125
0 0.512500 0.013281 -0.037500 -0.023438
0 0.517969 0.029687 -0.035937 -0.021875
0 0.529687 0.055469 -0.037500 -0.032813
0 0.545312 0.081250 -0.034375 -0.028125
0 0.557813 0.107031 0.034375 0.032813
0 0.569531 0.135937 0.032813 0.021875
0 0.581250 0.161719 0.037500 0.023438
0 0.597656 0.190625 0.039062 0.031250
0 0.615625 0.221094 0.040625 0.026562
0 0.626563 0.247656 0.040625 0.026562
0 0.642969 0.273438 0.032813 0.021875
0 0.657031 0.296875 0.042188 0.028125
0 0.666406 0.321875 0.035937 0.028125
0 0.677344 0.347656 0.039062 0.023438
0 0.690625 0.369531 0.037500 0.023438
0 0.700000 0.392188 0.034375 0.021875
0 0.714063 0.417969 0.037500 0.023438
0 0.724219 0.443750 0.042188 0.025000
0 0.730469 0.467187 0.042188 0.021875
0 0.743750 0.492969 0.046875 0.026562
0 0.758594 0.523438 0.042188 0.028125
0 0.772656 0.556250 0.045312 0.028125
0 0.789844 0.592187 0.032813 0.034375
0 0.805469 0.626563 0.042188 0.025000
0 0.823438 0.656250 0.037500 0.034375
0 0.841406 0.686719 0.032813 0.023438
0 0.853125 0.720313 0.031250 0.031250
0 0.864062 0.751563 0.031250 0.028125
0 0.878125 0.782031 0.037500 0.026562
0 0.890625 0.810156 0.040625 0.023438
0 0.904687 0.839063 0.037500 0.031250
0 0.918750 0.878125 0.034375 0.043750
0 0.946875 0.921094 0.040625 0.048438
0 0.945312 0.889062 -0.025000 -0.018750
0 0.964063 0.959375 0.037500 0.037500
0 0.979688 0.985938 0.034375 0.025000
0 0.998437 0.971875 0.000000 0.000000
0 0.973437 0.903906 0.031250 0.039062
0 0.959375 0.867188 0.037500 0.034375
0 0.939844 0.833594 0.039062 0.035937
0 0.927344 0.803125 0.029687 0.028125
0 0.918750 0.779687 0.034375 0.028125
0 0.903906 0.754687 0.035937 0.028125
0 0.892188 0.723437 0.037500 0.034375
0 0.873437 0.685937 0.040625 0.040625
0 0.858594 0.645312 0.029687 0.037500
0 0.841406 0.611719 0.029687 0.035937
0 0.831250 0.578125 0.046875 0.034375
0 0.817969 0.546875 0.039062 0.028125
0 0.799219 0.517969 0.042188 0.029687
0 0.789844 0.492188 0.042188 0.025000
0 0.773438 0.461719 0.040625 0.032813
0 0.760938 0.430469 0.046875 0.026562
0 0.749219 0.405469 0.032813 0.026562
0 0.735938 0.378125 0.037500 0.031250
0 0.726562 0.353906 0.028125 0.023438
0 0.713281 0.331250 0.039062 0.040625
0 0.696875 0.296094 0.037500 0.035937
0 0.682031 0.271094 0.023438 0.014063
0 0.667188 0.246094 0.037500 0.035937
0 0.670312 0.224219 0.015625 0.017188
0 0.650781 0.214062 0.032813 0.037500
0 0.636719 0.182031 0.032813 0.026562
0 0.620313 0.160938 0.034375 0.031250
0 0.612500 0.139063 0.037500 0.025000
0 0.603125 0.116406 0.040625 0.029687
0 0.589844 0.090625 0.042188 0.031250
0 0.578906 0.059375 0.039062 0.025000
0 0.562500 0.035937 -0.037500 -0.025000
0 0.554688 0.014063 -0.046875 -0.028125
0 0.599219 0.015625 -0.039062 -0.028125
0 0.608594 0.035937 -0.023438 -0.015625
0 0.617188 0.059375 -0.040625 -0.028125
0 0.628906 0.086719 -0.032813 -0.026562
0 0.645312 0.112500 -0.034375 -0.034375
0 0.662500 0.139844 -0.040625 -0.032813
0 0.675000 0.173437 -0.037500 -0.034375
0 0.687500 0.204687 -0.043750 -0.021875
0 0.698438 0.228125 -0.037500 -0.028125
0 0.715625 0.251563 -0.037500 -0.028125
0 0.721875 0.277344 -0.034375 -0.035937
0 0.731250 0.297656 -0.037500 -0.029687
0 0.744531 0.321875 -0.029687 -0.021875
0 0.755469 0.345313 -0.032813 -0.025000
0 0.765625 0.361719 -0.025000 -0.017188
0 0.771875 0.379688 -0.031250 -0.028125
0 0.784375 0.401562 -0.028125 -0.021875
0 0.793750 0.424219 -0.028125 -0.023438
0 0.806250 0.450781 -0.034375 -0.029687
0 0.820312 0.475000 -0.031250 -0.021875
0 0.830469 0.503125 0.035937 0.034375
0 0.843750 0.528906 0.031250 0.029687
0 0.855469 0.555469 0.029687 0.023438
0 0.868750 0.578906 0.031250 0.026562
0 0.857812 0.600000 -0.015625 -0.012500
0 0.876563 0.603906 0.037500 0.032813
0 0.889062 0.634375 0.034375 0.028125
0 0.898438 0.653906 0.034375 0.029687
0 0.911719 0.679688 0.029687 0.025000
0 0.921094 0.703906 0.029687 0.026562
0 0.930469 0.728906 0.035937 0.029687
0 0.946875 0.760938 0.037500 0.028125
0 0.957812 0.790625 0.034375 0.025000
0 0.971875 0.815625 0.037500 0.021875
0 0.979688 0.842187 0.028125 0.025000
0 0.990625 0.874219 0.015625 0.026562
0 0.994531 0.788281 0.007812 0.057813
0 0.983594 0.765625 0.026562 0.037500
0 0.975781 0.731250 0.035937 0.028125
0 0.964844 0.702344 0.035937 0.029687
0 0.953906 0.678906 0.035937 0.035937
0 0.942187 0.647656 0.040625 0.035937
0 0.996875 0.712500 0.000000 0.000000
0 0.983594 0.649219 0.029687 0.042188
0 0.987500 0.690625 0.021875 0.053125
0 0.967969 0.617969 0.023438 0.039062
0 0.992188 0.601562 0.012500 0.056250
0 0.926562 0.616406 0.043750 0.035937
0 0.914062 0.587500 0.040625 0.037500
0 0.894531 0.552344 0.039062 0.042188
0 0.883594 0.522656 0.039062 0.032813
0 0.870313 0.492969 0.040625 0.045312
0 0.851562 0.460156 0.043750 0.039062
0 0.842969 0.432812 0.035937 0.018750
0 0.959375 0.594531 0.025000 0.026562
0 0.946094 0.571875 0.032813 0.037500
0 0.935937 0.543750 0.034375 0.031250
0 0.916406 0.513281 0.032813 0.035937
0 0.906250 0.486719 0.021875 0.026562
0 0.896875 0.461719 0.031250 0.029687
0 0.881250 0.439844 0.031250 0.032813
0 0.869531 0.407813 0.026562 0.028125
0 0.833594 0.416406 0.032813 0.017188
0 0.821094 0.400781 0.032813 0.023438
0 0.808594 0.374219 0.039062 0.026562
0 0.793750 0.341406 0.031250 0.039062
0 0.782031 0.317969 0.039062 0.035937
0 0.768750 0.289844 0.037500 0.032813
0 0.762500 0.260937 0.034375 0.025000
0 0.746875 0.239844 0.028125 0.020313
0 0.739062 0.219531 0.028125 0.023438
0 0.728125 0.193750 0.031250 0.031250
0 0.710156 0.165625 -0.042188 -0.031250
0 0.699219 0.135937 -0.042188 -0.037500
0 0.681250 0.103125 -0.046875 -0.034375
0 0.656250 0.047656 -0.043750 -0.026562
0 0.664062 0.071875 0.050000 0.031250
0 0.688281 0.021094 -0.035937 -0.032813
0 0.643750 0.020313 -0.040625 -0.034375
0 0.700781 0.053906 -0.039062 -0.032813
0 0.718750 0.084375 -0.021875 -0.021875
0 0.731250 0.121875 -0.043750 -0.050000
0 0.744531 0.161719 0.032813 0.042188
0 0.775000 0.221875 0.043750 0.028125
0 0.768750 0.197656 -0.037500 -0.035937
0 0.795312 0.256250 0.028125 0.028125
0 0.806250 0.283594 0.031250 0.029687
0 0.823438 0.316406 0.037500 0.032813
0 0.834375 0.344531 0.037500 0.029687
0 0.846094 0.371094 0.035937 0.026562
0 0.847656 0.396094 0.023438 0.026562
0 0.970313 0.567969 0.012500 0.026562
0 0.985938 0.561719 0.021875 0.029687
0 0.971875 0.536719 0.034375 0.035937
0 0.958594 0.510156 0.048438 0.032813
0 0.947656 0.484375 0.029687 0.031250
0 0.928906 0.460938 0.045312 0.037500
0 0.916406 0.425000 0.035937 0.031250
0 0.903906 0.402344 -0.035937 -0.026562
0 0.889062 0.377344 -0.043750 -0.026562
0 0.877344 0.353125 -0.035937 -0.021875
0 0.869531 0.335938 -0.039062 -0.021875
0 0.860156 0.311719 -0.032813 -0.026562
0 0.846094 0.289062 -0.035937 -0.025000
0 0.835938 0.260937 -0.043750 -0.037500
0 0.826562 0.235937 -0.040625 -0.025000
0 0.809375 0.212500 -0.050000 -0.028125
0 0.802344 0.192969 -0.039062 -0.026562
0 0.789062 0.168750 -0.050000 -0.028125
0 0.778906 0.146094 -0.042188 -0.039062
0 0.767969 0.118750 -0.035937 -0.025000
0 0.756250 0.088281 -0.031250 -0.035937
0 0.742969 0.064844 -0.035937 -0.029687
0 0.732031 0.042969 -0.035937 -0.026562
0 0.724219 0.023438 -0.026562 -0.031250
0 0.764062 0.014063 -0.040625 -0.021875
0 0.775000 0.041406 -0.034375 -0.026562
0 0.789844 0.075781 -0.051562 -0.042188
0 0.798438 0.105469 -0.040625 -0.035937
0 0.817187 0.135937 -0.037500 -0.034375
0 0.829688 0.164844 -0.028125 -0.035937
0 0.840625 0.186719 -0.037500 -0.032813
0 0.855469 0.210156 -0.035937 -0.032813
0 0.867969 0.240625 -0.032813 -0.034375
0 0.886719 0.276562 -0.039062 -0.034375
0 0.902344 0.316406 -0.048438 -0.035937
0 0.917188 0.353906 -0.037500 -0.026562
0 0.935937 0.384375 -0.028125 -0.031250
0 0.967969 0.450781 -0.029687 -0.032813
0 0.979688 0.482812 0.034375 0.025000
0 0.998437 0.537500 0.000000 0.000000
0 0.992188 0.442969 0.009375 0.039062
0 0.994531 0.511719 0.007812 0.039062
0 0.996875 0.425000 0.000000 0.000000
0 0.967187 0.364844 0.040625 0.045312
0 0.978125 0.391406 0.037500 0.054688
0 0.954688 0.332031 0.034375 0.054688
0 0.935937 0.292187 0.037500 0.043750
0 0.923438 0.263281 0.028125 0.042188
0 0.910156 0.231250 0.032813 0.043750
0 0.887500 0.189844 0.040625 0.048438
0 0.870313 0.153125 0.043750 0.037500
0 0.836719 0.087500 0.042188 0.043750
0 0.847656 0.123438 -0.051562 -0.046875
0 0.807813 0.018750 -0.034375 -0.028125
0 0.821875 0.047656 -0.034375 -0.045312
0 0.864062 0.023438 -0.043750 -0.043750
0 0.869531 0.050781 -0.039062 -0.023438
0 0.882812 0.083594 -0.050000 -0.039062
0 0.915625 0.123438 0.000000 0.012500
0 0.898438 0.117969 -0.037500 -0.035937
0 0.934375 0.189844 -0.040625 -0.032813
0 0.951562 0.223438 -0.040625 -0.031250
0 0.913281 0.147656 0.032813 0.045312
0 0.958594 0.260937 0.035937 0.043750
0 0.977344 0.298438 0.017188 0.050000
0 0.992969 0.326562 0.010937 0.068750
0 0.990625 0.253906 0.015625 0.051562
0 0.982031 0.209375 0.029687 0.037500
0 0.970313 0.182812 0.031250 0.028125
0 0.960156 0.151562 0.029687 0.040625
0 0.926562 0.076563 0.040625 0.040625
0 0.939844 0.110156 -0.042188 -0.039062
0 0.909375 0.035937 -0.037500 -0.034375
0 0.899219 0.017188 -0.032813 -0.031250
0 0.940625 0.017969 -0.040625 -0.035937
0 0.950000 0.060156 -0.050000 -0.051562
0 0.978125 0.089063 0.034375 0.050000
0 0.988281 0.147656 0.017188 0.045312
0 0.978125 0.021094 0.034375 0.042188
