0 0.082812 0.962500 0.000000 0.000000
0 0.010937 0.972656 -0.018750 -0.029687
0 0.030469 0.986719 0.026562 0.023438
0 0.032031 0.969531 0.029687 0.017188
0 0.025000 0.958594 0.040625 0.023438
0 0.014063 0.932031 -0.021875 -0.042188
0 0.011719 0.901563 -0.017188 -0.034375
0 0.065625 0.985938 0.040625 0.025000
0 0.060937 0.965625 0.025000 0.025000
0 0.050781 0.940625 0.032813 0.025000
0 0.046875 0.920312 0.034375 0.025000
0 0.040625 0.893750 -0.037500 -0.021875
0 0.040625 0.871875 -0.028125 -0.025000
0 0.012500 0.863281 -0.015625 -0.042188
0 0.028906 0.844531 -0.051562 -0.029687
0 0.025000 0.823438 -0.046875 -0.028125
0 0.021875 0.802344 -0.040625 -0.035937
0 0.017969 0.778125 -0.029687 -0.040625
0 0.012500 0.746875 -0.025000 -0.031250
0 0.006250 0.721875 -0.012500 -0.031250
0 0.068750 0.931250 0.000000 0.000000
0 0.110156 0.978906 0.060937 0.035937
0 0.082031 0.949219 -0.026562 -0.039062
0 0.102344 0.941406 0.051562 0.039062
0 0.074219 0.916406 -0.026562 -0.020313
0 0.086719 0.900781 -0.060937 -0.032813
0 0.080469 0.870313 -0.054688 -0.025000
0 0.073438 0.845313 -0.043750 -0.034375
0 0.063281 0.817969 -0.035937 -0.032813
0 0.051562 0.790625 -0.037500 -0.034375
0 0.036719 0.728906 -0.045312 -0.042188
0 0.024219 0.690625 -0.045312 -0.050000
0 0.018750 0.653906 -0.031250 -0.039062
0 0.014063 0.622656 -0.028125 -0.042188
0 0.049219 0.763281 -0.039062 -0.042188
0 0.149219 0.977344 0.039062 0.039062
0 0.144531 0.933594 -0.045312 -0.054688
0 0.132031 0.902344 -0.026562 -0.023438
0 0.123438 0.862500 -0.040625 -0.040625
0 0.112500 0.829688 -0.046875 -0.043750
0 0.100781 0.792188 -0.054688 -0.034375
0 0.079687 0.752344 0.040625 0.039062
0 0.071094 0.714063 0.039062 0.034375
0 0.058594 0.678906 0.042188 0.029687
0 0.048438 0.650000 0.037500 0.028125
0 0.042969 0.623437 -0.035937 -0.040625
0 0.025000 0.567187 -0.037500 -0.034375
0 0.020313 0.539844 -0.034375 -0.035937
0 0.007812 0.513281 -0.015625 -0.032813
0 0.031250 0.592187 -0.034375 -0.025000
0 0.187500 0.981250 0.037500 0.034375
0 0.185938 0.944531 -0.043750 -0.045312
0 0.167969 0.900781 0.042188 0.054688
0 0.152344 0.859375 0.029687 0.025000
0 0.147656 0.830469 0.026562 0.023438
0 0.170313 0.852344 0.025000 0.042188
0 0.139063 0.803125 0.031250 0.028125
0 0.117188 0.742188 0.040625 0.034375
0 0.127344 0.773438 0.045312 0.031250
0 0.108594 0.713281 0.035937 0.035937
0 0.096875 0.678125 0.040625 0.034375
0 0.084375 0.642969 0.037500 0.035937
0 0.063281 0.567969 -0.045312 -0.045312
0 0.078125 0.610938 -0.043750 -0.040625
0 0.050000 0.531250 -0.037500 -0.037500
0 0.033594 0.500000 -0.039062 -0.037500
0 0.023438 0.467969 -0.037500 -0.039062
0 0.014844 0.437500 -0.026562 -0.037500
0 0.006250 0.403906 -0.012500 -0.048438
0 0.007031 0.290625 -0.010937 -0.034375
0 0.014844 0.327344 -0.029687 -0.042188
0 0.023438 0.357031 -0.046875 -0.026562
0 0.030469 0.383594 -0.045312 -0.032813
0 0.046094 0.413281 -0.054688 -0.042188
0 0.060937 0.447656 -0.050000 -0.039062
0 0.070312 0.482812 0.046875 0.031250
0 0.080469 0.518750 0.048438 0.034375
0 0.094531 0.553125 0.042188 0.031250
0 0.107031 0.579688 0.042188 0.021875
0 0.118750 0.612500 0.040625 0.034375
0 0.129688 0.646094 0.043750 0.035937
0 0.140625 0.684375 0.046875 0.037500
0 0.152344 0.719531 0.045312 0.029687
0 0.164844 0.753906 0.045312 0.039062
0 0.171094 0.789062 0.048438 0.037500
0 0.187500 0.830469 0.050000 0.039062
0 0.200000 0.864844 0.053125 0.032813
0 0.210938 0.893750 0.056250 0.031250
0 0.219531 0.934375 0.045312 0.040625
0 0.221875 0.977344 0.040625 0.042188
0 0.253125 0.932813 0.000000 0.000000
0 0.251563 0.979688 0.021875 0.034375
0 0.252344 0.947656 -0.017188 -0.035937
0 0.278906 0.980469 0.035937 0.035937
0 0.271094 0.942969 0.029687 0.039062
0 0.263281 0.904687 0.039062 0.037500
0 0.246094 0.867188 0.042188 0.034375
0 0.217969 0.789062 0.042188 0.034375
0 0.236719 0.829688 0.042188 0.037500
0 0.206250 0.752344 0.046875 0.035937
0 0.194531 0.713281 0.042188 0.039062
0 0.175000 0.646094 0.043750 0.032813
0 0.186719 0.679688 0.045312 0.031250
0 0.158594 0.610156 0.042188 0.039062
0 0.148438 0.570312 0.040625 0.034375
0 0.135937 0.542188 0.040625 0.021875
0 0.136719 0.525000 -0.026562 -0.021875
0 0.116406 0.493750 0.045312 0.037500
0 0.104688 0.460938 0.043750 0.031250
0 0.090625 0.424219 0.046875 0.042188
0 0.077344 0.388281 0.039062 0.029687
0 0.063281 0.353906 0.042188 0.039062
0 0.047656 0.318750 0.035937 0.031250
0 0.035156 0.288281 0.039062 0.029687
0 0.019531 0.252344 -0.035937 -0.042188
0 0.018750 0.218750 -0.034375 -0.046875
0 0.006250 0.189062 -0.012500 -0.040625
0 0.016406 0.113281 -0.029687 -0.045312
0 0.023438 0.149219 -0.040625 -0.029687
0 0.017188 0.020313 -0.031250 -0.040625
0 0.020313 0.053125 -0.037500 -0.031250
0 0.028125 0.080469 -0.043750 -0.026562
0 0.045312 0.106250 -0.034375 -0.031250
0 0.055469 0.138281 -0.035937 -0.035937
0 0.067969 0.168750 -0.042188 -0.034375
0 0.035156 0.182031 0.039062 0.035937
0 0.051562 0.214062 0.040625 0.040625
0 0.064062 0.251563 0.056250 0.040625
0 0.090625 0.326562 0.046875 0.043750
0 0.079687 0.286719 0.050000 0.029687
0 0.105469 0.363281 0.045312 0.026562
0 0.115625 0.391406 0.040625 0.026562
0 0.133594 0.421094 0.042188 0.029687
0 0.142969 0.452344 0.051562 0.032813
0 0.159375 0.486719 0.050000 0.035937
0 0.171875 0.525000 0.046875 0.028125
0 0.182812 0.556250 0.050000 0.031250
0 0.197656 0.588281 0.039062 0.029687
0 0.212500 0.621875 0.046875 0.034375
0 0.217188 0.650781 0.040625 0.039062
0 0.225781 0.682813 0.045312 0.040625
0 0.078125 0.202344 0.034375 0.029687
0 0.092969 0.233594 0.029687 0.032813
0 0.104688 0.261719 0.043750 0.032813
0 0.118750 0.292969 0.031250 0.032813
0 0.129688 0.328906 0.031250 0.039062
0 0.150000 0.367969 0.040625 0.039062
0 0.158594 0.402344 0.051562 0.035937
0 0.177344 0.433594 0.039062 0.032813
0 0.188281 0.464844 0.035937 0.029687
0 0.200000 0.495312 0.040625 0.037500
0 0.208594 0.514844 0.045312 0.035937
0 0.221094 0.550000 0.035937 0.031250
0 0.231250 0.585156 0.040625 0.039062
0 0.045312 0.010937 -0.025000 -0.021875
0 0.055469 0.039844 -0.039062 -0.032813
0 0.067969 0.074219 0.045312 0.032813
0 0.077344 0.103125 0.039062 0.034375
0 0.090625 0.134375 0.043750 0.031250
0 0.120313 0.200000 0.046875 0.031250
0 0.107031 0.167187 0.035937 0.031250
0 0.135156 0.235937 0.045312 0.028125
0 0.147656 0.269531 0.045312 0.039062
0 0.173437 0.342187 0.056250 0.034375
0 0.195312 0.378125 0.050000 0.037500
0 0.162500 0.307031 0.053125 0.032813
0 0.210938 0.413281 0.050000 0.029687
0 0.220312 0.444531 0.043750 0.029687
0 0.234375 0.476562 0.046875 0.034375
0 0.250000 0.512500 0.053125 0.034375
0 0.260937 0.548438 0.053125 0.034375
0 0.275000 0.584375 0.046875 0.034375
0 0.079687 0.011719 -0.043750 -0.023438
0 0.086719 0.034375 0.042188 0.028125
0 0.104688 0.064844 0.040625 0.026562
0 0.119531 0.097656 0.042188 0.035937
0 0.132031 0.139063 0.035937 0.040625
0 0.146875 0.173437 0.043750 0.031250
0 0.160938 0.205469 0.037500 0.032813
0 0.178906 0.237500 0.045312 0.031250
0 0.196094 0.276562 0.045312 0.040625
0 0.211719 0.319531 0.042188 0.039062
0 0.225781 0.355469 0.048438 0.032813
0 0.243750 0.389062 0.043750 0.034375
0 0.257031 0.427344 0.035937 0.035937
0 0.268750 0.462500 0.040625 0.031250
0 0.282031 0.494531 0.054688 0.032813
0 0.311719 0.563281 0.042188 0.026562
0 0.302344 0.531250 0.042188 0.037500
0 0.320312 0.590625 0.046875 0.034375
0 0.125000 0.014844 -0.040625 -0.029687
0 0.135156 0.045312 0.045312 0.037500
0 0.157812 0.085938 0.040625 0.037500
0 0.165625 0.121094 0.043750 0.032813
0 0.182031 0.158594 0.045312 0.035937
0 0.195312 0.191406 0.050000 0.032813
0 0.210156 0.224219 0.048438 0.029687
0 0.228125 0.258594 0.043750 0.035937
0 0.250781 0.297656 0.045312 0.032813
0 0.264062 0.333594 0.046875 0.032813
0 0.278125 0.369531 0.043750 0.035937
0 0.293750 0.410156 0.043750 0.035937
0 0.318750 0.484375 0.050000 0.028125
0 0.308594 0.452344 0.042188 0.042188
0 0.331250 0.513281 0.043750 0.032813
0 0.345313 0.542969 0.034375 0.026562
0 0.359375 0.573438 0.050000 0.031250
0 0.167187 0.017188 -0.037500 -0.034375
0 0.182812 0.050781 0.028125 0.032813
0 0.192188 0.078125 0.028125 0.025000
0 0.221875 0.136719 0.046875 0.032813
0 0.205469 0.108594 -0.042188 -0.035937
0 0.228906 0.170313 -0.048438 -0.037500
0 0.248438 0.210156 0.043750 0.039062
0 0.263281 0.243750 0.042188 0.037500
0 0.282031 0.280469 0.048438 0.032813
0 0.297656 0.310156 0.039062 0.035937
0 0.310156 0.345313 0.032813 0.034375
0 0.339844 0.417187 0.042188 0.031250
0 0.330469 0.382812 -0.042188 -0.037500
0 0.353906 0.450781 0.035937 0.032813
0 0.365625 0.483594 0.037500 0.029687
0 0.376563 0.521875 0.037500 0.034375
0 0.212500 0.017969 -0.046875 -0.035937
0 0.219531 0.051562 0.032813 0.031250
0 0.233594 0.081250 0.048438 0.028125
0 0.253125 0.108594 0.040625 0.026562
0 0.261719 0.135156 0.042188 0.032813
0 0.272656 0.170313 0.039062 0.034375
0 0.308594 0.241406 0.045312 0.029687
0 0.296875 0.205469 -0.043750 -0.035937
0 0.319531 0.275000 0.042188 0.034375
0 0.343750 0.309375 0.040625 0.034375
0 0.351562 0.341406 0.046875 0.029687
0 0.363281 0.377344 0.032813 0.029687
0 0.378125 0.408594 0.031250 0.035937
0 0.385937 0.443750 0.043750 0.028125
0 0.403906 0.475781 0.042188 0.032813
0 0.414062 0.510156 0.040625 0.029687
0 0.425781 0.543750 0.032813 0.034375
0 0.250781 0.014844 -0.042188 -0.026562
0 0.270313 0.070312 0.043750 0.028125
0 0.261719 0.044531 -0.048438 -0.032813
0 0.281250 0.094531 0.043750 0.026562
0 0.307812 0.153125 0.040625 0.034375
0 0.321875 0.183594 0.043750 0.026562
0 0.301563 0.121094 -0.037500 -0.032813
0 0.342187 0.212500 0.031250 0.028125
0 0.349219 0.242969 0.035937 0.039062
0 0.364063 0.282813 0.037500 0.043750
0 0.389062 0.328125 0.034375 0.040625
0 0.400781 0.364844 0.039062 0.029687
0 0.406250 0.397656 0.040625 0.035937
0 0.437500 0.469531 0.028125 0.029687
0 0.426563 0.439063 -0.040625 -0.046875
0 0.450000 0.500781 0.037500 0.032813
0 0.440625 0.571094 -0.018750 -0.014063
0 0.456250 0.527344 0.034375 0.023438
0 0.468750 0.561719 0.034375 0.042188
0 0.390625 0.553906 -0.046875 -0.023438
0 0.402344 0.579688 -0.051562 -0.028125
0 0.289844 0.016406 -0.039062 -0.032813
0 0.305469 0.045312 -0.042188 -0.034375
0 0.311719 0.071875 -0.039062 -0.028125
0 0.323437 0.102344 0.037500 0.032813
0 0.339844 0.135937 0.045312 0.037500
0 0.356250 0.171875 0.050000 0.028125
0 0.368750 0.203906 0.037500 0.032813
0 0.382812 0.236719 0.040625 0.032813
0 0.395313 0.270313 0.037500 0.031250
0 0.431250 0.348438 0.043750 0.037500
0 0.417969 0.307031 -0.051562 -0.042188
0 0.442188 0.386719 0.040625 0.039062
0 0.457813 0.426563 0.046875 0.043750
0 0.481250 0.460156 0.056250 0.020313
0 0.487500 0.492188 0.037500 0.025000
0 0.335156 0.015625 -0.039062 -0.028125
0 0.347656 0.046875 0.032813 0.034375
0 0.355469 0.079687 0.042188 0.031250
0 0.365625 0.108594 0.046875 0.029687
0 0.382812 0.139844 0.037500 0.032813
0 0.400000 0.173437 0.040625 0.034375
0 0.414062 0.211719 0.046875 0.032813
0 0.426563 0.249219 0.043750 0.032813
0 0.446094 0.280469 0.032813 0.020313
0 0.461719 0.307031 0.032813 0.035937
0 0.475781 0.345313 0.042188 0.031250
0 0.490625 0.380469 0.053125 0.039062
0 0.502344 0.415625 0.045312 0.031250
0 0.513281 0.444531 0.035937 0.026562
0 0.529687 0.475781 -0.040625 -0.042188
0 0.536719 0.508594 0.039062 0.032813
0 0.495312 0.511719 -0.043750 -0.023438
0 0.356250 0.007812 0.000000 0.000000
0 0.357812 0.003125 0.000000 0.000000
0 0.373437 0.040625 0.021875 0.031250
0 0.370312 0.015625 -0.025000 -0.028125
0 0.386719 0.067969 0.029687 0.029687
0 0.397656 0.093750 0.032813 0.028125
0 0.416406 0.125781 0.051562 0.032813
0 0.434375 0.158594 0.046875 0.026562
0 0.449219 0.185938 0.051562 0.031250
0 0.463281 0.219531 0.048438 0.029687
0 0.471875 0.246094 0.059375 0.032813
0 0.488281 0.278906 0.054688 0.029687
0 0.515625 0.344531 0.040625 0.029687
0 0.509375 0.313281 -0.056250 -0.039062
0 0.529687 0.384375 0.046875 0.050000
0 0.551562 0.435156 0.043750 0.048438
0 0.578125 0.525781 0.046875 0.045312
0 0.574219 0.486719 -0.042188 -0.051562
0 0.401562 0.016406 -0.037500 -0.032813
0 0.426563 0.068750 0.050000 0.021875
0 0.414844 0.044531 -0.048438 -0.026562
0 0.421875 0.001563 0.000000 0.000000
0 0.442188 0.095312 0.050000 0.037500
0 0.425781 0.019531 -0.014063 -0.035937
0 0.459375 0.129688 0.050000 0.034375
0 0.475000 0.160938 0.040625 0.031250
0 0.490625 0.189844 0.031250 0.032813
0 0.506250 0.227344 0.043750 0.042188
0 0.523438 0.267188 0.043750 0.034375
0 0.536719 0.306250 0.045312 0.034375
0 0.558594 0.342187 0.042188 0.037500
0 0.574219 0.380469 0.045312 0.039062
0 0.579688 0.410156 0.046875 0.026562
0 0.593750 0.437500 0.037500 0.034375
0 0.609375 0.472656 0.037500 0.029687
0 0.634375 0.548438 0.037500 0.031250
0 0.625781 0.510938 -0.048438 -0.043750
0 0.453125 0.014844 -0.037500 -0.029687
0 0.462500 0.037500 0.043750 0.031250
0 0.468750 0.061719 0.043750 0.026562
0 0.498437 0.116406 0.034375 0.020313
0 0.485938 0.093750 -0.034375 -0.034375
0 0.515625 0.166406 0.050000 0.042188
0 0.505469 0.135156 -0.032813 -0.023438
0 0.532031 0.200000 0.039062 0.031250
0 0.546875 0.233594 0.037500 0.035937
0 0.562500 0.266406 0.037500 0.035937
0 0.576562 0.303906 0.037500 0.032813
0 0.594531 0.336719 0.032813 0.029687
0 0.606250 0.369531 0.031250 0.029687
0 0.617969 0.400000 0.039062 0.025000
0 0.630469 0.433594 0.048438 0.032813
0 0.643750 0.470313 0.050000 0.037500
0 0.658594 0.503125 0.042188 0.028125
0 0.675781 0.539844 0.042188 0.035937
0 0.720313 0.530469 -0.018750 -0.023438
0 0.699219 0.481250 -0.035937 -0.025000
0 0.706250 0.511719 -0.034375 -0.035937
0 0.680469 0.453906 0.035937 0.029687
0 0.666406 0.421875 0.032813 0.028125
0 0.652344 0.389844 0.035937 0.032813
0 0.630469 0.326562 0.042188 0.031250
0 0.640625 0.355469 -0.040625 -0.029687
0 0.617188 0.296875 -0.046875 -0.034375
0 0.588281 0.233594 -0.045312 -0.032813
0 0.600781 0.265625 0.045312 0.037500
0 0.577344 0.208594 -0.029687 -0.010937
0 0.558594 0.160938 0.039062 0.034375
0 0.571875 0.192969 0.034375 0.020313
0 0.542969 0.131250 0.035937 0.025000
0 0.532813 0.105469 0.034375 0.023438
0 0.521875 0.078125 0.037500 0.034375
0 0.510156 0.055469 0.039062 0.026562
0 0.503125 0.027344 -0.040625 -0.023438
0 0.495312 0.013281 -0.043750 -0.026562
0 0.535937 0.010937 -0.040625 -0.018750
0 0.545312 0.035156 0.037500 0.026562
0 0.550781 0.057813 0.042188 0.028125
0 0.563281 0.086719 0.039062 0.026562
0 0.575781 0.111719 0.045312 0.023438
0 0.603906 0.166406 0.039062 0.029687
0 0.592187 0.140625 -0.043750 -0.037500
0 0.612500 0.198437 0.043750 0.034375
0 0.628125 0.235156 0.043750 0.035937
0 0.645312 0.269531 0.040625 0.023438
0 0.661719 0.300781 0.042188 0.032813
0 0.655469 0.302344 -0.051562 -0.032813
0 0.680469 0.366406 0.039062 0.032813
0 0.695312 0.402344 0.040625 0.032813
0 0.708594 0.432031 0.039062 0.026562
0 0.733594 0.485156 0.048438 0.029687
0 0.724219 0.461719 0.039062 0.026562
0 0.742969 0.507812 0.035937 0.028125
0 0.582812 0.017969 -0.043750 -0.035937
0 0.602344 0.083594 0.035937 0.035937
0 0.590625 0.050000 0.040625 0.031250
0 0.635156 0.155469 0.054688 0.035937
0 0.625000 0.120313 0.037500 0.031250
0 0.666406 0.232813 0.045312 0.031250
0 0.654687 0.196875 0.046875 0.040625
0 0.684375 0.265625 0.040625 0.034375
0 0.699219 0.303906 0.035937 0.032813
0 0.668750 0.333594 0.040625 0.032813
0 0.710938 0.339844 0.037500 0.032813
0 0.722656 0.375000 0.045312 0.031250
0 0.753906 0.447656 0.039062 0.023438
0 0.741406 0.412500 0.042188 0.037500
0 0.767969 0.480469 0.039062 0.029687
0 0.784375 0.513281 0.040625 0.035937
0 0.760938 0.529687 -0.031250 -0.018750
0 0.625000 0.018750 -0.034375 -0.034375
0 0.630469 0.050000 -0.035937 -0.028125
0 0.645312 0.076563 0.043750 0.028125
0 0.655469 0.106250 0.048438 0.034375
0 0.666406 0.132031 0.045312 0.020313
0 0.681250 0.157812 0.043750 0.025000
0 0.687500 0.185156 0.031250 0.026562
0 0.700000 0.213281 0.043750 0.035937
0 0.717187 0.248438 0.040625 0.034375
0 0.733594 0.282813 0.039062 0.034375
0 0.743750 0.315625 0.040625 0.031250
0 0.771875 0.376563 0.043750 0.031250
0 0.761719 0.347656 0.045312 0.039062
0 0.788281 0.410938 0.051562 0.031250
0 0.813281 0.481250 0.042188 0.034375
0 0.794531 0.446094 0.042188 0.029687
0 0.833594 0.514062 0.039062 0.025000
0 0.660156 0.016406 -0.045312 -0.032813
0 0.665625 0.043750 0.037500 0.034375
0 0.685156 0.076563 0.029687 0.028125
0 0.700781 0.107031 0.032813 0.029687
0 0.710156 0.134375 0.039062 0.034375
0 0.726562 0.166406 0.037500 0.029687
0 0.733594 0.198437 0.039062 0.028125
0 0.751563 0.231250 0.040625 0.028125
0 0.760938 0.263281 0.040625 0.032813
0 0.781250 0.298438 0.037500 0.028125
0 0.799219 0.331250 0.048438 0.031250
0 0.812500 0.360938 0.040625 0.025000
0 0.820312 0.385937 0.043750 0.028125
0 0.833594 0.417969 0.039062 0.032813
0 0.852344 0.478906 0.039062 0.032813
0 0.844531 0.449219 0.042188 0.032813
0 0.872656 0.503906 0.032813 0.023438
0 0.704688 0.018750 -0.037500 -0.031250
0 0.710938 0.050000 0.046875 0.028125
0 0.728125 0.082031 0.050000 0.026562
0 0.745313 0.114062 0.043750 0.031250
0 0.759375 0.143750 0.037500 0.025000
0 0.769531 0.177344 0.048438 0.039062
0 0.799219 0.239844 0.045312 0.029687
0 0.785156 0.210156 0.042188 0.023438
0 0.810937 0.275000 0.050000 0.037500
0 0.830469 0.314063 0.045312 0.034375
0 0.842187 0.342187 0.031250 0.021875
0 0.855469 0.369531 0.035937 0.029687
0 0.866406 0.401562 0.042188 0.031250
0 0.892969 0.465625 0.039062 0.028125
0 0.885938 0.433594 0.040625 0.026562
0 0.900781 0.492188 0.035937 0.025000
0 0.743750 0.010937 -0.037500 -0.018750
0 0.750781 0.034375 0.045312 0.031250
0 0.762500 0.060156 0.043750 0.023438
0 0.778125 0.088281 0.043750 0.029687
0 0.803906 0.152344 0.045312 0.035937
0 0.792969 0.115625 -0.042188 -0.028125
0 0.813281 0.191406 0.039062 0.039062
0 0.830469 0.230469 0.054688 0.035937
0 0.850781 0.267188 0.045312 0.034375
0 0.861719 0.301563 0.045312 0.031250
0 0.872656 0.334375 0.039062 0.037500
0 0.895312 0.368750 0.037500 0.034375
0 0.908594 0.403125 0.035937 0.034375
0 0.923438 0.437500 0.037500 0.031250
0 0.937500 0.459375 0.025000 0.021875
0 0.952344 0.484375 0.026562 0.021875
0 0.785937 0.015625 -0.031250 -0.028125
0 0.794531 0.042188 0.032813 0.037500
0 0.807813 0.075000 0.034375 0.025000
0 0.822656 0.106250 0.042188 0.037500
0 0.847656 0.171875 0.042188 0.040625
0 0.838281 0.139063 0.035937 0.028125
0 0.859375 0.206250 0.037500 0.037500
0 0.886719 0.267188 0.039062 0.031250
0 0.903906 0.303906 0.032813 0.039062
0 0.880469 0.242969 0.029687 0.032813
0 0.912500 0.341406 0.037500 0.035937
0 0.930469 0.374219 0.032813 0.032813
0 0.944531 0.405469 0.039062 0.039062
0 0.957031 0.435156 0.029687 0.029687
0 0.984375 0.492969 0.025000 0.029687
0 0.965625 0.462500 -0.031250 -0.025000
0 0.824219 0.017969 -0.042188 -0.035937
0 0.834375 0.046875 0.043750 0.040625
0 0.842969 0.058594 -0.035937 -0.017188
0 0.860938 0.114844 0.046875 0.032813
0 0.852344 0.083594 0.045312 0.032813
0 0.882031 0.151562 0.042188 0.040625
0 0.907813 0.225000 0.037500 0.031250
0 0.899219 0.192188 -0.048438 -0.040625
0 0.924219 0.257031 0.035937 0.032813
0 0.937500 0.297656 0.050000 0.048438
0 0.957812 0.340625 0.037500 0.031250
0 0.971094 0.375000 0.039062 0.031250
0 0.984375 0.404687 0.025000 0.034375
0 0.988281 0.439844 0.020313 0.029687
0 0.988281 0.464844 0.010937 0.026562
0 0.865625 0.016406 -0.040625 -0.032813
0 0.875000 0.045312 0.046875 0.034375
0 0.895312 0.082031 0.040625 0.035937
0 0.906250 0.116406 0.040625 0.032813
0 0.922656 0.150000 0.042188 0.031250
0 0.942969 0.185156 0.045312 0.039062
0 0.951562 0.220312 0.046875 0.034375
0 0.967969 0.248438 0.039062 0.031250
0 0.975781 0.282813 0.026562 0.037500
0 0.989062 0.298438 0.018750 0.034375
0 0.989062 0.338281 0.018750 0.045312
0 0.890625 0.001563 0.000000 0.000000
0 0.921094 0.046094 0.039062 0.035937
0 0.910156 0.017969 -0.039062 -0.032813
0 0.938281 0.078906 0.039062 0.039062
0 0.945312 0.098437 0.040625 0.043750
0 0.958594 0.129688 0.035937 0.037500
0 0.981250 0.185156 0.034375 0.045312
0 0.993750 0.235937 0.000000 0.000000
0 0.991406 0.257812 0.010937 0.037500
0 0.985156 0.218750 0.023438 0.040625
0 0.943750 0.015625 -0.040625 -0.025000
0 0.961719 0.040625 0.032813 0.034375
0 0.975000 0.071875 0.037500 0.028125
0 0.981250 0.099219 0.031250 0.029687
0 0.988281 0.136719 0.017188 0.045312
0 0.981250 0.012500 0.028125 -0.025000
0 0.988281 0.039062 0.017188 0.043750
0 0.235937 0.710938 0.040625 0.028125
0 0.242188 0.739062 0.040625 0.028125
0 0.260156 0.792969 0.045312 0.029687
0 0.271875 0.825000 0.040625 0.031250
0 0.260156 0.763281 -0.039062 -0.026562
0 0.284375 0.857031 0.040625 0.032813
0 0.305469 0.919531 0.039062 0.035937
0 0.291406 0.888281 0.042188 0.035937
0 0.321094 0.982812 0.045312 0.031250
0 0.311719 0.950781 -0.039062 -0.039062
0 0.257812 0.657031 0.037500 0.032813
0 0.253125 0.622656 0.034375 0.035937
0 0.266406 0.692187 0.035937 0.040625
0 0.282031 0.730469 0.032813 0.032813
0 0.300000 0.766406 0.031250 0.032813
0 0.306250 0.800781 0.050000 0.035937
0 0.317969 0.823438 0.048438 0.034375
0 0.325781 0.857812 0.048438 0.034375
0 0.351562 0.924219 0.046875 0.026562
0 0.340625 0.893750 -0.043750 -0.037500
0 0.372656 0.985156 0.045312 0.026562
0 0.360938 0.951562 -0.046875 -0.043750
0 0.289062 0.617969 0.040625 0.032813
0 0.299219 0.655469 0.045312 0.035937
0 0.323437 0.721094 0.050000 0.029687
0 0.317969 0.692187 -0.048438 -0.034375
0 0.335938 0.753125 0.043750 0.040625
0 0.351562 0.796094 0.046875 0.032813
0 0.367188 0.835156 0.040625 0.035937
0 0.376563 0.867969 0.046875 0.032813
0 0.385937 0.902344 0.040625 0.032813
0 0.396875 0.932813 0.031250 0.025000
0 0.413281 0.985156 0.029687 0.026562
0 0.409375 0.955469 -0.034375 -0.029687
0 0.417187 0.906250 0.000000 0.000000
0 0.450000 0.980469 0.037500 0.035937
0 0.438281 0.946875 0.032813 0.025000
0 0.419531 0.878906 0.039062 0.035937
0 0.432031 0.916406 0.042188 0.039062
0 0.406250 0.841406 -0.043750 -0.032813
0 0.379688 0.766406 -0.034375 -0.026562
0 0.392969 0.800781 -0.045312 -0.035937
0 0.371094 0.740625 -0.020313 -0.018750
0 0.360156 0.685156 -0.042188 -0.029687
0 0.367969 0.714844 0.032813 0.026562
0 0.346875 0.653906 0.043750 0.026562
0 0.335156 0.625000 -0.042188 -0.031250
0 0.364063 0.602344 -0.034375 -0.029687
0 0.374219 0.632812 0.039062 0.031250
0 0.385937 0.664844 0.034375 0.032813
0 0.402344 0.700000 0.042188 0.031250
0 0.412500 0.732812 0.043750 0.037500
0 0.421094 0.769531 0.035937 0.026562
0 0.439844 0.796875 0.039062 0.025000
0 0.448437 0.825781 0.040625 0.035937
0 0.457813 0.860156 0.040625 0.026562
0 0.467187 0.889062 0.037500 0.034375
0 0.471094 0.925000 0.039062 0.031250
0 0.477344 0.954688 0.039062 0.028125
0 0.492969 0.985156 0.039062 0.026562
0 0.407813 0.606250 0.040625 0.018750
0 0.417187 0.632812 0.050000 0.031250
0 0.422656 0.663281 0.048438 0.029687
0 0.437500 0.694531 0.031250 0.026562
0 0.460938 0.746875 0.046875 0.018750
0 0.450781 0.725000 0.032813 0.028125
0 0.466406 0.775000 0.045312 0.034375
0 0.489063 0.801562 0.021875 0.015625
0 0.491406 0.832031 -0.039062 -0.039062
0 0.502344 0.864844 0.039062 0.026562
0 0.509375 0.893750 0.040625 0.031250
0 0.524219 0.953125 0.045312 0.031250
0 0.517969 0.924219 -0.045312 -0.032813
0 0.537500 0.984375 0.043750 0.028125
0 0.574219 0.981250 0.039062 0.031250
0 0.568750 0.955469 -0.034375 -0.026562
0 0.449219 0.600000 0.039062 0.037500
0 0.456250 0.628906 0.037500 0.023438
0 0.476562 0.685937 0.046875 0.028125
0 0.471875 0.657813 -0.050000 -0.034375
0 0.486719 0.717187 0.035937 0.034375
0 0.503125 0.747656 0.025000 0.017188
0 0.507031 0.775781 0.035937 0.023438
0 0.515625 0.799219 0.040625 0.026562
0 0.532031 0.842187 0.032813 0.025000
0 0.539062 0.869531 0.031250 0.029687
0 0.551562 0.900000 0.034375 0.025000
0 0.558594 0.928125 0.029687 0.031250
0 0.494531 0.628906 0.032813 0.032813
0 0.489063 0.598437 0.034375 0.034375
0 0.514062 0.665625 0.037500 0.040625
0 0.526563 0.705469 0.037500 0.032813
0 0.533594 0.734375 0.042188 0.028125
0 0.546094 0.760938 0.029687 0.028125
0 0.557813 0.794531 0.031250 0.039062
0 0.560937 0.834375 0.028125 0.034375
0 0.575781 0.865625 0.029687 0.034375
0 0.586719 0.896875 0.023438 0.025000
0 0.592187 0.922656 0.040625 0.032813
0 0.601562 0.955469 0.040625 0.035937
0 0.612500 0.983594 0.034375 0.026562
0 0.502344 0.539844 0.042188 0.029687
0 0.520312 0.575000 0.040625 0.031250
0 0.533594 0.604688 0.042188 0.031250
0 0.541406 0.637500 0.048438 0.043750
0 0.557813 0.675781 0.031250 0.020313
0 0.565625 0.702344 0.037500 0.032813
0 0.571875 0.729688 0.034375 0.031250
0 0.584375 0.763281 0.037500 0.029687
0 0.594531 0.802344 0.039062 0.042188
0 0.619531 0.895312 0.042188 0.031250
0 0.613281 0.856250 0.042188 0.043750
0 0.641406 0.954688 0.042188 0.031250
0 0.635938 0.925781 0.043750 0.032813
0 0.653906 0.980469 0.039062 0.032813
0 0.546094 0.539844 0.035937 0.026562
0 0.559375 0.564063 0.034375 0.031250
0 0.586719 0.564063 0.014063 0.034375
0 0.610938 0.569531 0.034375 0.042188
0 0.579688 0.632031 0.037500 0.045312
0 0.596875 0.671875 0.031250 0.031250
0 0.607812 0.703906 0.031250 0.029687
0 0.624219 0.770312 0.039062 0.034375
0 0.620313 0.738281 -0.034375 -0.035937
0 0.636719 0.801562 0.039062 0.034375
0 0.654687 0.833594 0.031250 0.029687
0 0.660156 0.882031 0.042188 0.039062
0 0.675000 0.921875 0.040625 0.037500
0 0.684375 0.956250 0.037500 0.034375
0 0.712500 0.993750 0.000000 0.000000
0 0.730469 0.980469 0.039062 0.035937
0 0.692187 0.979688 0.040625 0.037500
0 0.725000 0.948438 -0.037500 -0.034375
0 0.714844 0.910156 -0.039062 -0.048438
0 0.700000 0.871094 -0.053125 -0.042188
0 0.685156 0.825000 0.042188 0.040625
0 0.666406 0.760156 0.039062 0.032813
0 0.673438 0.792188 0.034375 0.028125
0 0.652344 0.725781 0.042188 0.035937
0 0.640625 0.685937 0.040625 0.040625
0 0.628125 0.653125 0.043750 0.037500
0 0.625781 0.619531 0.039062 0.032813
0 0.653125 0.603125 0.034375 0.037500
0 0.660156 0.635938 0.042188 0.034375
0 0.667969 0.663281 0.039062 0.029687
0 0.678906 0.689844 0.039062 0.026562
0 0.690625 0.718750 0.040625 0.031250
0 0.708594 0.782031 0.042188 0.029687
0 0.699219 0.748437 0.035937 0.034375
0 0.717187 0.812500 0.037500 0.031250
0 0.728906 0.833594 0.017188 0.014063
0 0.741406 0.865625 0.023438 0.018750
0 0.746094 0.895312 0.032813 0.037500
0 0.749219 0.930469 0.026562 0.023438
0 0.756250 0.957031 0.021875 0.029687
0 0.768750 0.981250 0.031250 0.031250
0 0.689063 0.589844 0.043750 0.035937
0 0.712500 0.660937 0.040625 0.031250
0 0.697656 0.627344 0.039062 0.035937
0 0.726562 0.717969 0.040625 0.039062
0 0.719531 0.688281 0.032813 0.026562
0 0.737500 0.756250 0.034375 0.034375
0 0.744531 0.787500 0.029687 0.028125
0 0.765625 0.845313 0.037500 0.031250
0 0.754687 0.817969 0.031250 0.032813
0 0.777344 0.867969 0.026562 0.020313
0 0.787500 0.897656 0.037500 0.039062
0 0.801562 0.941406 -0.034375 -0.051562
0 0.813281 0.981250 0.032813 0.031250
0 0.726562 0.562500 0.031250 0.018750
0 0.732031 0.596094 0.032813 0.035937
0 0.739844 0.625781 0.032813 0.035937
0 0.750000 0.660937 0.031250 0.028125
0 0.757812 0.696094 0.040625 0.035937
0 0.784375 0.777344 0.050000 0.035937
0 0.769531 0.735156 0.039062 0.039062
0 0.792969 0.814063 0.042188 0.031250
0 0.803125 0.842187 0.031250 0.021875
0 0.809375 0.871094 0.040625 0.029687
0 0.821094 0.897656 0.023438 0.026562
0 0.836719 0.945312 0.045312 0.028125
0 0.851562 0.979688 0.040625 0.037500
0 0.763281 0.560156 0.035937 0.029687
0 0.771094 0.593750 0.032813 0.037500
0 0.791406 0.568750 0.017188 0.025000
0 0.775781 0.627344 0.039062 0.032813
0 0.788281 0.663281 0.035937 0.032813
0 0.796875 0.702344 0.034375 0.045312
0 0.809375 0.740625 0.031250 0.025000
0 0.823438 0.774219 0.037500 0.035937
0 0.835156 0.805469 0.023438 0.026562
0 0.835156 0.835938 0.029687 0.031250
0 0.845313 0.868750 0.031250 0.034375
0 0.862500 0.903125 0.034375 0.037500
0 0.880469 0.942969 0.029687 0.032813
0 0.885156 0.978906 0.029687 0.035937
0 0.810156 0.599219 0.042188 0.039062
0 0.816406 0.634375 0.032813 0.031250
0 0.835156 0.704688 0.042188 0.040625
0 0.825781 0.671094 0.048438 0.039062
0 0.846094 0.742969 0.048438 0.039062
0 0.858594 0.781250 0.035937 0.040625
0 0.866406 0.816406 0.045312 0.042188
0 0.881250 0.853125 0.046875 0.031250
0 0.894531 0.888281 0.042188 0.032813
0 0.914062 0.947656 0.034375 0.023438
0 0.904687 0.967187 0.018750 0.018750
0 0.904687 0.921094 0.034375 0.032813
0 0.928906 0.969531 0.026562 0.032813
0 0.828125 0.558594 0.031250 0.029687
0 0.844531 0.583594 0.029687 0.023438
0 0.852344 0.614844 0.042188 0.029687
0 0.875781 0.685937 0.042188 0.043750
0 0.860938 0.644531 0.040625 0.035937
0 0.888281 0.728125 0.048438 0.031250
0 0.896094 0.763281 0.035937 0.035937
0 0.910937 0.800000 0.037500 0.034375
0 0.922656 0.836719 0.042188 0.032813
0 0.936719 0.872656 0.048438 0.035937
0 0.942187 0.907031 0.046875 0.029687
0 0.956250 0.939844 0.040625 0.026562
0 0.964063 0.957812 0.031250 0.018750
0 0.979688 0.992188 0.025000 0.006250
0 0.878125 0.532031 0.021875 0.026562
0 0.883594 0.564063 0.035937 0.031250
0 0.903906 0.625000 0.035937 0.037500
0 0.886719 0.592187 0.045312 0.031250
0 0.910937 0.659375 0.043750 0.034375
0 0.919531 0.691406 0.039062 0.032813
0 0.929688 0.727344 0.037500 0.042188
0 0.942187 0.768750 0.046875 0.037500
0 0.947656 0.803906 0.035937 0.032813
0 0.960156 0.840625 0.035937 0.037500
0 0.980469 0.878125 0.032813 0.031250
0 0.984375 0.907031 0.021875 0.026562
0 0.988281 0.936719 0.014063 0.032813
0 0.914062 0.526563 0.031250 0.028125
0 0.921875 0.555469 0.034375 0.035937
0 0.939844 0.622656 0.029687 0.029687
0 0.948438 0.649219 0.028125 0.023438
0 0.930469 0.590625 -0.032813 -0.034375
0 0.957031 0.675781 0.026562 0.029687
0 0.961719 0.707031 0.039062 0.032813
0 0.971094 0.738281 0.042188 0.039062
0 0.982031 0.775781 0.026562 0.039062
0 0.983594 0.809375 0.026562 0.031250
0 0.988281 0.840625 0.014063 0.034375
0 0.950000 0.520312 0.028125 0.031250
0 0.958594 0.550000 0.039062 0.031250
0 0.966406 0.579688 0.026562 0.025000
0 0.973437 0.608594 0.037500 0.029687
0 0.982031 0.647656 0.032813 0.042188
0 0.987500 0.695312 0.018750 0.046875
0 0.987500 0.525781 0.021875 0.029687
0 0.987500 0.559375 0.018750 0.034375
0 0.992969 0.593750 0.007812 0.025000
