0 0.990625 0.018750 0.015625 0.034375
0 0.955469 0.009375 -0.020313 -0.015625
0 0.964844 0.025000 0.029687 0.034375
0 0.980469 0.056250 0.017188 0.028125
0 0.984375 0.076563 0.025000 0.025000
0 0.985938 0.100000 0.021875 0.025000
0 0.993750 0.124219 0.009375 0.017188
0 0.918750 0.014063 -0.034375 -0.025000
0 0.930469 0.034375 -0.039062 -0.025000
0 0.940625 0.059375 -0.037500 -0.025000
0 0.951562 0.087500 0.034375 0.025000
0 0.961719 0.112500 0.029687 0.037500
0 0.978125 0.142969 0.037500 0.029687
0 0.981250 0.170313 0.025000 0.031250
0 0.871094 0.012500 -0.042188 -0.025000
0 0.880469 0.036719 0.048438 0.026562
0 0.890625 0.059375 0.043750 0.025000
0 0.903125 0.081250 0.043750 0.028125
0 0.915625 0.106250 0.034375 0.028125
0 0.929688 0.128125 0.028125 0.021875
0 0.937500 0.150000 0.031250 0.028125
0 0.946875 0.174219 0.034375 0.029687
0 0.953125 0.196875 0.034375 0.025000
0 0.964844 0.225000 0.035937 0.028125
0 0.992969 0.209375 0.010937 0.034375
0 0.831250 0.014844 -0.037500 -0.026562
0 0.840625 0.046094 0.034375 0.029687
0 0.852344 0.075000 0.032813 0.034375
0 0.864062 0.103125 0.043750 0.031250
0 0.878125 0.127344 0.040625 0.026562
0 0.893750 0.156250 0.050000 0.028125
0 0.907813 0.183594 0.021875 0.023438
0 0.921875 0.212500 0.034375 0.025000
0 0.934375 0.242188 0.037500 0.028125
0 0.950000 0.268750 0.040625 0.031250
0 0.960938 0.293750 0.037500 0.031250
0 0.971094 0.318750 0.039062 0.025000
0 0.980469 0.350000 0.032813 0.034375
0 0.992188 0.387500 0.012500 0.031250
0 0.983594 0.255469 0.026562 0.029687
0 0.986719 0.286719 0.017188 0.032813
0 0.783594 0.012500 -0.048438 -0.021875
0 0.787500 0.036719 0.043750 0.029687
0 0.805469 0.062500 0.039062 0.034375
0 0.821094 0.092188 0.035937 0.021875
0 0.831250 0.117969 0.028125 0.026562
0 0.840625 0.142969 0.034375 0.023438
0 0.855469 0.171875 0.032813 0.028125
0 0.875000 0.200000 0.037500 0.025000
0 0.887500 0.225000 0.034375 0.028125
0 0.893750 0.252344 0.028125 0.023438
0 0.906250 0.278125 0.034375 0.025000
0 0.918750 0.306250 0.040625 0.025000
0 0.933594 0.334375 0.032813 0.025000
0 0.942969 0.362500 0.032813 0.028125
0 0.959375 0.387500 0.037500 0.025000
0 0.970313 0.410938 0.037500 0.025000
0 0.981250 0.431250 0.028125 0.025000
0 0.987500 0.457813 0.015625 0.028125
0 0.742188 0.009375 -0.043750 -0.018750
0 0.746875 0.032813 0.040625 0.021875
0 0.759375 0.057813 0.037500 0.025000
0 0.774219 0.085938 0.032813 0.031250
0 0.784375 0.109375 0.040625 0.028125
0 0.800000 0.137500 0.034375 0.025000
0 0.814844 0.165625 0.032813 0.021875
0 0.825000 0.189844 0.034375 0.029687
0 0.839844 0.218750 0.039062 0.021875
0 0.853125 0.243750 0.034375 0.031250
0 0.871094 0.277344 0.029687 0.026562
0 0.880469 0.306250 0.029687 0.025000
0 0.896094 0.336719 0.039062 0.032813
0 0.923438 0.393750 0.031250 0.025000
0 0.909375 0.367188 0.031250 0.025000
0 0.933594 0.424219 0.032813 0.029687
0 0.951562 0.450000 0.034375 0.034375
0 0.971094 0.475000 0.032813 0.037500
0 0.993750 0.515625 0.000000 0.000000
0 0.985938 0.508594 0.021875 0.029687
0 0.984375 0.534375 0.021875 0.031250
0 0.992969 0.564844 0.004687 0.023438
0 0.696875 0.006250 -0.031250 -0.012500
0 0.709375 0.025000 -0.018750 -0.021875
0 0.718750 0.043750 -0.018750 -0.018750
0 0.729688 0.065625 0.040625 0.028125
0 0.739062 0.093750 0.037500 0.025000
0 0.746875 0.112500 0.031250 0.018750
0 0.751563 0.129688 0.031250 0.018750
0 0.768750 0.152344 0.037500 0.026562
0 0.776563 0.176563 0.046875 0.031250
0 0.787500 0.203125 0.031250 0.015625
0 0.800000 0.223438 0.031250 0.034375
0 0.812500 0.249219 0.034375 0.020313
0 0.825000 0.275000 0.046875 0.031250
0 0.839063 0.301563 0.043750 0.028125
0 0.856250 0.336719 0.037500 0.032813
0 0.871094 0.364063 0.032813 0.021875
0 0.890625 0.396875 0.028125 0.034375
0 0.901563 0.425000 0.028125 0.025000
0 0.914844 0.450000 0.029687 0.025000
0 0.925000 0.478125 0.034375 0.025000
0 0.937500 0.503125 0.034375 0.031250
0 0.950000 0.531250 0.028125 0.028125
0 0.964063 0.556250 0.028125 0.025000
0 0.974219 0.584375 0.023438 0.025000
0 0.637500 0.001563 0.000000 0.000000
0 0.668750 0.037500 0.043750 0.025000
0 0.657813 0.017188 -0.050000 -0.031250
0 0.985938 0.605469 0.021875 0.023438
0 0.990625 0.631250 0.009375 0.018750
0 0.682813 0.062500 0.050000 0.025000
0 0.696875 0.084375 0.037500 0.025000
0 0.703125 0.106250 0.034375 0.025000
0 0.714844 0.131250 0.032813 0.021875
0 0.727344 0.152344 0.032813 0.017188
0 0.737500 0.171875 0.028125 0.018750
0 0.746875 0.193750 0.028125 0.018750
0 0.762500 0.212500 0.025000 0.015625
0 0.774219 0.232813 0.020313 0.015625
0 0.778125 0.251563 0.031250 0.021875
0 0.787500 0.274219 0.031250 0.023438
0 0.800000 0.298438 0.037500 0.021875
0 0.808594 0.318750 0.023438 0.018750
0 0.821875 0.337500 0.025000 0.018750
0 0.792188 0.321094 -0.009375 -0.007812
0 0.800000 0.337500 0.015625 0.018750
0 0.825000 0.364063 0.040625 0.028125
0 0.840625 0.390625 0.040625 0.021875
0 0.850000 0.415625 0.034375 0.025000
0 0.860938 0.436719 0.037500 0.020313
0 0.878125 0.461719 0.043750 0.023438
0 0.885938 0.484375 0.034375 0.021875
0 0.893750 0.504687 0.040625 0.021875
0 0.907813 0.530469 0.040625 0.023438
0 0.917188 0.554688 0.040625 0.021875
0 0.930469 0.581250 0.048438 0.025000
0 0.943750 0.609375 0.043750 0.025000
0 0.956250 0.637500 0.050000 0.025000
0 0.967187 0.665625 0.043750 0.034375
0 0.979688 0.693750 0.031250 0.021875
0 0.981250 0.717969 0.025000 0.023438
0 0.989844 0.742188 0.014063 0.021875
0 0.617969 0.014063 -0.042188 -0.025000
0 0.626563 0.037500 -0.034375 -0.025000
0 0.640625 0.059375 -0.028125 -0.018750
0 0.649219 0.081250 -0.032813 -0.021875
0 0.659375 0.103125 -0.040625 -0.021875
0 0.668750 0.131250 0.037500 0.028125
0 0.683594 0.159375 0.042188 0.021875
0 0.703125 0.184375 0.037500 0.025000
0 0.718750 0.212500 0.028125 0.025000
0 0.728125 0.234375 0.034375 0.031250
0 0.742969 0.264844 0.032813 0.026562
0 0.753125 0.290625 0.034375 0.021875
0 0.767188 0.314063 0.031250 0.021875
0 0.775000 0.340625 0.025000 0.031250
0 0.787500 0.368750 0.028125 0.025000
0 0.802344 0.396875 0.029687 0.025000
0 0.815625 0.421875 0.028125 0.021875
0 0.827344 0.442188 0.026562 0.025000
0 0.837500 0.462500 0.031250 0.021875
0 0.853125 0.486719 0.025000 0.014063
0 0.859375 0.512500 0.025000 0.021875
0 0.871875 0.537500 0.031250 0.025000
0 0.881250 0.564844 0.028125 0.023438
0 0.892969 0.590625 0.032813 0.025000
0 0.902344 0.617188 0.032813 0.025000
0 0.909375 0.639844 0.034375 0.023438
0 0.923438 0.662500 0.034375 0.025000
0 0.935937 0.690625 0.034375 0.031250
0 0.949219 0.720313 0.042188 0.031250
0 0.962500 0.751563 0.034375 0.028125
0 0.977344 0.778125 0.039062 0.025000
0 0.985938 0.806250 0.018750 0.028125
0 0.993750 0.834375 0.009375 0.025000
0 0.571094 0.009375 -0.042188 -0.018750
0 0.575000 0.030469 0.037500 0.026562
0 0.585938 0.053125 0.046875 0.025000
0 0.600000 0.076563 0.046875 0.025000
0 0.615625 0.107813 0.046875 0.025000
0 0.628125 0.134375 0.043750 0.025000
0 0.643750 0.161719 0.034375 0.020313
0 0.658594 0.184375 0.042188 0.025000
0 0.675000 0.209375 0.031250 0.021875
0 0.689844 0.230469 0.029687 0.017188
0 0.700000 0.253125 0.037500 0.028125
0 0.712500 0.282813 0.031250 0.028125
0 0.723437 0.308594 0.034375 0.026562
0 0.736719 0.337500 0.035937 0.031250
0 0.750000 0.371094 0.037500 0.032813
0 0.768750 0.403125 0.037500 0.034375
0 0.778125 0.430469 0.040625 0.029687
0 0.793750 0.459375 0.040625 0.025000
0 0.804688 0.481250 0.037500 0.028125
0 0.817969 0.509375 0.035937 0.025000
0 0.830469 0.534375 0.035937 0.021875
0 0.840625 0.559375 0.031250 0.025000
0 0.852344 0.586719 0.032813 0.020313
0 0.865625 0.612500 0.028125 0.025000
0 0.877344 0.643750 0.035937 0.028125
0 0.892969 0.675000 0.032813 0.031250
0 0.903125 0.706250 0.034375 0.028125
0 0.918750 0.731250 0.028125 0.025000
0 0.929688 0.758594 0.028125 0.023438
0 0.942187 0.787500 0.043750 0.028125
0 0.959375 0.815625 0.034375 0.025000
0 0.967187 0.843750 0.034375 0.025000
0 0.980469 0.868750 0.029687 0.025000
0 0.986719 0.893750 0.017188 0.025000
0 0.993750 0.918750 0.006250 0.018750
0 0.532813 0.017188 -0.043750 -0.034375
0 0.543750 0.043750 0.040625 0.021875
0 0.556250 0.071875 0.037500 0.025000
0 0.575000 0.099219 0.037500 0.026562
0 0.586719 0.127344 0.035937 0.029687
0 0.596094 0.150000 0.042188 0.028125
0 0.615625 0.181250 0.040625 0.025000
0 0.625000 0.206250 0.037500 0.028125
0 0.643750 0.234375 0.043750 0.028125
0 0.659375 0.262500 0.043750 0.031250
0 0.668750 0.292969 0.043750 0.029687
0 0.690625 0.321094 0.040625 0.026562
0 0.700000 0.350000 0.043750 0.028125
0 0.715625 0.380469 0.046875 0.029687
0 0.728125 0.409375 0.040625 0.028125
0 0.743750 0.437500 0.034375 0.025000
0 0.756250 0.465625 0.034375 0.028125
0 0.767188 0.493750 0.034375 0.031250
0 0.780469 0.526563 0.042188 0.031250
0 0.792188 0.557813 0.040625 0.028125
0 0.809375 0.586719 0.043750 0.026562
0 0.825000 0.617188 0.043750 0.025000
0 0.837500 0.646875 0.040625 0.028125
0 0.854688 0.678125 0.037500 0.028125
0 0.865625 0.709375 0.037500 0.034375
0 0.893750 0.768750 0.037500 0.025000
0 0.884375 0.743750 0.034375 0.028125
0 0.905469 0.800000 0.039062 0.025000
0 0.918750 0.828125 0.034375 0.025000
0 0.937500 0.856250 0.034375 0.025000
0 0.950000 0.883594 0.037500 0.023438
0 0.961719 0.910937 0.039062 0.025000
0 0.968750 0.936719 0.043750 0.026562
0 0.980469 0.962500 0.032813 0.025000
0 0.984375 0.982812 0.025000 0.021875
0 0.475000 0.000000 0.000000 0.000000
0 0.496875 0.025000 -0.025000 -0.021875
0 0.487500 0.009375 -0.031250 -0.018750
0 0.510938 0.050000 0.037500 0.025000
0 0.521875 0.080469 0.043750 0.029687
0 0.537500 0.107813 0.040625 0.021875
0 0.543750 0.131250 0.043750 0.025000
0 0.564063 0.156250 0.037500 0.021875
0 0.568750 0.181250 0.050000 0.028125
0 0.584375 0.207813 0.040625 0.025000
0 0.596094 0.234375 0.042188 0.025000
0 0.605469 0.256250 0.042188 0.028125
0 0.620313 0.281250 0.043750 0.025000
0 0.631250 0.305469 0.037500 0.026562
0 0.649219 0.332813 0.042188 0.021875
0 0.662500 0.356250 0.040625 0.025000
0 0.674219 0.384375 0.039062 0.025000
0 0.683594 0.412500 0.045312 0.028125
0 0.696875 0.439063 0.040625 0.028125
0 0.711719 0.465625 0.039062 0.025000
0 0.725000 0.496094 0.043750 0.029687
0 0.735938 0.527344 0.040625 0.026562
0 0.754687 0.554688 0.034375 0.025000
0 0.767188 0.581250 0.037500 0.031250
0 0.782813 0.612500 0.028125 0.028125
0 0.793750 0.639844 0.034375 0.026562
0 0.800000 0.664844 0.040625 0.029687
0 0.817969 0.692187 0.039062 0.028125
0 0.831250 0.721875 0.031250 0.021875
0 0.846875 0.750000 0.034375 0.028125
0 0.857812 0.777344 0.034375 0.026562
0 0.875000 0.806250 0.028125 0.025000
0 0.886719 0.832812 0.029687 0.025000
0 0.900000 0.858594 0.034375 0.026562
0 0.911719 0.887500 0.032813 0.028125
0 0.926562 0.917969 0.034375 0.023438
0 0.939063 0.942187 0.025000 0.025000
0 0.948438 0.965625 0.037500 0.021875
0 0.961719 0.989062 0.032813 0.018750
0 0.449219 0.010156 -0.035937 -0.020313
0 0.459375 0.034375 0.037500 0.025000
0 0.474219 0.059375 0.035937 0.025000
0 0.485938 0.085938 0.034375 0.021875
0 0.493750 0.111719 0.034375 0.026562
0 0.504687 0.139063 0.028125 0.021875
0 0.528125 0.187500 0.034375 0.025000
0 0.523438 0.162500 0.043750 0.025000
0 0.542188 0.212500 0.037500 0.025000
0 0.551562 0.237500 0.037500 0.025000
0 0.568750 0.267188 0.031250 0.025000
0 0.580469 0.289844 0.035937 0.023438
0 0.596094 0.311719 0.032813 0.023438
0 0.606250 0.334375 0.037500 0.025000
0 0.621094 0.361719 0.039062 0.023438
0 0.634375 0.387500 0.043750 0.025000
0 0.643750 0.415625 0.034375 0.025000
0 0.662500 0.446875 0.040625 0.028125
0 0.675000 0.475000 0.040625 0.031250
0 0.684375 0.503125 0.037500 0.025000
0 0.699219 0.531250 0.035937 0.028125
0 0.714063 0.559375 0.046875 0.025000
0 0.731250 0.585938 0.031250 0.021875
0 0.756250 0.640625 0.037500 0.018750
0 0.745313 0.611719 0.040625 0.029687
0 0.770312 0.668750 0.025000 0.025000
0 0.784375 0.692187 0.034375 0.021875
0 0.796875 0.715625 0.034375 0.025000
0 0.809375 0.743750 0.031250 0.025000
0 0.817969 0.771875 0.039062 0.025000
0 0.831250 0.800000 0.031250 0.031250
0 0.846094 0.831250 0.039062 0.028125
0 0.862500 0.859375 0.037500 0.025000
0 0.875000 0.887500 0.037500 0.025000
0 0.881250 0.909375 0.040625 0.025000
0 0.893750 0.933594 0.037500 0.023438
0 0.903125 0.956250 0.040625 0.025000
0 0.914844 0.978125 0.035937 0.018750
0 0.921875 0.990625 0.034375 0.015625
0 0.407813 0.012500 -0.040625 -0.025000
0 0.421875 0.037500 0.034375 0.025000
0 0.434375 0.062500 0.043750 0.021875
0 0.446094 0.089063 0.045312 0.028125
0 0.454688 0.114844 0.046875 0.023438
0 0.462500 0.137500 0.040625 0.021875
0 0.478125 0.160938 0.040625 0.025000
0 0.493750 0.184375 0.037500 0.025000
0 0.496875 0.209375 0.037500 0.025000
0 0.514844 0.236719 0.042188 0.023438
0 0.525000 0.259375 0.037500 0.021875
0 0.533594 0.280469 0.039062 0.023438
0 0.543750 0.303125 0.037500 0.025000
0 0.564063 0.325000 0.034375 0.025000
0 0.571875 0.349219 0.034375 0.023438
0 0.580469 0.368750 0.035937 0.028125
0 0.596875 0.393750 0.043750 0.021875
0 0.605469 0.418750 0.035937 0.025000
0 0.620313 0.443750 0.040625 0.025000
0 0.633594 0.471875 0.039062 0.025000
0 0.648438 0.500000 0.043750 0.028125
0 0.675000 0.562500 0.037500 0.031250
0 0.659375 0.531250 0.037500 0.031250
0 0.693750 0.595313 0.046875 0.031250
0 0.705469 0.627344 0.048438 0.026562
0 0.727344 0.656250 0.042188 0.025000
0 0.737500 0.684375 0.037500 0.028125
0 0.750000 0.714063 0.050000 0.031250
0 0.765625 0.742188 0.050000 0.025000
0 0.778125 0.773438 0.040625 0.031250
0 0.793750 0.806250 0.043750 0.034375
0 0.806250 0.840625 0.043750 0.031250
0 0.823438 0.875000 0.043750 0.028125
0 0.830469 0.903125 0.042188 0.025000
0 0.846875 0.931250 0.040625 0.025000
0 0.860938 0.956250 0.040625 0.021875
0 0.871094 0.974219 0.042188 0.017188
0 0.878125 0.989062 0.043750 0.018750
0 0.365625 0.014063 -0.037500 -0.025000
0 0.377344 0.037500 -0.039062 -0.025000
0 0.386719 0.056250 -0.039062 -0.021875
0 0.393750 0.076563 0.043750 0.028125
0 0.405469 0.099219 0.039062 0.023438
0 0.421094 0.125000 0.039062 0.025000
0 0.429688 0.146094 0.031250 0.023438
0 0.446094 0.171875 0.039062 0.025000
0 0.457813 0.196875 0.034375 0.025000
0 0.467969 0.224219 0.035937 0.032813
0 0.481250 0.252344 0.028125 0.026562
0 0.496875 0.277344 0.037500 0.023438
0 0.509375 0.303125 0.037500 0.025000
0 0.521875 0.328125 0.037500 0.025000
0 0.530469 0.352344 0.042188 0.023438
0 0.537500 0.374219 0.043750 0.023438
0 0.551562 0.396875 0.043750 0.025000
0 0.564844 0.421094 0.045312 0.020313
0 0.578125 0.443750 0.034375 0.028125
0 0.593750 0.470313 0.037500 0.021875
0 0.603125 0.493750 0.037500 0.025000
0 0.612500 0.518750 0.040625 0.025000
0 0.628125 0.542969 0.037500 0.023438
0 0.637500 0.565625 0.040625 0.018750
0 0.649219 0.587500 0.042188 0.025000
0 0.658594 0.611719 0.032813 0.023438
0 0.668750 0.637500 0.040625 0.021875
0 0.684375 0.660937 0.043750 0.025000
0 0.693750 0.684375 0.043750 0.025000
0 0.703125 0.709375 0.040625 0.021875
0 0.712500 0.729688 0.037500 0.021875
0 0.725000 0.752344 0.043750 0.020313
0 0.737500 0.774219 0.040625 0.020313
0 0.745313 0.796094 0.037500 0.026562
0 0.756250 0.821875 0.037500 0.025000
0 0.782813 0.878125 0.043750 0.028125
0 0.770312 0.850000 0.037500 0.031250
0 0.793750 0.907813 0.034375 0.028125
0 0.809375 0.934375 0.034375 0.025000
0 0.823438 0.959375 0.040625 0.021875
0 0.830469 0.980469 0.039062 0.017188
0 0.834375 0.990625 0.037500 0.015625
0 0.321875 0.012500 -0.043750 -0.021875
0 0.331250 0.033594 0.043750 0.020313
0 0.345313 0.056250 0.037500 0.025000
0 0.355469 0.083594 0.039062 0.026562
0 0.368750 0.109375 0.037500 0.018750
0 0.384375 0.131250 0.043750 0.018750
0 0.398438 0.156250 0.043750 0.028125
0 0.411719 0.184375 0.042188 0.021875
0 0.417969 0.206250 0.048438 0.025000
0 0.431250 0.233594 0.040625 0.026562
0 0.446094 0.259375 0.039062 0.025000
0 0.461719 0.284375 0.042188 0.021875
0 0.471094 0.306250 0.026562 0.015625
0 0.481250 0.328125 0.037500 0.025000
0 0.493750 0.355469 0.031250 0.026562
0 0.503125 0.380469 0.034375 0.023438
0 0.512500 0.403125 0.037500 0.025000
0 0.527344 0.431250 0.042188 0.025000
0 0.542188 0.456250 0.037500 0.021875
0 0.550000 0.481250 0.046875 0.021875
0 0.559375 0.503125 0.043750 0.025000
0 0.575000 0.528125 0.046875 0.025000
0 0.585938 0.553125 0.050000 0.025000
0 0.596094 0.578125 0.042188 0.025000
0 0.612500 0.605469 0.050000 0.020313
0 0.621875 0.628125 0.050000 0.031250
0 0.636719 0.656250 0.045312 0.025000
0 0.662500 0.710938 0.037500 0.028125
0 0.653125 0.684375 0.043750 0.028125
0 0.671875 0.734375 0.046875 0.025000
0 0.689844 0.761719 0.042188 0.026562
0 0.703125 0.789844 0.037500 0.029687
0 0.712500 0.815625 0.034375 0.025000
0 0.731250 0.842187 0.034375 0.021875
0 0.734375 0.862500 0.034375 0.018750
0 0.745313 0.884375 0.037500 0.021875
0 0.759375 0.906250 0.028125 0.018750
0 0.771875 0.929688 0.043750 0.025000
0 0.781250 0.955469 0.043750 0.026562
0 0.792188 0.983594 0.043750 0.029687
0 0.281250 0.011719 -0.037500 -0.023438
0 0.290625 0.036719 -0.043750 -0.023438
0 0.308594 0.062500 0.042188 0.025000
0 0.318750 0.089063 0.040625 0.025000
0 0.331250 0.112500 0.050000 0.025000
0 0.346875 0.142969 0.040625 0.029687
0 0.367188 0.171875 0.028125 0.025000
0 0.379688 0.196875 0.028125 0.025000
0 0.389844 0.225000 0.035937 0.028125
0 0.403125 0.254688 0.034375 0.025000
0 0.421875 0.281250 0.037500 0.025000
0 0.433594 0.306250 0.035937 0.025000
0 0.443750 0.324219 0.040625 0.032813
0 0.456250 0.355469 0.037500 0.029687
0 0.471094 0.381250 0.029687 0.025000
0 0.478125 0.407813 0.034375 0.028125
0 0.490625 0.434375 0.034375 0.025000
0 0.502344 0.462500 0.039062 0.028125
0 0.517969 0.489844 0.032813 0.020313
0 0.524219 0.511719 0.032813 0.020313
0 0.537500 0.532813 0.031250 0.015625
0 0.543750 0.553125 0.034375 0.018750
0 0.556250 0.577344 0.037500 0.026562
0 0.565625 0.605469 0.037500 0.026562
0 0.581250 0.631250 0.040625 0.021875
0 0.596875 0.656250 0.034375 0.025000
0 0.608594 0.684375 0.042188 0.025000
0 0.621094 0.714063 0.045312 0.034375
0 0.637500 0.743750 0.056250 0.028125
0 0.650000 0.768750 0.037500 0.021875
0 0.658594 0.792188 0.039062 0.018750
0 0.671094 0.812500 0.039062 0.021875
0 0.684375 0.837500 0.040625 0.025000
0 0.693750 0.862500 0.046875 0.025000
0 0.705469 0.892188 0.042188 0.025000
0 0.720313 0.918750 0.050000 0.021875
0 0.731250 0.943750 0.043750 0.028125
0 0.743750 0.971094 0.040625 0.020313
0 0.750000 0.990625 0.043750 0.015625
0 0.239844 0.009375 -0.048438 -0.018750
0 0.248438 0.032813 0.037500 0.021875
0 0.262500 0.059375 0.043750 0.025000
0 0.275000 0.085938 0.043750 0.021875
0 0.287500 0.109375 0.040625 0.021875
0 0.298438 0.134375 0.040625 0.021875
0 0.312500 0.160938 0.050000 0.025000
0 0.334375 0.192188 0.056250 0.031250
0 0.350000 0.221875 0.043750 0.025000
0 0.359375 0.246094 0.040625 0.023438
0 0.374219 0.274219 0.048438 0.029687
0 0.389844 0.304688 0.045312 0.025000
0 0.402344 0.333594 0.042188 0.029687
0 0.412500 0.358594 0.040625 0.017188
0 0.425000 0.379688 0.050000 0.028125
0 0.434375 0.407813 0.043750 0.025000
0 0.449219 0.437500 0.042188 0.025000
0 0.465625 0.462500 0.037500 0.021875
0 0.475000 0.490625 0.037500 0.028125
0 0.490625 0.517969 0.040625 0.020313
0 0.500000 0.546094 0.037500 0.029687
0 0.506250 0.575000 0.046875 0.028125
0 0.524219 0.602344 0.039062 0.026562
0 0.533594 0.626563 0.045312 0.021875
0 0.548438 0.650000 0.037500 0.028125
0 0.559375 0.678125 0.037500 0.025000
0 0.571875 0.705469 0.043750 0.026562
0 0.582812 0.735938 0.037500 0.028125
0 0.614062 0.787500 0.043750 0.031250
0 0.602344 0.761719 0.032813 0.023438
0 0.631250 0.817187 0.034375 0.025000
0 0.642188 0.845313 0.043750 0.028125
0 0.653125 0.875000 0.037500 0.025000
0 0.667188 0.903125 0.043750 0.028125
0 0.679688 0.930469 0.037500 0.023438
0 0.690625 0.955469 0.046875 0.023438
0 0.703125 0.981250 0.040625 0.021875
0 0.705469 0.990625 0.035937 0.012500
0 0.203125 0.014844 -0.025000 -0.026562
0 0.212500 0.037500 0.031250 0.025000
0 0.221875 0.059375 0.034375 0.021875
0 0.233594 0.086719 0.039062 0.032813
0 0.251563 0.115625 0.043750 0.025000
0 0.262500 0.140625 0.037500 0.025000
0 0.275000 0.164844 0.031250 0.020313
0 0.290625 0.187500 0.040625 0.025000
0 0.309375 0.240625 0.043750 0.025000
0 0.304688 0.215625 0.040625 0.025000
0 0.321875 0.265625 0.043750 0.025000
0 0.337500 0.292969 0.031250 0.029687
0 0.349219 0.318750 0.039062 0.025000
0 0.362500 0.346875 0.037500 0.031250
0 0.374219 0.374219 0.035937 0.026562
0 0.393750 0.405469 0.037500 0.029687
0 0.408594 0.437500 0.039062 0.034375
0 0.421875 0.465625 0.046875 0.028125
0 0.439063 0.493750 0.043750 0.025000
0 0.450000 0.518750 0.037500 0.031250
0 0.461719 0.550000 0.039062 0.031250
0 0.471094 0.582812 0.035937 0.028125
0 0.485938 0.611719 0.043750 0.026562
0 0.500000 0.640625 0.031250 0.025000
0 0.515625 0.667969 0.037500 0.026562
0 0.528125 0.693750 0.034375 0.021875
0 0.542188 0.720313 0.034375 0.021875
0 0.553125 0.746094 0.028125 0.029687
0 0.571875 0.774219 0.028125 0.023438
0 0.580469 0.800000 0.032813 0.028125
0 0.600000 0.850000 0.043750 0.028125
0 0.593750 0.823438 0.037500 0.025000
0 0.617188 0.879687 0.037500 0.025000
0 0.627344 0.906250 0.042188 0.025000
0 0.639844 0.933594 0.042188 0.026562
0 0.653125 0.957812 0.040625 0.021875
0 0.664844 0.981250 0.042188 0.021875
0 0.668750 0.990625 0.043750 0.009375
0 0.165625 0.007812 -0.037500 -0.015625
0 0.170313 0.025000 0.037500 0.025000
0 0.177344 0.053125 0.042188 0.025000
0 0.190625 0.076563 0.043750 0.025000
0 0.192969 0.099219 0.042188 0.026562
0 0.209375 0.121875 0.034375 0.021875
0 0.239063 0.171875 0.046875 0.025000
0 0.221875 0.142969 0.040625 0.029687
0 0.249219 0.196094 0.042188 0.020313
0 0.265625 0.217969 0.031250 0.020313
0 0.268750 0.240625 0.034375 0.021875
0 0.275000 0.262500 0.043750 0.021875
0 0.293750 0.285938 0.046875 0.018750
0 0.302344 0.309375 0.042188 0.021875
0 0.314063 0.333594 0.043750 0.026562
0 0.328125 0.356250 0.034375 0.018750
0 0.337500 0.378125 0.037500 0.025000
0 0.353125 0.406250 0.043750 0.021875
0 0.367188 0.431250 0.034375 0.025000
0 0.374219 0.453125 0.032813 0.018750
0 0.383594 0.471875 0.029687 0.021875
0 0.393750 0.492969 0.037500 0.020313
0 0.412500 0.530469 0.046875 0.026562
0 0.405469 0.510938 0.029687 0.012500
0 0.421094 0.555469 0.042188 0.029687
0 0.433594 0.582812 0.035937 0.025000
0 0.446875 0.609375 0.040625 0.025000
0 0.457813 0.637500 0.040625 0.025000
0 0.471875 0.665625 0.046875 0.025000
0 0.481250 0.690625 0.046875 0.028125
0 0.499219 0.718750 0.042188 0.025000
0 0.509375 0.746875 0.050000 0.025000
0 0.517969 0.773438 0.042188 0.021875
0 0.528125 0.784375 0.046875 0.028125
0 0.540625 0.812500 0.043750 0.021875
0 0.549219 0.836719 0.045312 0.023438
0 0.565625 0.857812 0.037500 0.021875
0 0.571875 0.881250 0.046875 0.025000
0 0.586719 0.907813 0.048438 0.021875
0 0.595313 0.931250 0.043750 0.028125
0 0.606250 0.955469 0.046875 0.023438
0 0.618750 0.981250 0.043750 0.028125
0 0.128125 0.012500 -0.037500 -0.018750
0 0.131250 0.028125 0.034375 0.031250
0 0.142969 0.057813 0.035937 0.025000
0 0.153125 0.083594 0.037500 0.023438
0 0.159375 0.107813 0.037500 0.021875
0 0.168750 0.128125 0.050000 0.021875
0 0.183594 0.150000 0.035937 0.021875
0 0.193750 0.171875 0.037500 0.028125
0 0.205469 0.202344 0.039062 0.026562
0 0.225000 0.228125 0.040625 0.025000
0 0.235937 0.249219 0.037500 0.026562
0 0.246094 0.272656 0.032813 0.023438
0 0.257812 0.294531 0.037500 0.020313
0 0.267188 0.317188 0.034375 0.025000
0 0.282031 0.342969 0.032813 0.026562
0 0.290625 0.367188 0.040625 0.025000
0 0.303906 0.392969 0.042188 0.020313
0 0.312500 0.417969 0.040625 0.023438
0 0.332031 0.446875 0.042188 0.028125
0 0.335938 0.466406 0.050000 0.026562
0 0.355469 0.492969 0.042188 0.023438
0 0.366406 0.518750 0.042188 0.025000
0 0.374219 0.546875 0.032813 0.021875
0 0.385937 0.570312 0.028125 0.021875
0 0.400000 0.600000 0.046875 0.031250
0 0.411719 0.628906 0.039062 0.023438
0 0.426563 0.655469 0.037500 0.026562
0 0.437500 0.682031 0.031250 0.023438
0 0.448437 0.710156 0.040625 0.026562
0 0.458594 0.731250 0.042188 0.025000
0 0.467187 0.755469 0.037500 0.023438
0 0.484375 0.782031 0.034375 0.023438
0 0.498437 0.807031 0.037500 0.026562
0 0.513281 0.835156 0.039062 0.026562
0 0.528125 0.860156 0.037500 0.023438
0 0.535937 0.886719 0.031250 0.023438
0 0.552344 0.915625 0.035937 0.025000
0 0.565625 0.941406 0.043750 0.026562
0 0.574219 0.965625 0.032813 0.025000
0 0.587500 0.987500 0.031250 0.018750
0 0.542969 0.989844 0.042188 0.017188
0 0.535937 0.969531 0.040625 0.020313
0 0.525000 0.946875 0.037500 0.021875
0 0.513281 0.928906 0.035937 0.020313
0 0.505469 0.907031 0.042188 0.023438
0 0.500781 0.881250 0.039062 0.025000
0 0.480469 0.855469 0.039062 0.023438
0 0.473438 0.830469 0.040625 0.026562
0 0.462500 0.806250 0.037500 0.025000
0 0.450781 0.785937 0.032813 0.018750
0 0.433594 0.765625 0.039062 0.021875
0 0.426563 0.742969 0.031250 0.023438
0 0.418750 0.721875 0.034375 0.028125
0 0.408594 0.701562 0.032813 0.025000
0 0.396094 0.675000 0.029687 0.028125
0 0.387500 0.649219 0.034375 0.026562
0 0.368750 0.625781 0.040625 0.023438
0 0.364063 0.606250 0.037500 0.015625
0 0.353125 0.587500 0.040625 0.021875
0 0.349219 0.567187 0.032813 0.021875
0 0.332813 0.544531 0.043750 0.023438
0 0.319531 0.517188 0.051562 0.028125
0 0.308594 0.485938 0.045312 0.028125
0 0.289844 0.454688 0.042188 0.028125
0 0.265625 0.400781 -0.043750 -0.026562
0 0.276562 0.430469 0.050000 0.023438
0 0.253125 0.373437 -0.043750 -0.028125
0 0.242969 0.346875 -0.045312 -0.028125
0 0.227344 0.320312 -0.042188 -0.028125
0 0.217188 0.292969 -0.037500 -0.032813
0 0.205469 0.269531 -0.042188 -0.023438
0 0.187500 0.247656 0.043750 0.020313
0 0.180469 0.222656 0.048438 0.032813
0 0.164844 0.192969 0.042188 0.026562
0 0.150781 0.166406 0.045312 0.026562
0 0.132812 0.135937 0.034375 0.031250
0 0.121094 0.104688 0.042188 0.028125
0 0.107813 0.075781 0.040625 0.023438
0 0.102344 0.052344 0.045312 0.023438
0 0.096875 0.030469 0.028125 0.020313
0 0.083594 0.017188 -0.039062 -0.031250
0 0.036719 0.012500 -0.048438 -0.021875
0 0.046875 0.039062 0.040625 0.028125
0 0.063281 0.064844 0.039062 0.023438
0 0.069531 0.085938 0.032813 0.021875
0 0.092969 0.138281 0.042188 0.026562
0 0.083594 0.110937 0.029687 0.028125
0 0.108594 0.164062 0.035937 0.034375
0 0.121875 0.196094 0.031250 0.026562
0 0.134375 0.223438 0.043750 0.028125
0 0.150000 0.257812 0.037500 0.028125
0 0.168750 0.286719 0.037500 0.026562
0 0.183594 0.319531 0.035937 0.029687
0 0.195312 0.350781 0.046875 0.029687
0 0.209375 0.382031 0.040625 0.032813
0 0.226562 0.410938 0.037500 0.025000
0 0.236719 0.434375 0.039062 0.028125
0 0.256250 0.462500 0.034375 0.028125
0 0.275000 0.514062 0.037500 0.025000
0 0.264844 0.488281 0.035937 0.026562
0 0.304688 0.567969 0.040625 0.026562
0 0.289844 0.538281 0.035937 0.029687
0 0.318750 0.597656 0.043750 0.029687
0 0.332813 0.618750 0.025000 0.012500
0 0.336719 0.636719 0.035937 0.020313
0 0.351562 0.665625 0.040625 0.031250
0 0.360938 0.696875 0.046875 0.031250
0 0.377344 0.729688 0.042188 0.031250
0 0.393750 0.760156 0.040625 0.026562
0 0.404687 0.787500 0.037500 0.025000
0 0.418750 0.813281 0.040625 0.029687
0 0.439844 0.870313 0.042188 0.025000
0 0.431250 0.843750 0.040625 0.028125
0 0.459375 0.895312 0.043750 0.025000
0 0.464844 0.920312 0.042188 0.021875
0 0.478906 0.943750 0.039062 0.021875
0 0.486719 0.966406 0.039062 0.023438
0 0.500000 0.989062 0.037500 0.018750
0 0.011719 0.017188 -0.023438 -0.028125
0 0.018750 0.051562 -0.018750 -0.006250
0 0.016406 0.043750 -0.032813 -0.021875
0 0.026562 0.070312 0.040625 0.021875
0 0.035156 0.093750 0.039062 0.021875
0 0.040625 0.117969 0.050000 0.023438
0 0.048438 0.142187 0.043750 0.021875
0 0.067187 0.167187 0.043750 0.021875
0 0.078125 0.190625 0.050000 0.025000
0 0.085938 0.213281 0.040625 0.023438
0 0.095312 0.238281 0.040625 0.023438
0 0.112500 0.266406 0.043750 0.032813
0 0.133594 0.294531 0.035937 0.020313
0 0.142187 0.317188 0.037500 0.025000
0 0.154688 0.343750 0.034375 0.021875
0 0.167187 0.364063 0.025000 0.015625
0 0.171875 0.385156 0.034375 0.023438
0 0.186719 0.413281 0.039062 0.026562
0 0.203906 0.439063 0.035937 0.025000
0 0.214844 0.465625 0.042188 0.028125
0 0.227344 0.494531 0.035937 0.029687
0 0.242969 0.524219 0.039062 0.023438
0 0.253125 0.551562 0.040625 0.025000
0 0.264844 0.575000 0.035937 0.015625
0 0.275000 0.594531 0.037500 0.017188
0 0.280469 0.614844 0.032813 0.014063
0 0.294531 0.634375 0.042188 0.025000
0 0.303906 0.660156 0.045312 0.020313
0 0.310156 0.682031 0.039062 0.026562
0 0.321094 0.708594 0.032813 0.020313
0 0.332813 0.728906 0.037500 0.017188
0 0.344531 0.750781 0.039062 0.023438
0 0.355469 0.774219 0.035937 0.029687
0 0.367188 0.804688 0.043750 0.028125
0 0.382812 0.832812 0.046875 0.021875
0 0.395313 0.861719 0.034375 0.026562
0 0.409375 0.889844 0.040625 0.023438
0 0.422656 0.916406 0.039062 0.026562
0 0.437500 0.942969 0.037500 0.023438
0 0.448437 0.966406 0.040625 0.023438
0 0.453125 0.985156 0.046875 0.026562
0 0.010937 0.106250 -0.018750 -0.046875
0 0.020313 0.155469 -0.034375 -0.039062
0 0.032031 0.191406 0.042188 0.029687
0 0.046094 0.218750 0.042188 0.021875
0 0.057813 0.246094 0.037500 0.026562
0 0.077344 0.272656 0.039062 0.020313
0 0.087500 0.296875 0.037500 0.028125
0 0.103125 0.317969 0.015625 0.017188
0 0.118750 0.335156 0.028125 0.017188
0 0.126562 0.354687 0.028125 0.021875
0 0.137500 0.382812 0.037500 0.025000
0 0.146094 0.410156 0.035937 0.026562
0 0.160938 0.436719 0.040625 0.026562
0 0.177344 0.467187 0.039062 0.025000
0 0.189062 0.496094 0.040625 0.023438
0 0.201563 0.522656 0.034375 0.026562
0 0.213281 0.550781 0.032813 0.026562
0 0.240625 0.611719 0.031250 0.026562
0 0.231250 0.582031 0.037500 0.032813
0 0.250781 0.640625 0.032813 0.028125
0 0.258594 0.666406 0.029687 0.023438
0 0.272656 0.691406 0.042188 0.029687
0 0.285156 0.721094 0.035937 0.023438
0 0.305469 0.746094 0.042188 0.023438
0 0.321094 0.777344 0.032813 0.035937
0 0.342187 0.820312 0.028125 0.015625
0 0.350000 0.842969 0.040625 0.026562
0 0.359375 0.868750 0.040625 0.031250
0 0.376563 0.900781 0.034375 0.023438
0 0.388281 0.924219 0.035937 0.023438
0 0.396875 0.950000 0.043750 0.025000
0 0.403906 0.967969 0.029687 0.017188
0 0.405469 0.986719 0.032813 0.023438
0 0.014844 0.209375 -0.026562 -0.031250
0 0.021094 0.238281 -0.039062 -0.029687
0 0.029687 0.269531 0.043750 0.029687
0 0.046094 0.296094 0.048438 0.032813
0 0.065625 0.326562 0.040625 0.025000
0 0.080469 0.350000 0.035937 0.025000
0 0.094531 0.376563 0.045312 0.021875
0 0.102344 0.404687 0.042188 0.034375
0 0.118750 0.435156 0.046875 0.023438
0 0.130469 0.460938 0.045312 0.025000
0 0.144531 0.488281 0.042188 0.023438
0 0.171875 0.539062 0.046875 0.021875
0 0.156250 0.513281 0.043750 0.026562
0 0.178125 0.560156 0.034375 0.023438
0 0.191406 0.586719 0.042188 0.029687
0 0.213281 0.642969 0.035937 0.029687
0 0.203906 0.613281 0.042188 0.026562
0 0.228906 0.671875 0.035937 0.025000
0 0.251563 0.721094 0.034375 0.023438
0 0.238281 0.696875 0.035937 0.025000
0 0.260156 0.746094 0.035937 0.029687
0 0.282813 0.776563 0.037500 0.021875
0 0.290625 0.803125 0.040625 0.028125
0 0.307031 0.828906 0.035937 0.023438
0 0.314063 0.857031 0.040625 0.029687
0 0.327344 0.884375 0.032813 0.028125
0 0.339844 0.909375 0.032813 0.025000
0 0.350781 0.935156 0.032813 0.023438
0 0.359375 0.962500 0.037500 0.025000
0 0.367188 0.984375 0.037500 0.025000
0 0.012500 0.300000 -0.025000 -0.034375
0 0.027344 0.328906 -0.048438 -0.026562
0 0.039844 0.358594 0.042188 0.026562
0 0.051562 0.383594 0.028125 0.026562
0 0.060156 0.408594 0.032813 0.026562
0 0.068750 0.431250 0.040625 0.021875
0 0.084375 0.456250 0.034375 0.021875
0 0.096094 0.482812 0.035937 0.021875
0 0.109375 0.505469 0.031250 0.017188
0 0.120313 0.527344 0.028125 0.026562
0 0.133594 0.553906 0.042188 0.023438
0 0.147656 0.579688 0.039062 0.028125
0 0.159375 0.608594 0.034375 0.026562
0 0.169531 0.633594 0.032813 0.020313
0 0.186719 0.657813 0.042188 0.025000
0 0.196094 0.685156 0.029687 0.023438
0 0.207031 0.709375 0.029687 0.025000
0 0.218750 0.738281 0.037500 0.026562
0 0.228125 0.764062 0.037500 0.025000
0 0.241406 0.787500 0.039062 0.021875
0 0.253125 0.811719 0.034375 0.023438
0 0.268750 0.835156 0.037500 0.026562
0 0.274219 0.860156 0.039062 0.023438
0 0.286719 0.882031 0.039062 0.023438
0 0.297656 0.909375 0.042188 0.021875
0 0.314063 0.932813 0.040625 0.021875
0 0.325781 0.957812 0.032813 0.025000
0 0.330469 0.985156 0.029687 0.026562
0 0.015625 0.368750 -0.031250 -0.043750
0 0.022656 0.407031 -0.042188 -0.029687
0 0.028906 0.435156 -0.051562 -0.026562
0 0.042969 0.462500 0.042188 0.025000
0 0.055469 0.489063 0.042188 0.028125
0 0.069531 0.514062 0.042188 0.021875
0 0.085156 0.541406 0.039062 0.026562
0 0.095312 0.569531 0.037500 0.026562
0 0.107813 0.596875 0.043750 0.031250
0 0.124219 0.625000 0.045312 0.021875
0 0.142969 0.652344 0.035937 0.029687
0 0.153906 0.678906 0.039062 0.023438
0 0.162500 0.704688 0.037500 0.025000
0 0.173437 0.730469 0.040625 0.026562
0 0.185156 0.755469 0.035937 0.029687
0 0.200781 0.785156 0.032813 0.026562
0 0.215625 0.810937 0.037500 0.025000
0 0.228125 0.835938 0.037500 0.025000
0 0.242188 0.862500 0.037500 0.028125
0 0.267188 0.912500 0.037500 0.025000
0 0.277344 0.940625 0.035937 0.028125
0 0.250781 0.889062 0.035937 0.025000
0 0.289062 0.962500 0.037500 0.021875
0 0.295312 0.985938 0.037500 0.021875
0 0.015625 0.469531 -0.028125 -0.039062
0 0.021875 0.503906 0.031250 0.026562
0 0.032813 0.528906 0.037500 0.026562
0 0.045312 0.552344 0.040625 0.029687
0 0.060937 0.580469 0.037500 0.020313
0 0.075000 0.604688 0.043750 0.031250
0 0.086719 0.632812 0.032813 0.028125
0 0.103125 0.660937 0.046875 0.028125
0 0.115625 0.692187 0.037500 0.031250
0 0.127344 0.727344 0.039062 0.032813
0 0.139844 0.757031 0.039062 0.029687
0 0.150781 0.787500 0.039062 0.025000
0 0.168750 0.812500 0.037500 0.025000
0 0.191406 0.838281 0.042188 0.026562
0 0.203125 0.868750 0.046875 0.037500
0 0.214844 0.897656 0.045312 0.020313
0 0.227344 0.924219 0.045312 0.020313
0 0.232813 0.946094 0.050000 0.023438
0 0.241406 0.966406 0.054688 0.020313
0 0.243750 0.985938 0.062500 0.021875
0 0.014063 0.540625 -0.028125 -0.043750
0 0.004687 0.564063 0.000000 0.000000
0 0.025781 0.600000 -0.048438 -0.028125
0 0.042188 0.628906 0.050000 0.026562
0 0.019531 0.575000 -0.035937 -0.021875
0 0.053906 0.657031 0.039062 0.029687
0 0.065625 0.685937 0.050000 0.031250
0 0.087500 0.721094 0.037500 0.029687
0 0.092188 0.747656 0.053125 0.032813
0 0.110937 0.780469 0.037500 0.029687
0 0.126562 0.811719 0.034375 0.026562
0 0.140625 0.840625 0.040625 0.028125
0 0.143750 0.859375 0.009375 0.015625
0 0.167969 0.903125 0.039062 0.028125
0 0.156250 0.871875 0.040625 0.031250
0 0.182031 0.929688 0.051562 0.025000
0 0.192188 0.956250 0.046875 0.025000
0 0.019531 0.657813 -0.039062 -0.043750
0 0.020313 0.692187 -0.037500 -0.025000
0 0.040625 0.720313 0.043750 0.037500
0 0.049219 0.752344 0.035937 0.026562
0 0.067187 0.777344 0.031250 0.023438
0 0.085156 0.801562 0.032813 0.028125
0 0.093750 0.831250 0.040625 0.034375
0 0.107813 0.861719 0.034375 0.029687
0 0.123438 0.889062 0.037500 0.025000
0 0.128906 0.909375 0.035937 0.028125
0 0.139844 0.933594 0.042188 0.026562
0 0.153906 0.957812 0.054688 0.021875
0 0.162500 0.983594 0.034375 0.029687
0 0.013281 0.723437 -0.026562 -0.034375
0 0.020313 0.753906 -0.037500 -0.032813
0 0.026562 0.782813 0.037500 0.031250
0 0.042969 0.810937 0.051562 0.021875
0 0.057031 0.836719 0.035937 0.026562
0 0.073438 0.865625 0.034375 0.031250
0 0.088281 0.897656 0.035937 0.029687
0 0.099219 0.927344 0.035937 0.026562
0 0.111719 0.954688 0.026562 0.021875
0 0.125000 0.982031 0.034375 0.029687
0 0.018750 0.818750 -0.037500 -0.037500
0 0.025781 0.854688 0.032813 0.031250
0 0.039062 0.873437 0.018750 0.018750
0 0.049219 0.893750 0.032813 0.021875
0 0.057031 0.921094 0.039062 0.026562
0 0.069531 0.947656 0.035937 0.029687
0 0.085938 0.978906 0.040625 0.032813
0 0.014844 0.879687 -0.026562 -0.040625
0 0.019531 0.919531 -0.035937 -0.035937
0 0.031250 0.951562 0.031250 0.031250
0 0.043750 0.971094 0.025000 0.017188
0 0.050000 0.986719 0.031250 0.020313
0 0.015625 0.964844 -0.025000 -0.045312
