0 0.018750 0.864062 -0.037500 -0.037500
0 0.019531 0.834375 -0.035937 -0.028125
0 0.007812 0.781250 0.000000 0.000000
0 0.066406 0.857031 -0.017188 -0.017188
0 0.058594 0.828906 -0.039062 -0.026562
0 0.043750 0.811719 0.009375 0.007812
0 0.017969 0.792188 -0.032813 -0.040625
0 0.103125 0.843750 -0.028125 -0.018750
0 0.087500 0.811719 -0.040625 -0.042188
0 0.018750 0.749219 -0.034375 -0.039062
0 0.049219 0.785156 -0.023438 -0.045312
0 0.007812 0.700000 0.000000 0.000000
0 0.070312 0.753125 -0.043750 -0.050000
0 0.016406 0.717187 -0.032813 -0.031250
0 0.051562 0.724219 -0.040625 -0.029687
0 0.022656 0.695312 -0.042188 -0.025000
0 0.021094 0.667188 -0.039062 -0.025000
0 0.007812 0.603125 0.000000 0.000000
0 0.131250 0.820312 -0.050000 -0.040625
0 0.118750 0.778125 -0.043750 -0.028125
0 0.117188 0.753906 -0.050000 -0.023438
0 0.098437 0.722656 -0.046875 -0.039062
0 0.071875 0.683594 -0.059375 -0.035937
0 0.053125 0.641406 -0.053125 -0.039062
0 0.015625 0.630469 -0.028125 -0.048438
0 0.047656 0.603906 -0.042188 -0.035937
0 0.019531 0.589844 -0.029687 -0.039062
0 0.019531 0.548438 -0.035937 -0.046875
0 0.172656 0.826562 -0.023438 -0.025000
0 0.167187 0.806250 -0.018750 -0.018750
0 0.165625 0.774219 0.031250 0.029687
0 0.153125 0.749219 -0.040625 -0.020313
0 0.128906 0.725000 0.039062 0.034375
0 0.117969 0.689844 -0.035937 -0.026562
0 0.108594 0.666406 -0.035937 -0.014063
0 0.096094 0.644531 -0.045312 -0.029687
0 0.086719 0.616406 -0.042188 -0.032813
0 0.070312 0.581250 -0.043750 -0.037500
0 0.053125 0.541406 -0.037500 -0.039062
0 0.021875 0.505469 -0.043750 -0.035937
0 0.016406 0.459375 -0.029687 -0.046875
0 0.007812 0.403125 -0.015625 -0.068750
0 0.203906 0.811719 -0.020313 -0.023438
0 0.228906 0.801562 -0.020313 -0.021875
0 0.227344 0.778906 -0.023438 -0.029687
0 0.190625 0.778125 -0.037500 -0.028125
0 0.182812 0.752344 -0.021875 -0.029687
0 0.203125 0.742969 -0.028125 -0.032813
0 0.166406 0.728906 -0.035937 -0.010937
0 0.157812 0.706250 -0.043750 -0.031250
0 0.148438 0.678906 -0.043750 -0.029687
0 0.138281 0.654687 -0.029687 -0.015625
0 0.131250 0.634375 -0.040625 -0.025000
0 0.124219 0.612500 -0.039062 -0.021875
0 0.110156 0.578125 -0.039062 -0.046875
0 0.093750 0.546094 -0.046875 -0.032813
0 0.075000 0.519531 -0.046875 -0.026562
0 0.067969 0.487500 -0.054688 -0.031250
0 0.050000 0.455469 -0.040625 -0.032813
0 0.040625 0.425000 -0.037500 -0.028125
0 0.030469 0.394531 -0.029687 -0.029687
0 0.023438 0.355469 -0.021875 -0.048438
0 0.008594 0.325000 -0.017188 -0.053125
0 0.011719 0.278125 -0.020313 -0.043750
0 0.027344 0.312500 -0.032813 -0.037500
0 0.046875 0.353906 -0.031250 -0.045312
0 0.060156 0.391406 -0.039062 -0.032813
0 0.077344 0.426563 -0.045312 -0.034375
0 0.089844 0.457813 -0.045312 -0.025000
0 0.103125 0.492969 -0.040625 -0.039062
0 0.121875 0.528906 -0.043750 -0.035937
0 0.138281 0.570312 -0.032813 -0.046875
0 0.157031 0.607812 -0.035937 -0.031250
0 0.160156 0.580469 -0.017188 -0.029687
0 0.169531 0.637500 -0.035937 -0.037500
0 0.185156 0.675781 -0.042188 -0.042188
0 0.196094 0.704688 -0.039062 -0.043750
0 0.255469 0.754687 -0.017188 -0.018750
0 0.238281 0.745313 0.029687 0.034375
0 0.235937 0.708594 -0.037500 -0.039062
0 0.223438 0.671094 -0.034375 -0.051562
0 0.198437 0.625000 -0.040625 -0.034375
0 0.192188 0.594531 -0.043750 -0.039062
0 0.178125 0.554688 -0.050000 -0.037500
0 0.157031 0.520312 -0.045312 -0.034375
0 0.140625 0.485938 -0.053125 -0.040625
0 0.125781 0.447656 -0.042188 -0.035937
0 0.112500 0.422656 -0.043750 -0.026562
0 0.093750 0.392188 -0.046875 -0.034375
0 0.081250 0.364063 -0.056250 -0.037500
0 0.067969 0.330469 -0.048438 -0.032813
0 0.057813 0.302344 -0.043750 -0.035937
0 0.036719 0.257031 -0.045312 -0.060937
0 0.007812 0.179688 0.000000 0.000000
0 0.009375 0.162500 0.000000 0.000000
0 0.021094 0.229687 -0.035937 -0.046875
0 0.015625 0.185156 -0.028125 -0.054688
0 0.283594 0.747656 -0.035937 -0.023438
0 0.273438 0.720313 -0.031250 -0.028125
0 0.257812 0.666406 -0.043750 -0.073438
0 0.235156 0.621094 -0.035937 -0.017188
0 0.224219 0.587500 -0.032813 -0.050000
0 0.203906 0.538281 -0.035937 -0.051562
0 0.186719 0.493750 -0.045312 -0.053125
0 0.162500 0.443750 -0.046875 -0.046875
0 0.149219 0.398438 -0.048438 -0.040625
0 0.121875 0.360938 -0.046875 -0.043750
0 0.105469 0.323437 -0.048438 -0.043750
0 0.091406 0.287500 -0.045312 -0.040625
0 0.073438 0.257031 -0.040625 -0.032813
0 0.057813 0.224219 -0.043750 -0.042188
0 0.046875 0.182812 -0.046875 -0.050000
0 0.018750 0.130469 -0.034375 -0.051562
0 0.010156 0.097656 -0.017188 -0.029687
0 0.325781 0.749219 0.026562 0.017188
0 0.323437 0.725000 -0.028125 -0.018750
0 0.304688 0.693750 -0.043750 -0.053125
0 0.282813 0.638281 -0.050000 -0.051562
0 0.266406 0.589844 -0.042188 -0.029687
0 0.253906 0.547656 -0.051562 -0.051562
0 0.232813 0.507812 -0.053125 -0.043750
0 0.214062 0.470313 -0.046875 -0.040625
0 0.201563 0.427344 -0.050000 -0.042188
0 0.185156 0.389844 -0.042188 -0.039062
0 0.165625 0.358594 -0.046875 -0.039062
0 0.146875 0.323437 -0.043750 -0.034375
0 0.128125 0.296094 -0.046875 -0.035937
0 0.110937 0.252344 -0.050000 -0.060937
0 0.091406 0.203906 -0.032813 -0.026562
0 0.082031 0.178906 -0.042188 -0.032813
0 0.060156 0.144531 -0.051562 -0.035937
0 0.050000 0.109375 -0.040625 -0.028125
0 0.028906 0.077344 -0.045312 -0.039062
0 0.020313 0.029687 -0.034375 -0.059375
0 0.369531 0.739062 -0.035937 -0.025000
0 0.357812 0.721094 -0.025000 -0.023438
0 0.344531 0.698438 -0.020313 -0.021875
0 0.336719 0.664844 -0.039062 -0.032813
0 0.328906 0.639062 -0.045312 -0.037500
0 0.315625 0.603125 -0.050000 -0.043750
0 0.303906 0.557813 -0.054688 -0.059375
0 0.281250 0.500781 -0.053125 -0.048438
0 0.257812 0.460156 -0.050000 -0.042188
0 0.235156 0.417187 -0.032813 -0.040625
0 0.221094 0.376563 -0.045312 -0.040625
0 0.191406 0.331250 -0.045312 -0.056250
0 0.164844 0.279687 -0.051562 -0.056250
0 0.152344 0.237500 -0.045312 -0.050000
0 0.132812 0.200000 -0.050000 -0.028125
0 0.120313 0.172656 -0.053125 -0.045312
0 0.104688 0.131250 -0.053125 -0.046875
0 0.078125 0.094531 -0.053125 -0.045312
0 0.057813 0.056250 -0.046875 -0.037500
0 0.051562 0.019531 -0.037500 -0.039062
0 0.396875 0.707812 0.018750 0.015625
0 0.372656 0.660937 -0.035937 -0.028125
0 0.368750 0.625000 -0.034375 -0.031250
0 0.357031 0.594531 -0.039062 -0.032813
0 0.350000 0.558594 -0.018750 -0.042188
0 0.336719 0.520312 -0.051562 -0.037500
0 0.314844 0.478125 -0.039062 -0.043750
0 0.278906 0.439844 -0.051562 -0.035937
0 0.267188 0.405469 -0.046875 -0.042188
0 0.260937 0.370312 -0.053125 -0.034375
0 0.235156 0.336719 -0.051562 -0.032813
0 0.217188 0.308594 -0.046875 -0.032813
0 0.208594 0.283594 -0.048438 -0.029687
0 0.198437 0.253906 -0.037500 -0.026562
0 0.189844 0.223438 -0.048438 -0.043750
0 0.168750 0.187500 -0.056250 -0.043750
0 0.168750 0.151562 -0.043750 -0.028125
0 0.142969 0.121094 -0.039062 -0.039062
0 0.116406 0.085156 -0.045312 -0.035937
0 0.103125 0.056250 -0.043750 -0.034375
0 0.073438 0.001563 0.000000 0.000000
0 0.348438 0.476562 -0.040625 -0.037500
0 0.381250 0.466406 -0.028125 -0.029687
0 0.354687 0.433594 -0.046875 -0.042188
0 0.314063 0.439063 -0.031250 -0.034375
0 0.314844 0.401562 -0.042188 -0.034375
0 0.348438 0.393750 -0.040625 -0.034375
0 0.298438 0.364844 -0.037500 -0.029687
0 0.335938 0.365625 -0.040625 -0.028125
0 0.284375 0.335156 -0.037500 -0.032813
0 0.318750 0.334375 -0.040625 -0.025000
0 0.267188 0.307812 -0.050000 -0.037500
0 0.310937 0.308594 -0.034375 -0.029687
0 0.254688 0.273438 -0.040625 -0.031250
0 0.239063 0.239063 -0.053125 -0.040625
0 0.232813 0.196875 -0.046875 -0.037500
0 0.207813 0.162500 -0.040625 -0.034375
0 0.192969 0.128125 -0.064062 -0.037500
0 0.164844 0.088281 -0.054688 -0.045312
0 0.150000 0.052344 -0.059375 -0.035937
0 0.086719 0.020313 -0.023438 -0.040625
0 0.116406 0.020313 -0.026562 -0.037500
0 0.134375 0.003125 0.000000 0.000000
0 0.142969 0.019531 -0.017188 -0.032813
0 0.156250 0.004687 0.000000 0.000000
0 0.182031 0.018750 -0.020313 -0.034375
0 0.163281 0.020313 -0.020313 -0.037500
0 0.190625 0.046875 -0.025000 -0.025000
0 0.205469 0.075781 -0.039062 -0.039062
0 0.222656 0.110937 -0.026562 -0.034375
0 0.231250 0.137500 -0.028125 -0.043750
0 0.414844 0.466406 0.035937 0.017188
0 0.403125 0.440625 -0.034375 -0.031250
0 0.390625 0.422656 -0.028125 -0.023438
0 0.398438 0.397656 -0.009375 -0.032813
0 0.378906 0.394531 -0.023438 -0.039062
0 0.370312 0.361719 -0.025000 -0.035937
0 0.372656 0.334375 -0.017188 -0.031250
0 0.349219 0.327344 -0.032813 -0.039062
0 0.339062 0.295312 -0.021875 -0.025000
0 0.290625 0.275000 -0.031250 -0.034375
0 0.285938 0.241406 -0.031250 -0.039062
0 0.267969 0.202344 -0.020313 -0.048438
0 0.244531 0.164062 -0.039062 -0.028125
0 0.318750 0.284375 0.021875 0.025000
0 0.459375 0.450000 0.031250 0.031250
0 0.428906 0.439063 -0.014063 -0.040625
0 0.414844 0.410938 -0.023438 -0.025000
0 0.389844 0.363281 -0.029687 -0.029687
0 0.452344 0.422656 -0.023438 -0.029687
0 0.436719 0.403125 -0.032813 -0.037500
0 0.413281 0.382812 -0.026562 -0.028125
0 0.425781 0.367188 -0.032813 -0.031250
0 0.403125 0.333594 -0.043750 -0.029687
0 0.396875 0.307812 -0.043750 -0.028125
0 0.364063 0.291406 -0.043750 -0.045312
0 0.328906 0.261719 -0.042188 -0.032813
0 0.318750 0.232813 -0.037500 -0.034375
0 0.298438 0.200000 -0.046875 -0.037500
0 0.289844 0.166406 -0.045312 -0.035937
0 0.283594 0.140625 -0.039062 -0.025000
0 0.256250 0.131250 -0.034375 -0.034375
0 0.245312 0.102344 -0.040625 -0.032813
0 0.246094 0.071094 -0.048438 -0.035937
0 0.221094 0.052344 -0.048438 -0.023438
0 0.211719 0.021875 -0.032813 -0.043750
0 0.235156 0.021094 -0.014063 -0.039062
0 0.252344 0.017969 -0.032813 -0.032813
0 0.488281 0.444531 0.023438 0.026562
0 0.479687 0.418750 -0.031250 -0.034375
0 0.482031 0.394531 -0.020313 -0.017188
0 0.460938 0.382812 -0.028125 -0.043750
0 0.455469 0.349219 -0.029687 -0.029687
0 0.435937 0.333594 -0.021875 -0.029687
0 0.432812 0.311719 -0.028125 -0.026562
0 0.397656 0.284375 -0.026562 -0.031250
0 0.366406 0.251563 -0.039062 -0.031250
0 0.353906 0.217969 -0.042188 -0.032813
0 0.341406 0.189844 -0.060937 -0.035937
0 0.344531 0.166406 -0.020313 -0.023438
0 0.323437 0.145313 -0.037500 -0.046875
0 0.287500 0.112500 -0.040625 -0.040625
0 0.296094 0.086719 0.020313 0.020313
0 0.278906 0.064062 -0.035937 -0.043750
0 0.264844 0.035156 -0.026562 -0.039062
0 0.278906 0.010937 -0.029687 -0.021875
0 0.519531 0.431250 0.029687 0.021875
0 0.516406 0.407813 -0.035937 -0.037500
0 0.507812 0.379688 -0.028125 -0.028125
0 0.487500 0.353125 -0.050000 -0.034375
0 0.459375 0.321094 -0.046875 -0.035937
0 0.436719 0.292969 -0.057813 -0.032813
0 0.414844 0.260156 -0.051562 -0.039062
0 0.400000 0.220312 -0.046875 -0.040625
0 0.388281 0.192188 -0.029687 -0.040625
0 0.364063 0.152344 -0.034375 -0.048438
0 0.335156 0.107031 -0.051562 -0.039062
0 0.326562 0.078125 -0.034375 -0.031250
0 0.304688 0.051562 0.037500 0.037500
0 0.308594 0.019531 -0.032813 -0.039062
0 0.545312 0.443750 -0.028125 -0.028125
0 0.541406 0.415625 -0.032813 -0.031250
0 0.546875 0.374219 -0.031250 -0.039062
0 0.570312 0.434375 -0.021875 -0.040625
0 0.597656 0.430469 -0.029687 -0.035937
0 0.588281 0.390625 -0.042188 -0.046875
0 0.562500 0.332813 -0.050000 -0.056250
0 0.521875 0.328906 -0.037500 -0.042188
0 0.487500 0.317969 -0.037500 -0.039062
0 0.467187 0.280469 -0.046875 -0.042188
0 0.507812 0.285938 -0.050000 -0.050000
0 0.450000 0.238281 -0.037500 -0.042188
0 0.437500 0.204687 -0.037500 -0.043750
0 0.410156 0.189062 -0.023438 -0.025000
0 0.421094 0.161719 0.017188 0.026562
0 0.394531 0.142187 -0.029687 -0.053125
0 0.371094 0.102344 -0.045312 -0.035937
0 0.366406 0.068750 -0.032813 -0.031250
0 0.341406 0.047656 -0.042188 -0.029687
0 0.342187 0.020313 -0.037500 -0.037500
0 0.482031 0.237500 -0.039062 -0.034375
0 0.467187 0.201563 -0.037500 -0.043750
0 0.439844 0.164062 -0.039062 -0.034375
0 0.428906 0.127344 -0.039062 -0.042188
0 0.410938 0.086719 -0.043750 -0.039062
0 0.396875 0.055469 -0.056250 -0.042188
0 0.382812 0.025000 -0.046875 -0.043750
0 0.539844 0.289844 -0.042188 -0.035937
0 0.531250 0.253906 -0.056250 -0.045312
0 0.513281 0.221094 -0.045312 -0.032813
0 0.498437 0.192188 -0.031250 -0.040625
0 0.475781 0.157812 -0.039062 -0.034375
0 0.462500 0.126562 -0.028125 -0.050000
0 0.446094 0.084375 -0.042188 -0.053125
0 0.431250 0.033594 -0.028125 -0.045312
0 0.425000 0.015625 -0.028125 -0.031250
0 0.621875 0.432812 0.018750 0.025000
0 0.647656 0.428125 -0.032813 -0.043750
0 0.622656 0.391406 -0.032813 -0.042188
0 0.610156 0.352344 -0.035937 -0.039062
0 0.592187 0.299219 -0.043750 -0.057813
0 0.576562 0.262500 -0.043750 -0.034375
0 0.560156 0.228906 -0.060937 -0.051562
0 0.535937 0.185938 -0.034375 -0.056250
0 0.511719 0.148438 -0.039062 -0.034375
0 0.489063 0.125781 -0.040625 -0.029687
0 0.491406 0.092969 -0.042188 -0.057813
0 0.478906 0.060156 -0.042188 -0.045312
0 0.460156 0.032813 0.032813 0.059375
0 0.491406 0.024219 -0.032813 -0.045312
0 0.521875 0.018750 -0.037500 -0.034375
0 0.539062 0.003125 0.000000 0.000000
0 0.564844 0.182031 -0.057813 -0.051562
0 0.541406 0.137500 -0.048438 -0.043750
0 0.529687 0.106250 -0.040625 -0.040625
0 0.514844 0.064062 -0.048438 -0.046875
0 0.546094 0.046875 -0.045312 -0.037500
0 0.542188 0.003125 0.000000 0.000000
0 0.560937 0.076563 -0.040625 -0.031250
0 0.553125 0.020313 -0.021875 -0.037500
0 0.567187 0.103125 -0.031250 -0.021875
0 0.585156 0.135156 -0.045312 -0.045312
0 0.606250 0.174219 -0.040625 -0.039062
0 0.620313 0.217969 -0.050000 -0.064062
0 0.678125 0.435937 -0.053125 -0.043750
0 0.667969 0.396875 -0.048438 -0.040625
0 0.642188 0.365625 -0.028125 -0.059375
0 0.630469 0.314844 -0.035937 -0.064062
0 0.616406 0.268750 -0.039062 -0.040625
0 0.585938 0.020313 0.037500 0.037500
0 0.591406 0.055469 -0.048438 -0.042188
0 0.605469 0.085938 -0.042188 -0.025000
0 0.622656 0.109375 -0.042188 -0.046875
0 0.635156 0.148438 -0.048438 -0.043750
0 0.646094 0.179688 -0.051562 -0.031250
0 0.666406 0.203906 -0.057813 -0.042188
0 0.663281 0.258594 0.054688 0.067187
0 0.621094 0.267188 -0.060937 -0.050000
0 0.703906 0.252344 -0.026562 -0.048438
0 0.675000 0.318750 -0.046875 -0.046875
0 0.680469 0.352344 -0.039062 -0.048438
0 0.734375 0.439063 -0.050000 -0.028125
0 0.716406 0.399219 -0.057813 -0.054688
0 0.710156 0.296875 -0.032813 -0.046875
0 0.716406 0.335156 -0.042188 -0.039062
0 0.736719 0.359375 -0.048438 -0.059375
0 0.628125 0.001563 0.000000 0.000000
0 0.610938 0.003125 0.000000 0.000000
0 0.622656 0.021094 0.026562 0.029687
0 0.627344 0.042969 -0.048438 -0.026562
0 0.645312 0.064062 -0.043750 -0.040625
0 0.653906 0.105469 -0.035937 -0.042188
0 0.664844 0.146875 -0.035937 -0.046875
0 0.692187 0.155469 -0.028125 -0.045312
0 0.700000 0.184375 -0.031250 -0.037500
0 0.713281 0.204687 -0.032813 -0.034375
0 0.720313 0.231250 -0.037500 -0.031250
0 0.730469 0.285156 -0.035937 -0.064062
0 0.760156 0.282813 -0.020313 -0.056250
0 0.761719 0.324219 -0.029687 -0.035937
0 0.782031 0.342969 -0.045312 -0.048438
0 0.792969 0.380469 -0.057813 -0.048438
0 0.768750 0.410938 -0.046875 -0.046875
0 0.771875 0.448437 -0.053125 -0.046875
0 0.796094 0.483594 -0.035937 -0.048438
0 0.812500 0.422656 -0.050000 -0.035937
0 0.812500 0.508594 -0.037500 -0.054688
0 0.814063 0.454688 -0.037500 -0.046875
0 0.840625 0.442188 -0.021875 -0.037500
0 0.837500 0.542969 -0.040625 -0.039062
0 0.850781 0.496094 -0.039062 -0.057813
0 0.871875 0.524219 0.043750 0.045312
0 0.869531 0.560937 -0.042188 -0.037500
0 0.896094 0.545312 -0.010937 -0.040625
0 0.914062 0.559375 -0.028125 -0.034375
0 0.925000 0.538281 -0.021875 -0.042188
0 0.911719 0.521875 -0.032813 -0.043750
0 0.952344 0.552344 0.032813 0.017188
0 0.985938 0.539844 0.018750 0.023438
0 0.971094 0.539844 0.023438 0.020313
0 0.942969 0.528906 0.023438 0.032813
0 0.969531 0.517969 0.026562 0.023438
0 0.990625 0.520312 0.009375 0.021875
0 0.989844 0.498437 0.010937 0.025000
0 0.637500 0.003125 0.000000 0.000000
0 0.683594 0.037500 -0.042188 -0.046875
0 0.665625 0.015625 -0.053125 -0.025000
0 0.683594 0.061719 -0.032813 -0.045312
0 0.703906 0.100781 -0.064062 -0.039062
0 0.718750 0.024219 -0.043750 -0.045312
0 0.726562 0.055469 -0.043750 -0.029687
0 0.707031 0.138281 -0.023438 -0.039062
0 0.728125 0.132812 -0.028125 -0.040625
0 0.739844 0.085938 -0.048438 -0.037500
0 0.760938 0.122656 -0.053125 -0.035937
0 0.723437 0.171875 -0.028125 -0.021875
0 0.747656 0.159375 -0.035937 -0.037500
0 0.742969 0.196094 -0.017188 -0.051562
0 0.762500 0.232031 -0.043750 -0.039062
0 0.783594 0.263281 -0.039062 -0.048438
0 0.801562 0.295312 -0.025000 -0.040625
0 0.783594 0.306250 -0.026562 -0.040625
0 0.808594 0.332813 -0.029687 -0.043750
0 0.826562 0.358594 -0.037500 -0.032813
0 0.832031 0.384375 -0.026562 -0.028125
0 0.847656 0.414844 -0.057813 -0.035937
0 0.865625 0.446875 -0.034375 -0.034375
0 0.886719 0.469531 -0.032813 -0.045312
0 0.914062 0.488281 -0.037500 -0.023438
0 0.937500 0.496094 -0.028125 -0.032813
0 0.962500 0.489063 -0.034375 -0.034375
0 0.992188 0.468750 0.009375 0.031250
0 0.743750 0.017188 -0.025000 -0.034375
0 0.772656 0.016406 -0.026562 -0.032813
0 0.803125 0.014844 -0.028125 -0.026562
0 0.822656 0.005469 -0.029687 -0.007812
0 0.845313 0.010156 -0.012500 -0.017188
0 0.853125 0.004687 0.000000 0.000000
0 0.768750 0.042188 -0.040625 -0.037500
0 0.788281 0.074219 -0.039062 -0.042188
0 0.787500 0.107031 -0.037500 -0.029687
0 0.801562 0.035156 -0.034375 -0.026562
0 0.826562 0.020313 -0.031250 -0.028125
0 0.826562 0.049219 -0.018750 -0.026562
0 0.833594 0.076563 -0.032813 -0.040625
0 0.821094 0.096094 -0.023438 -0.035937
0 0.804688 0.125000 -0.028125 -0.028125
0 0.787500 0.161719 -0.034375 -0.042188
0 0.768750 0.192188 -0.028125 -0.025000
0 0.764844 0.215625 -0.029687 -0.031250
0 0.789062 0.195312 -0.037500 -0.040625
0 0.802344 0.219531 -0.039062 -0.051562
0 0.823438 0.263281 -0.037500 -0.042188
0 0.828906 0.295312 -0.051562 -0.028125
0 0.832812 0.326562 -0.015625 -0.037500
0 0.850000 0.363281 -0.028125 -0.039062
0 0.857812 0.328125 -0.037500 -0.043750
0 0.877344 0.367188 -0.035937 -0.040625
0 0.882812 0.398438 -0.031250 -0.053125
0 0.881250 0.430469 -0.021875 -0.035937
0 0.913281 0.462500 -0.023438 -0.034375
0 0.903906 0.435156 -0.035937 -0.026562
0 0.928906 0.463281 -0.010937 -0.026562
0 0.936719 0.452344 -0.026562 -0.035937
0 0.957031 0.445312 -0.023438 -0.056250
0 0.975000 0.458594 -0.015625 -0.020313
0 0.976562 0.425000 -0.021875 -0.050000
0 0.989844 0.440625 0.014063 0.028125
0 0.824219 0.154688 -0.035937 -0.040625
0 0.822656 0.127344 -0.026562 -0.039062
0 0.820312 0.193750 -0.025000 -0.043750
0 0.839844 0.189844 -0.026562 -0.026562
0 0.848437 0.225000 -0.050000 -0.046875
0 0.858594 0.265625 0.045312 0.050000
0 0.870313 0.296094 0.034375 0.026562
0 0.884375 0.324219 -0.043750 -0.032813
0 0.900000 0.350781 -0.034375 -0.029687
0 0.900781 0.379688 -0.023438 -0.037500
0 0.910937 0.403906 -0.034375 -0.045312
0 0.940625 0.416406 0.043750 0.035937
0 0.942187 0.389062 0.025000 0.021875
0 0.961719 0.391406 0.029687 0.032813
0 0.990625 0.406250 0.000000 0.000000
0 0.967187 0.359375 -0.031250 -0.031250
0 0.985156 0.386719 0.023438 0.051562
0 0.934375 0.364063 -0.037500 -0.040625
0 0.945312 0.326562 -0.034375 -0.040625
0 0.927344 0.314844 -0.020313 -0.045312
0 0.914062 0.308594 -0.043750 -0.032813
0 0.925781 0.288281 -0.035937 -0.032813
0 0.891406 0.275000 -0.032813 -0.034375
0 0.909375 0.248438 -0.040625 -0.050000
0 0.893750 0.245312 -0.018750 -0.031250
0 0.884375 0.218750 -0.037500 -0.040625
0 0.875781 0.188281 -0.045312 -0.032813
0 0.864844 0.164844 -0.045312 -0.045312
0 0.852344 0.130469 -0.039062 -0.039062
0 0.843750 0.107031 -0.037500 -0.032813
0 0.828125 0.003125 0.000000 0.000000
0 0.854688 0.038281 -0.037500 -0.035937
0 0.859375 0.017969 -0.021875 -0.035937
0 0.860938 0.071875 -0.034375 -0.043750
0 0.878906 0.098437 -0.042188 -0.028125
0 0.892969 0.126562 -0.045312 -0.031250
0 0.898438 0.153906 -0.031250 -0.023438
0 0.912500 0.178906 -0.043750 -0.032813
0 0.913281 0.196094 -0.014063 -0.057813
0 0.932813 0.207813 -0.034375 -0.028125
0 0.938281 0.246094 -0.023438 -0.057813
0 0.960938 0.255469 -0.031250 -0.064062
0 0.961719 0.295312 -0.029687 -0.040625
0 0.992969 0.353906 0.010937 0.026562
0 0.975781 0.339062 -0.026562 -0.037500
0 0.985156 0.325000 0.020313 0.037500
0 0.982031 0.297656 -0.014063 -0.045312
0 0.992188 0.297656 0.009375 0.048438
0 0.964844 0.267969 0.020313 0.035937
0 0.984375 0.257812 0.028125 0.043750
0 0.978125 0.218750 0.037500 0.040625
0 0.960156 0.193750 0.039062 0.040625
0 0.947656 0.159375 0.048438 0.050000
0 0.936719 0.130469 0.045312 0.035937
0 0.917969 0.094531 0.057813 0.045312
0 0.896875 0.060937 -0.050000 -0.053125
0 0.895312 0.024219 -0.043750 -0.045312
0 0.931250 0.017969 -0.040625 -0.035937
0 0.935937 0.048438 -0.043750 -0.040625
0 0.959375 0.071094 -0.031250 -0.039062
0 0.964844 0.110937 -0.042188 -0.046875
0 0.975000 0.141406 -0.031250 -0.035937
0 0.989062 0.167187 0.015625 0.068750
0 0.991406 0.095312 0.014063 0.071875
0 0.980469 0.067969 0.026562 0.042188
0 0.963281 0.027344 -0.032813 -0.054688
0 0.989062 0.028125 0.015625 0.046875
