0 0.017969 0.251563 -0.035937 -0.025000
0 0.013281 0.232031 -0.023438 -0.020313
0 0.010156 0.207813 -0.017188 -0.025000
0 0.057031 0.241406 -0.029687 -0.020313
0 0.048438 0.222656 -0.031250 -0.017188
0 0.041406 0.205469 -0.023438 -0.017188
0 0.032031 0.185156 -0.032813 -0.023438
0 0.019531 0.162500 -0.039062 -0.021875
0 0.015625 0.135937 -0.031250 -0.021875
0 0.014063 0.113281 -0.021875 -0.020313
0 0.003125 0.093750 -0.006250 -0.012500
0 0.086719 0.227344 -0.023438 -0.017188
0 0.075000 0.195312 -0.031250 -0.031250
0 0.060937 0.165625 -0.025000 -0.028125
0 0.053125 0.139844 -0.037500 -0.020313
0 0.047656 0.118750 -0.032813 -0.028125
0 0.032031 0.092188 -0.032813 -0.018750
0 0.024219 0.073438 -0.039062 -0.021875
0 0.014063 0.046875 -0.028125 -0.025000
0 0.007031 0.022656 -0.014063 -0.020313
0 0.116406 0.210156 -0.017188 -0.014063
0 0.110156 0.193750 -0.029687 -0.018750
0 0.106250 0.173437 -0.031250 -0.018750
0 0.091406 0.152344 -0.039062 -0.026562
0 0.082031 0.121875 -0.032813 -0.031250
0 0.075781 0.093750 -0.032813 -0.028125
0 0.060937 0.069531 -0.040625 -0.029687
0 0.044531 0.039844 -0.045312 -0.026562
0 0.039062 0.010937 -0.043750 -0.018750
0 0.150781 0.198437 -0.020313 -0.018750
0 0.143750 0.182031 -0.031250 -0.023438
0 0.135937 0.155469 -0.028125 -0.026562
0 0.125000 0.132812 -0.034375 -0.025000
0 0.114062 0.105469 -0.025000 -0.032813
0 0.101562 0.071875 -0.031250 -0.031250
0 0.092188 0.040625 -0.031250 -0.025000
0 0.081250 0.013281 -0.031250 -0.023438
0 0.182812 0.192969 -0.021875 -0.014063
0 0.179688 0.171875 -0.025000 -0.025000
0 0.175781 0.146875 -0.032813 -0.028125
0 0.165625 0.124219 -0.040625 -0.026562
0 0.144531 0.096875 -0.045312 -0.031250
0 0.135156 0.067187 -0.039062 -0.021875
0 0.123438 0.035937 -0.037500 -0.025000
0 0.119531 0.012500 -0.032813 -0.021875
0 0.213281 0.166406 -0.029687 -0.020313
0 0.208594 0.143750 -0.035937 -0.031250
0 0.198437 0.117188 -0.021875 -0.031250
0 0.185156 0.090625 -0.039062 -0.025000
0 0.176563 0.064062 -0.040625 -0.025000
0 0.165625 0.039844 -0.046875 -0.026562
0 0.162500 0.014844 -0.043750 -0.026562
0 0.254688 0.168750 -0.018750 -0.015625
0 0.246875 0.144531 -0.031250 -0.023438
0 0.242969 0.116406 -0.029687 -0.026562
0 0.225000 0.082031 -0.034375 -0.035937
0 0.211719 0.043750 -0.039062 -0.028125
0 0.207813 0.015625 -0.034375 -0.028125
0 0.291406 0.150000 -0.020313 -0.018750
0 0.286719 0.128906 -0.029687 -0.023438
0 0.275000 0.106250 -0.037500 -0.025000
0 0.265625 0.078906 -0.040625 -0.032813
0 0.252344 0.046875 -0.029687 -0.031250
0 0.244531 0.018750 -0.032813 -0.031250
0 0.332031 0.142187 -0.023438 -0.021875
0 0.320312 0.117969 -0.034375 -0.032813
0 0.313281 0.089844 -0.039062 -0.023438
0 0.298438 0.069531 -0.034375 -0.026562
0 0.282813 0.051562 -0.040625 -0.025000
0 0.278125 0.027344 -0.034375 -0.017188
0 0.274219 0.010156 -0.026562 -0.020313
0 0.360938 0.114062 -0.037500 -0.025000
0 0.353906 0.089063 -0.042188 -0.025000
0 0.334375 0.063281 -0.037500 -0.026562
0 0.323437 0.031250 -0.031250 -0.028125
0 0.307031 0.010156 -0.035937 -0.020313
0 0.393750 0.107813 -0.031250 -0.028125
0 0.389844 0.082812 -0.032813 -0.021875
0 0.376563 0.055469 -0.040625 -0.032813
0 0.362500 0.027344 -0.040625 -0.026562
0 0.354687 0.013281 -0.050000 -0.020313
0 0.435156 0.106250 -0.017188 -0.018750
0 0.430469 0.080469 -0.032813 -0.032813
0 0.413281 0.050000 -0.039062 -0.034375
0 0.417969 0.025000 -0.010937 -0.018750
0 0.400781 0.010937 -0.032813 -0.021875
0 0.456250 0.050781 -0.037500 -0.032813
0 0.452344 0.018750 -0.029687 -0.031250
0 0.433594 0.017188 -0.029687 -0.025000
0 0.494531 0.032031 -0.020313 -0.020313
0 0.482812 0.011719 -0.028125 -0.023438
0 0.510156 0.079687 -0.014063 -0.012500
0 0.571094 0.036719 0.026562 0.026562
0 0.615625 0.041406 0.021875 0.017188
0 0.689844 0.021094 0.020313 0.020313
0 0.722656 0.006250 -0.023438 -0.012500
