0 0.582031 0.012500 0.026562 0.015625
0 0.625781 0.014844 0.020313 0.017188
0 0.500000 0.007812 -0.015625 -0.015625
0 0.518750 0.053906 -0.018750 -0.020313
0 0.446875 0.082812 -0.025000 -0.018750
0 0.466406 0.023438 -0.045312 -0.028125
0 0.460938 0.010156 -0.034375 -0.017188
0 0.432031 0.061719 0.026562 0.026562
0 0.423438 0.025000 -0.046875 -0.050000
0 0.416406 0.100000 0.023438 0.034375
0 0.396875 0.071094 0.040625 0.039062
0 0.378906 0.028125 -0.054688 -0.053125
0 0.371875 0.092969 0.031250 0.023438
0 0.357031 0.067187 0.045312 0.043750
0 0.337500 0.026562 -0.050000 -0.050000
0 0.297656 0.018750 -0.048438 -0.037500
0 0.306250 0.044531 0.040625 0.039062
0 0.322656 0.072656 0.029687 0.029687
0 0.329688 0.099219 0.028125 0.026562
0 0.344531 0.117188 0.014063 0.018750
0 0.260937 0.014844 -0.037500 -0.029687
0 0.271094 0.046875 -0.042188 -0.031250
0 0.284375 0.072656 -0.040625 -0.035937
0 0.295312 0.096875 -0.037500 -0.018750
0 0.300781 0.120313 -0.017188 -0.021875
0 0.204687 0.001563 0.000000 0.000000
0 0.235937 0.053125 -0.043750 -0.034375
0 0.223438 0.017188 -0.040625 -0.031250
0 0.250781 0.085156 -0.032813 -0.020313
0 0.261719 0.117188 -0.035937 -0.028125
0 0.264062 0.141406 -0.021875 -0.010937
0 0.220312 0.141406 0.031250 0.029687
0 0.213281 0.105469 0.042188 0.045312
0 0.194531 0.061719 0.032813 0.032813
0 0.178906 0.021094 -0.039062 -0.042188
0 0.188281 0.164844 0.020313 0.017188
0 0.188281 0.137500 -0.026562 -0.031250
0 0.180469 0.111719 -0.042188 -0.032813
0 0.163281 0.077344 -0.045312 -0.042188
0 0.147656 0.027344 -0.054688 -0.054688
0 0.157031 0.174219 0.020313 0.014063
0 0.150781 0.156250 -0.032813 -0.025000
0 0.143750 0.123438 -0.037500 -0.037500
0 0.129688 0.096094 -0.031250 -0.026562
0 0.117969 0.069531 -0.039062 -0.023438
0 0.108594 0.029687 -0.042188 -0.056250
0 0.122656 0.182031 -0.020313 -0.017188
0 0.116406 0.163281 -0.026562 -0.017188
0 0.105469 0.134375 -0.039062 -0.046875
0 0.085156 0.088281 -0.039062 -0.045312
0 0.071094 0.033594 -0.060937 -0.067187
0 0.026562 0.026562 -0.050000 -0.050000
0 0.041406 0.065625 -0.045312 -0.034375
0 0.053906 0.099219 -0.035937 -0.051562
0 0.065625 0.140625 -0.037500 -0.034375
0 0.082812 0.170313 -0.040625 -0.031250
0 0.095312 0.201563 0.021875 0.021875
0 0.019531 0.090625 -0.035937 -0.068750
0 0.032813 0.142187 -0.043750 -0.046875
0 0.051562 0.186719 -0.040625 -0.042188
0 0.064062 0.218750 -0.028125 -0.025000
0 0.017188 0.169531 -0.034375 -0.073438
0 0.023438 0.228906 -0.046875 -0.039062
