0 0.946094 0.967969 0.029687 0.017188
0 0.960938 0.989844 0.034375 0.035937
0 0.939844 0.944531 0.045312 0.048438
0 0.925781 0.911719 0.042188 0.032813
0 0.911719 0.890625 0.039062 0.034375
0 0.897656 0.860156 0.045312 0.042188
0 0.840625 0.918750 0.043750 0.034375
0 0.856250 0.946875 0.046875 0.050000
0 0.873437 0.978906 0.050000 0.042188
0 0.905469 0.967187 0.035937 0.031250
0 0.899219 0.941406 0.048438 0.039062
0 0.882031 0.919531 0.045312 0.039062
0 0.873437 0.900781 0.050000 0.035937
0 0.820312 0.889062 0.040625 0.034375
0 0.850000 0.875781 0.040625 0.035937
0 0.998437 0.985156 0.046875 0.035937
0 0.985156 0.943750 0.045312 0.043750
0 0.960156 0.914062 0.039062 0.037500
0 0.945312 0.883594 0.043750 0.032813
0 0.939844 0.864062 0.032813 0.037500
0 1.003125 0.916406 0.040625 0.039062
0 0.985156 0.877344 0.032813 0.045312
0 0.969531 0.855469 0.039062 0.035937
0 0.956250 0.821094 0.028125 0.029687
0 0.941406 0.794531 0.032813 0.035937
0 0.925000 0.755469 0.037500 0.035937
0 0.914844 0.729688 0.051562 0.034375
0 0.896094 0.699219 0.051562 0.032813
0 0.886719 0.666406 0.048438 0.039062
0 0.864062 0.628906 0.040625 0.042188
0 0.855469 0.611719 0.039062 0.039062
0 0.846875 0.583594 0.043750 0.039062
0 0.835156 0.552344 0.042188 0.035937
0 0.816406 0.522656 0.035937 0.035937
0 0.807031 0.505469 0.035937 0.035937
0 0.796875 0.485156 0.034375 0.039062
0 0.788281 0.465625 0.042188 0.040625
0 0.775000 0.437500 0.037500 0.040625
0 0.764062 0.410938 0.043750 0.040625
0 0.747656 0.382031 0.048438 0.048438
0 0.735938 0.350000 0.040625 0.037500
0 0.724219 0.315625 0.035937 0.040625
0 0.710156 0.290625 0.035937 0.028125
0 0.701562 0.268750 0.037500 0.021875
0 0.682031 0.222656 0.035937 0.029687
0 0.692969 0.248438 0.039062 0.040625
0 0.663281 0.190625 0.035937 0.040625
0 0.649219 0.164844 0.032813 0.029687
0 0.631250 0.129688 0.040625 0.037500
0 0.624219 0.100000 0.035937 0.043750
0 0.610938 0.080469 0.040625 0.039062
0 0.602344 0.060156 0.042188 0.045312
0 0.585156 0.020313 0.035937 0.040625
0 0.995313 0.826562 0.034375 0.037500
0 0.979688 0.783594 0.040625 0.042188
0 0.965625 0.759375 0.037500 0.043750
0 0.949219 0.724219 0.045312 0.042188
0 0.932031 0.692187 0.032813 0.034375
0 0.920312 0.653906 0.031250 0.039062
0 0.645312 0.053906 0.037500 0.039062
0 0.632031 0.027344 0.042188 0.032813
0 0.664062 0.092969 0.031250 0.045312
0 0.675781 0.130469 0.029687 0.029687
0 0.684375 0.159375 0.018750 0.031250
0 0.703125 0.196094 0.028125 0.032813
0 0.716406 0.224219 0.020313 0.026562
0 0.728125 0.250000 0.025000 0.031250
0 0.739844 0.280469 0.032813 0.035937
0 0.757812 0.315625 0.031250 0.031250
0 0.774219 0.339062 0.026562 0.028125
0 0.789062 0.371094 0.025000 0.035937
0 0.800000 0.401562 0.021875 0.031250
0 0.811719 0.426563 0.026562 0.028125
0 0.826562 0.448437 0.025000 0.031250
0 0.836719 0.473438 0.029687 0.034375
0 0.852344 0.503125 0.029687 0.040625
0 0.869531 0.541406 0.029687 0.035937
0 0.882812 0.571094 0.034375 0.032813
0 0.892969 0.594531 0.023438 0.029687
0 0.902344 0.617969 0.029687 0.039062
0 0.662500 0.014063 -0.034375 -0.040625
0 0.678906 0.052344 -0.045312 -0.035937
0 0.701562 0.103125 -0.046875 -0.037500
0 0.717187 0.138281 0.043750 0.039062
0 0.727344 0.172656 0.042188 0.032813
0 0.743750 0.202344 0.034375 0.032813
0 0.757812 0.233594 0.031250 0.032813
0 0.769531 0.265625 0.035937 0.037500
0 0.789062 0.300000 0.037500 0.037500
0 0.801562 0.332031 0.031250 0.039062
0 0.820312 0.365625 0.043750 0.031250
0 0.831250 0.395313 0.040625 0.031250
0 0.854688 0.430469 0.043750 0.048438
0 0.871094 0.469531 0.029687 0.026562
0 0.883594 0.498437 0.029687 0.025000
0 0.895312 0.525000 0.034375 0.031250
0 0.905469 0.553906 0.026562 0.045312
0 0.925000 0.578125 0.040625 0.031250
0 0.933594 0.607812 0.029687 0.028125
0 0.948438 0.638281 0.031250 0.032813
0 0.958594 0.670312 0.035937 0.031250
0 0.973437 0.691406 0.028125 0.029687
0 0.988281 0.717969 0.032813 0.032813
0 0.695312 0.016406 -0.040625 -0.039062
0 0.719531 0.052344 -0.048438 -0.035937
0 0.738281 0.095312 -0.042188 -0.034375
0 0.759375 0.139844 -0.043750 -0.035937
0 0.773438 0.177344 -0.050000 -0.026562
0 0.796875 0.240625 -0.046875 -0.028125
0 0.784375 0.205469 -0.050000 -0.026562
0 0.812500 0.272656 0.037500 0.029687
0 0.828125 0.304688 0.037500 0.037500
0 0.845313 0.335938 0.034375 0.025000
0 0.864062 0.364844 0.025000 0.039062
0 0.875781 0.391406 0.039062 0.035937
0 0.893750 0.426563 0.031250 0.040625
0 0.910937 0.458594 0.037500 0.042188
0 0.930469 0.489063 0.051562 0.043750
0 0.937500 0.527344 0.037500 0.026562
0 0.950000 0.551562 0.040625 0.043750
0 0.975000 0.589844 0.031250 0.032813
0 0.984375 0.623437 0.034375 0.025000
0 0.989062 0.651563 0.028125 0.040625
0 0.747656 0.013281 -0.048438 -0.026562
0 0.754687 0.044531 -0.043750 -0.026562
0 0.764844 0.065625 -0.029687 -0.025000
0 0.781250 0.102344 -0.050000 -0.035937
0 0.803125 0.150781 -0.046875 -0.029687
0 0.820312 0.182031 -0.040625 -0.029687
0 0.837500 0.218750 -0.050000 -0.028125
0 0.853125 0.254688 -0.056250 -0.031250
0 0.872656 0.296875 -0.057813 -0.046875
0 0.890625 0.339844 -0.056250 -0.029687
0 0.914062 0.374219 -0.050000 -0.026562
0 0.924219 0.407813 -0.032813 -0.046875
0 0.937500 0.450781 -0.046875 -0.032813
0 0.976562 0.518750 -0.040625 -0.050000
0 0.784375 0.017188 -0.046875 -0.031250
0 0.790625 0.048438 -0.043750 -0.028125
0 0.806250 0.071875 -0.046875 -0.025000
0 0.823438 0.107813 -0.043750 -0.028125
0 0.842969 0.146094 -0.048438 -0.039062
0 0.860938 0.188281 -0.046875 -0.032813
0 0.878906 0.222656 -0.035937 -0.029687
0 0.889062 0.254688 -0.040625 -0.034375
0 0.902344 0.294531 -0.032813 -0.035937
0 0.920312 0.330469 -0.034375 -0.032813
0 0.937500 0.370312 -0.034375 -0.037500
0 0.955469 0.409375 -0.042188 -0.037500
0 0.976562 0.443750 -0.043750 -0.034375
0 0.987500 0.476562 0.037500 0.040625
0 0.840625 0.056250 0.034375 -0.034375
0 0.822656 0.012500 0.029687 -0.031250
0 0.862500 0.096094 0.028125 -0.039062
0 0.877344 0.139063 0.032813 -0.031250
0 0.893750 0.166406 0.034375 -0.023438
0 0.904687 0.195312 0.034375 -0.034375
0 0.925000 0.225000 0.031250 -0.028125
0 0.930469 0.253906 0.039062 -0.026562
0 0.942969 0.293750 0.029687 -0.040625
0 0.966406 0.331250 0.035937 -0.037500
0 0.977344 0.364844 0.026562 -0.029687
0 0.991406 0.393750 0.026562 0.053125
0 0.860156 0.019531 0.026562 -0.035937
0 0.877344 0.051562 0.026562 -0.031250
0 0.890625 0.088281 0.028125 -0.035937
0 0.910937 0.121875 0.031250 -0.034375
0 0.932031 0.157812 0.029687 -0.037500
0 0.937500 0.183594 0.037500 -0.029687
0 0.957812 0.217969 0.040625 -0.029687
0 0.967187 0.246094 0.031250 -0.029687
0 0.978906 0.279687 0.026562 -0.034375
0 0.897656 0.023438 0.026562 -0.034375
0 0.913281 0.053906 0.035937 -0.045312
0 0.929688 0.088281 0.043750 0.035937
0 0.954688 0.112500 0.031250 0.034375
0 0.967187 0.133594 0.031250 0.039062
0 0.982031 0.160156 0.029687 0.035937
0 0.990625 0.190625 0.021875 0.037500
0 0.938281 0.019531 0.048438 0.026562
0 0.954688 0.045312 0.031250 0.040625
0 0.976562 0.075781 0.043750 0.039062
0 0.987500 0.014844 0.034375 0.023438
0 0.988281 0.038281 0.032813 0.026562
0 0.542188 0.002344 0.043750 -0.032813
0 0.550000 0.032031 0.037500 0.032813
0 0.564063 0.064844 0.037500 0.017188
0 0.590625 0.113281 0.028125 0.039062
0 0.575000 0.094531 0.031250 0.035937
0 0.608594 0.150781 0.039062 0.042188
0 0.621094 0.173437 0.029687 0.028125
0 0.626563 0.196875 0.037500 0.028125
0 0.642969 0.221875 0.035937 0.025000
0 0.654687 0.246875 0.034375 0.031250
0 0.664844 0.278906 0.032813 0.029687
0 0.673438 0.305469 0.031250 0.032813
0 0.688281 0.345313 0.032813 0.037500
0 0.701562 0.374219 0.031250 0.039062
0 0.716406 0.401562 0.032813 0.037500
0 0.734375 0.434375 0.025000 0.034375
0 0.746094 0.456250 0.039062 0.043750
0 0.760938 0.482812 0.028125 0.040625
0 0.774219 0.510938 0.029687 0.031250
0 0.785156 0.540625 0.026562 0.031250
0 0.798438 0.567969 0.037500 0.042188
0 0.810156 0.601562 0.029687 0.043750
0 0.821875 0.639062 0.031250 0.040625
0 0.836719 0.667188 0.035937 0.046875
0 0.859375 0.700781 0.028125 0.039062
0 0.875781 0.737500 0.039062 0.050000
0 0.888281 0.775000 0.032813 0.040625
0 0.908594 0.809375 0.042188 0.037500
0 0.874219 0.826562 0.039062 0.034375
0 0.859375 0.792188 0.031250 0.031250
0 0.842187 0.757812 0.034375 0.040625
0 0.829688 0.728906 0.037500 0.032813
0 0.819531 0.706250 0.039062 0.037500
0 0.803906 0.679688 0.029687 0.034375
0 0.778125 0.616406 0.031250 0.029687
0 0.768750 0.590625 0.034375 0.028125
0 0.790625 0.639062 0.031250 0.043750
0 0.748437 0.555469 0.040625 0.039062
0 0.714063 0.489844 0.037500 0.035937
0 0.735156 0.520312 0.029687 0.028125
0 0.702344 0.455469 0.029687 0.032813
0 0.689844 0.425000 0.029687 0.034375
0 0.677344 0.396875 0.029687 0.025000
0 0.664062 0.371875 0.028125 0.028125
0 0.657813 0.346875 0.031250 0.025000
0 0.646875 0.319531 0.028125 0.029687
0 0.628125 0.286719 0.037500 0.035937
0 0.619531 0.257812 0.032813 0.028125
0 0.607031 0.225781 0.035937 0.032813
0 0.594531 0.200781 0.035937 0.029687
0 0.586719 0.176563 0.039062 0.034375
0 0.570312 0.149219 0.037500 0.032813
0 0.542188 0.091406 0.028125 0.023438
0 0.559375 0.119531 0.031250 0.032813
0 0.528125 0.067187 0.037500 0.031250
0 0.512500 0.039062 0.034375 0.037500
0 0.501563 0.014063 -0.040625 -0.034375
0 0.469531 0.014844 -0.048438 -0.035937
0 0.491406 0.050000 -0.039062 -0.028125
0 0.496875 0.077344 0.034375 0.032813
0 0.503125 0.100000 0.043750 0.031250
0 0.519531 0.125000 0.035937 0.025000
0 0.526563 0.135937 0.043750 0.031250
0 0.540625 0.161719 0.043750 0.029687
0 0.549219 0.186719 0.039062 0.032813
0 0.563281 0.214844 0.035937 0.032813
0 0.568750 0.237500 0.037500 0.021875
0 0.585938 0.259375 0.043750 0.031250
0 0.601562 0.300781 0.031250 0.029687
0 0.607031 0.329688 0.035937 0.018750
0 0.622656 0.350000 0.032813 0.021875
0 0.628906 0.371094 0.032813 0.032813
0 0.640625 0.403125 0.040625 0.025000
0 0.652344 0.428125 0.039062 0.040625
0 0.667188 0.458594 0.037500 0.035937
0 0.678125 0.492188 0.031250 0.037500
0 0.692187 0.520312 0.043750 0.031250
0 0.710156 0.552344 0.035937 0.029687
0 0.726562 0.583594 0.040625 0.032813
0 0.739844 0.614062 0.029687 0.028125
0 0.753125 0.641406 0.037500 0.032813
0 0.766406 0.674219 0.032813 0.035937
0 0.777344 0.703906 0.029687 0.032813
0 0.792188 0.737500 0.037500 0.043750
0 0.810156 0.775781 0.023438 0.039062
0 0.826562 0.810937 0.028125 0.034375
0 0.843750 0.841406 0.028125 0.023438
0 0.423438 0.014844 0.043750 0.026562
0 0.435156 0.039062 0.039062 0.031250
0 0.445312 0.062500 0.040625 0.025000
0 0.454688 0.082031 0.034375 0.020313
0 0.464062 0.105469 0.043750 0.032813
0 0.496094 0.167187 0.054688 0.025000
0 0.477344 0.136719 0.042188 0.035937
0 0.507031 0.196875 0.048438 0.034375
0 0.524219 0.226562 0.048438 0.028125
0 0.538281 0.257031 0.045312 0.035937
0 0.549219 0.293750 0.042188 0.028125
0 0.565625 0.327344 0.037500 0.023438
0 0.576562 0.358594 0.037500 0.032813
0 0.592187 0.392969 0.037500 0.032813
0 0.605469 0.425781 0.029687 0.017188
0 0.621094 0.453906 0.029687 0.029687
0 0.635156 0.489844 0.026562 0.020313
0 0.649219 0.517969 0.026562 0.023438
0 0.662500 0.548438 0.040625 0.018750
0 0.671875 0.569531 0.034375 0.035937
0 0.690625 0.605469 0.034375 0.032813
0 0.710938 0.633594 0.025000 0.029687
0 0.715625 0.667188 0.031250 0.028125
0 0.727344 0.698438 0.042188 0.025000
0 0.742969 0.733594 0.026562 0.029687
0 0.767188 0.758594 0.028125 0.020313
0 0.782031 0.789062 0.035937 0.031250
0 0.785156 0.823438 0.029687 0.012500
0 0.800000 0.844531 0.028125 0.017188
0 0.375000 0.013281 0.031250 0.026562
0 0.390625 0.050000 0.025000 0.025000
0 0.409375 0.078906 0.028125 0.032813
0 0.435937 0.146094 0.031250 0.029687
0 0.422656 0.114062 0.035937 0.034375
0 0.450000 0.184375 0.025000 0.028125
0 0.476562 0.227344 0.028125 0.032813
0 0.492188 0.257812 0.025000 0.028125
0 0.504687 0.291406 0.028125 0.026562
0 0.523438 0.325000 0.028125 0.031250
0 0.539062 0.350781 0.031250 0.026562
0 0.549219 0.382031 0.035937 0.035937
0 0.561719 0.422656 0.029687 0.032813
0 0.575000 0.456250 0.034375 0.031250
0 0.592187 0.485938 0.031250 0.031250
0 0.608594 0.517188 0.035937 0.034375
0 0.618750 0.547656 0.025000 0.042188
0 0.630469 0.587500 0.032813 0.031250
0 0.650000 0.620313 0.034375 0.037500
0 0.667188 0.649219 0.037500 0.032813
0 0.682031 0.689063 0.032813 0.037500
0 0.700000 0.725000 0.040625 0.031250
0 0.720313 0.760938 0.043750 0.040625
0 0.742969 0.800000 0.032813 0.043750
0 0.756250 0.838281 0.037500 0.032813
0 0.769531 0.871875 0.042188 0.031250
0 0.785937 0.907813 0.037500 0.034375
0 0.800781 0.936719 0.039062 0.026562
0 0.812500 0.960156 0.031250 0.014063
0 0.826562 0.982031 0.037500 0.029687
0 0.335156 0.015625 0.039062 0.025000
0 0.349219 0.051562 0.032813 0.037500
0 0.392188 0.141406 0.025000 0.035937
0 0.379688 0.106250 0.028125 0.028125
0 0.412500 0.178906 0.025000 0.032813
0 0.428125 0.214844 0.034375 0.032813
0 0.448437 0.250781 0.025000 0.032813
0 0.470313 0.287500 0.025000 0.034375
0 0.478125 0.330469 0.031250 0.029687
0 0.496094 0.368750 0.026562 0.028125
0 0.509375 0.399219 0.021875 0.023438
0 0.523438 0.417187 0.015625 0.018750
0 0.553125 0.496094 0.025000 0.023438
0 0.566406 0.523438 0.020313 0.018750
0 0.580469 0.557031 0.026562 0.039062
0 0.627344 0.659375 0.035937 0.025000
0 0.614062 0.623437 0.031250 0.031250
0 0.641406 0.685937 0.020313 0.028125
0 0.653125 0.716406 0.021875 0.029687
0 0.668750 0.748437 0.028125 0.015625
0 0.701562 0.787500 0.031250 0.037500
0 0.728125 0.864062 0.034375 0.034375
0 0.710156 0.828125 0.042188 0.037500
0 0.737500 0.893750 0.037500 0.034375
0 0.757812 0.926562 0.028125 0.025000
0 0.769531 0.953906 0.032813 0.020313
0 0.775000 0.976562 0.031250 0.034375
0 0.292187 0.010937 0.034375 0.021875
0 0.302344 0.042969 0.029687 0.029687
0 0.327344 0.085938 0.035937 0.025000
0 0.351562 0.147656 0.028125 0.032813
0 0.377344 0.189844 0.026562 0.032813
0 0.342187 0.119531 0.031250 0.026562
0 0.388281 0.223438 0.023438 0.028125
0 0.407813 0.249219 0.034375 0.026562
0 0.421875 0.277344 0.034375 0.023438
0 0.433594 0.303906 0.029687 0.017188
0 0.446875 0.332813 0.025000 0.025000
0 0.462500 0.357812 0.021875 0.025000
0 0.482812 0.398438 0.028125 0.031250
0 0.492188 0.434375 0.031250 0.025000
0 0.505469 0.461719 0.032813 0.032813
0 0.519531 0.491406 0.032813 0.023438
0 0.537500 0.535937 0.021875 0.031250
0 0.546875 0.574219 0.031250 0.029687
0 0.565625 0.614062 0.034375 0.037500
0 0.583594 0.658594 0.023438 0.023438
0 0.614062 0.707031 0.025000 0.023438
0 0.631250 0.742969 0.037500 0.039062
0 0.643750 0.779687 0.034375 0.025000
0 0.660937 0.814063 0.040625 0.037500
0 0.675781 0.858594 0.035937 0.023438
0 0.698438 0.894531 0.034375 0.023438
0 0.711719 0.926562 0.029687 0.021875
0 0.725000 0.955469 0.028125 0.014063
0 0.736719 0.980469 0.029687 0.032813
0 0.247656 0.010937 -0.032813 -0.021875
0 0.260156 0.035156 0.029687 0.029687
0 0.270313 0.065625 0.025000 0.031250
0 0.285938 0.100000 0.034375 0.028125
0 0.310156 0.147656 0.029687 0.029687
0 0.301563 0.124219 0.034375 0.035937
0 0.325000 0.182031 0.021875 0.029687
0 0.339062 0.207813 0.028125 0.031250
0 0.349219 0.233594 0.026562 0.026562
0 0.363281 0.253906 0.026562 0.026562
0 0.370312 0.277344 0.028125 0.026562
0 0.385937 0.298438 0.025000 0.021875
0 0.385937 0.317188 0.031250 0.028125
0 0.406250 0.346094 0.031250 0.029687
0 0.418750 0.379688 0.031250 0.028125
0 0.435156 0.404687 0.035937 0.031250
0 0.446094 0.426563 0.029687 0.034375
0 0.465625 0.469531 0.031250 0.042188
0 0.475781 0.501563 0.026562 0.037500
0 0.492188 0.525000 0.031250 0.037500
0 0.502344 0.554688 0.039062 0.040625
0 0.515625 0.578125 0.031250 0.031250
0 0.531250 0.610938 0.040625 0.031250
0 0.541406 0.639844 0.029687 0.035937
0 0.553906 0.671875 0.032813 0.028125
0 0.568750 0.692969 0.043750 0.029687
0 0.583594 0.723437 0.039062 0.031250
0 0.596875 0.763281 0.028125 0.023438
0 0.610938 0.791406 0.028125 0.026562
0 0.622656 0.821094 0.032813 0.029687
0 0.642188 0.856250 0.028125 0.018750
0 0.653906 0.876563 0.029687 0.021875
0 0.677344 0.932031 0.023438 0.026562
0 0.668750 0.905469 0.040625 0.035937
0 0.696094 0.961719 0.039062 0.017188
0 0.706250 0.975781 0.025000 0.023438
0 0.211719 0.013281 0.026562 0.020313
0 0.220312 0.032813 0.025000 0.025000
0 0.230469 0.060156 0.026562 0.026562
0 0.244531 0.082812 0.029687 0.028125
0 0.253906 0.107031 0.029687 0.026562
0 0.275781 0.153906 0.023438 0.032813
0 0.264062 0.133594 0.031250 0.032813
0 0.292187 0.185938 0.028125 0.031250
0 0.303125 0.213281 0.028125 0.026562
0 0.314063 0.236719 0.031250 0.029687
0 0.329688 0.260937 0.031250 0.034375
0 0.336719 0.299219 0.035937 0.029687
0 0.358594 0.328125 0.020313 0.025000
0 0.372656 0.360938 0.029687 0.034375
0 0.388281 0.389844 0.026562 0.035937
0 0.400781 0.423438 0.029687 0.034375
0 0.417187 0.457813 0.028125 0.043750
0 0.436719 0.484375 0.026562 0.040625
0 0.442969 0.518750 0.023438 0.025000
0 0.460938 0.546875 0.028125 0.031250
0 0.470313 0.582812 0.028125 0.031250
0 0.488281 0.609375 0.029687 0.034375
0 0.500000 0.642188 0.034375 0.031250
0 0.513281 0.674219 0.029687 0.035937
0 0.528125 0.709375 0.028125 0.031250
0 0.542188 0.742188 0.028125 0.031250
0 0.555469 0.772656 0.032813 0.035937
0 0.569531 0.800000 0.035937 0.034375
0 0.578125 0.834375 0.034375 0.034375
0 0.602344 0.863281 0.029687 0.029687
0 0.611719 0.884375 0.032813 0.028125
0 0.618750 0.907813 0.034375 0.034375
0 0.632031 0.934375 0.039062 0.034375
0 0.646875 0.954688 0.037500 0.028125
0 0.660937 0.979688 0.040625 0.031250
0 0.174219 0.017969 0.042188 0.035937
0 0.182812 0.042188 0.040625 0.034375
0 0.203125 0.077344 0.037500 0.035937
0 0.217969 0.110937 0.029687 0.037500
0 0.233594 0.142187 0.032813 0.037500
0 0.240625 0.176563 0.028125 0.037500
0 0.263281 0.207031 0.032813 0.035937
0 0.276562 0.241406 0.031250 0.035937
0 0.292969 0.274219 0.032813 0.023438
0 0.314844 0.329688 0.035937 0.028125
0 0.334375 0.352344 0.034375 0.029687
0 0.342187 0.377344 0.028125 0.026562
0 0.356250 0.403125 0.031250 0.040625
0 0.363281 0.435937 0.032813 0.028125
0 0.377344 0.460938 0.032813 0.037500
0 0.396094 0.489844 0.039062 0.032813
0 0.410156 0.518750 0.032813 0.034375
0 0.425000 0.553906 0.040625 0.035937
0 0.438281 0.588281 0.045312 0.035937
0 0.451562 0.619531 0.034375 0.032813
0 0.474219 0.681250 0.035937 0.025000
0 0.466406 0.650781 0.032813 0.035937
0 0.482031 0.712500 0.045312 0.037500
0 0.501563 0.743750 0.037500 0.034375
0 0.513281 0.773438 0.039062 0.037500
0 0.527344 0.809375 0.042188 0.028125
0 0.542969 0.828125 0.035937 0.037500
0 0.564063 0.881250 0.034375 0.031250
0 0.577344 0.904687 0.032813 0.040625
0 0.588281 0.936719 0.032813 0.035937
0 0.599219 0.963281 0.029687 0.023438
0 0.613281 0.979688 0.032813 0.034375
0 0.544531 0.860156 0.032813 0.042188
0 0.133594 0.015625 0.035937 0.025000
0 0.139844 0.034375 0.039062 0.028125
0 0.144531 0.054688 0.039062 0.028125
0 0.157031 0.077344 0.035937 0.026562
0 0.175781 0.101562 0.042188 0.028125
0 0.181250 0.125781 0.031250 0.026562
0 0.191406 0.142187 0.045312 0.021875
0 0.199219 0.163281 0.029687 0.029687
0 0.212500 0.185156 0.028125 0.026562
0 0.222656 0.207813 0.032813 0.031250
0 0.228125 0.228906 0.040625 0.035937
0 0.241406 0.254688 0.035937 0.025000
0 0.251563 0.276562 0.034375 0.028125
0 0.260156 0.305469 0.032813 0.032813
0 0.273438 0.325000 0.031250 0.031250
0 0.281250 0.349219 0.031250 0.032813
0 0.290625 0.378906 0.028125 0.039062
0 0.303125 0.405469 0.034375 0.026562
0 0.317188 0.427344 0.031250 0.035937
0 0.334375 0.464844 0.034375 0.048438
0 0.350781 0.498437 0.035937 0.034375
0 0.363281 0.526563 0.029687 0.025000
0 0.382812 0.566406 0.031250 0.026562
0 0.395313 0.599219 0.031250 0.023438
0 0.413281 0.628906 0.029687 0.023438
0 0.428125 0.660937 0.025000 0.018750
0 0.439063 0.685156 0.021875 0.017188
0 0.083594 0.010937 0.048438 0.018750
0 0.034375 0.008594 0.040625 0.017188
0 0.011719 0.033594 -0.035937 -0.029687
0 0.043750 0.028906 0.037500 -0.020313
0 0.088281 0.026562 0.045312 0.021875
0 0.018750 0.067187 0.034375 0.021875
0 0.092969 0.047656 0.042188 0.023438
0 0.028125 0.086719 0.037500 0.017188
0 0.052344 0.056250 0.035937 0.031250
0 0.069531 0.079687 0.029687 0.021875
0 0.105469 0.070312 0.039062 0.031250
0 0.079687 0.100781 0.031250 0.023438
0 0.114844 0.099219 0.035937 0.020313
0 0.043750 0.112500 0.037500 0.028125
0 0.012500 0.112500 0.015625 -0.043750
0 0.128125 0.121094 0.050000 0.029687
0 0.144531 0.144531 0.035937 0.023438
0 0.079687 0.128125 0.040625 0.031250
0 0.042188 0.137500 0.037500 0.028125
0 0.016406 0.149219 0.029687 0.029687
0 0.031250 0.170313 0.028125 0.025000
0 0.057813 0.157031 0.031250 0.032813
0 0.099219 0.151562 0.042188 0.031250
0 0.018750 0.198437 0.028125 -0.037500
0 0.047656 0.189062 0.035937 0.031250
0 0.086719 0.185156 0.035937 0.029687
0 0.121094 0.176563 0.032813 0.025000
0 0.153906 0.174219 0.039062 0.035937
0 0.020313 0.231250 0.037500 0.040625
0 0.031250 0.260937 0.037500 0.040625
0 0.043750 0.288281 0.034375 0.039062
0 0.083594 0.294531 0.042188 0.032813
0 0.078125 0.268750 0.034375 0.034375
0 0.060156 0.247656 0.032813 0.042188
0 0.053906 0.220312 0.035937 0.037500
0 0.100000 0.233594 0.034375 0.035937
0 0.125781 0.285938 0.032813 0.031250
0 0.122656 0.204687 0.039062 0.037500
0 0.139063 0.238281 0.040625 0.035937
0 0.160938 0.273438 0.034375 0.040625
0 0.189062 0.232031 0.037500 0.039062
0 0.171875 0.205469 0.043750 0.039062
0 0.204687 0.270313 0.031250 0.043750
0 0.018750 0.310156 -0.043750 -0.045312
0 0.055469 0.321094 0.039062 0.045312
0 0.100781 0.328125 0.039062 0.037500
0 0.132812 0.314844 0.037500 0.042188
0 0.168750 0.305469 0.034375 0.045312
0 0.214844 0.303906 0.048438 0.039062
0 0.016406 0.353125 0.032813 0.031250
0 0.067187 0.351562 0.040625 0.028125
0 0.032813 0.378125 0.050000 0.015625
0 0.088281 0.383594 0.029687 0.032813
0 0.120313 0.361719 0.034375 0.032813
0 0.161719 0.350000 0.039062 0.028125
0 0.201563 0.340625 0.031250 0.028125
0 0.235156 0.338281 0.023438 0.029687
0 0.006250 0.404687 -0.040625 -0.031250
0 0.047656 0.400000 0.032813 0.028125
0 0.128906 0.389844 0.042188 0.023438
0 0.166406 0.377344 0.029687 0.029687
0 0.204687 0.371875 0.040625 0.031250
0 0.243750 0.371094 0.031250 0.029687
0 0.255469 0.400000 0.035937 0.031250
0 0.219531 0.396094 0.039062 0.039062
0 0.182031 0.402344 0.029687 0.032813
0 0.136719 0.416406 0.042188 0.026562
0 0.103125 0.428906 0.040625 0.026562
0 0.117188 0.456250 0.025000 0.028125
0 0.128125 0.483594 0.028125 0.026562
0 0.140625 0.514062 0.034375 0.025000
0 0.149219 0.544531 0.042188 0.029687
0 0.161719 0.571875 0.039062 0.025000
0 0.177344 0.602344 0.042188 0.042188
0 0.190625 0.638281 0.034375 0.032813
0 0.207813 0.670312 0.034375 0.028125
0 0.224219 0.700000 0.032813 0.034375
0 0.065625 0.426563 0.037500 0.037500
0 0.082812 0.460156 0.028125 0.039062
0 0.092188 0.491406 0.028125 0.029687
0 0.104688 0.518750 0.037500 0.025000
0 0.116406 0.546094 0.029687 0.032813
0 0.128906 0.574219 0.029687 0.032813
0 0.139844 0.601562 0.035937 0.037500
0 0.153125 0.637500 0.034375 0.040625
0 0.171094 0.674219 0.029687 0.026562
0 0.184375 0.707812 0.034375 0.034375
0 0.020313 0.433594 0.031250 0.029687
0 0.043750 0.467187 0.034375 0.034375
0 0.058594 0.502344 0.029687 0.035937
0 0.071875 0.539844 0.028125 0.032813
0 0.085156 0.572656 0.029687 0.042188
0 0.100000 0.606250 0.034375 0.046875
0 0.117188 0.643750 0.031250 0.034375
0 0.162500 0.472656 0.037500 0.042188
0 0.153125 0.442969 0.034375 0.039062
0 0.174219 0.510938 0.042188 0.046875
0 0.190625 0.542188 0.043750 0.034375
0 0.201563 0.563281 0.031250 0.035937
0 0.216406 0.586719 0.039062 0.032813
0 0.227344 0.613281 0.039062 0.039062
0 0.237500 0.647656 0.031250 0.042188
0 0.263281 0.677344 0.042188 0.054688
0 0.278906 0.725781 0.039062 0.042188
0 0.301563 0.760156 0.037500 0.035937
0 0.315625 0.798438 0.037500 0.043750
0 0.337500 0.826562 0.028125 0.034375
0 0.352344 0.854688 0.035937 0.043750
0 0.368750 0.895312 0.031250 0.034375
0 0.381250 0.927344 0.031250 0.039062
0 0.392188 0.963281 0.031250 0.032813
0 0.406250 0.980469 0.031250 0.026562
0 0.183594 0.428906 0.026562 0.020313
0 0.228906 0.432031 0.039062 0.029687
0 0.271875 0.428906 0.037500 0.032813
0 0.195312 0.456250 0.034375 0.040625
0 0.237500 0.457031 0.037500 0.035937
0 0.285938 0.461719 0.046875 0.035937
0 0.217969 0.497656 0.029687 0.035937
0 0.256250 0.496875 0.031250 0.037500
0 0.296094 0.496875 0.045312 0.040625
0 0.230469 0.529687 0.029687 0.040625
0 0.272656 0.533594 0.035937 0.032813
0 0.247656 0.567187 0.039062 0.031250
0 0.321094 0.532813 0.039062 0.034375
0 0.332813 0.562500 0.031250 0.031250
0 0.293750 0.565625 0.040625 0.034375
0 0.267188 0.601562 0.034375 0.037500
0 0.307812 0.596875 0.034375 0.043750
0 0.275000 0.631250 0.043750 0.034375
0 0.317969 0.632812 0.035937 0.031250
0 0.352344 0.595313 0.032813 0.040625
0 0.335938 0.657031 0.028125 0.029687
0 0.375000 0.629687 0.043750 0.037500
0 0.301563 0.671094 0.034375 0.045312
0 0.315625 0.710156 0.031250 0.035937
0 0.345313 0.688281 0.028125 0.039062
0 0.378906 0.664844 0.032813 0.048438
0 0.337500 0.749219 0.028125 0.032813
0 0.364844 0.721094 0.029687 0.032813
0 0.354687 0.787500 0.034375 0.043750
0 0.379688 0.826562 0.025000 0.037500
0 0.391406 0.859375 0.032813 0.028125
0 0.419531 0.925000 0.032813 0.040625
0 0.411719 0.892188 0.035937 0.034375
0 0.429688 0.956250 0.037500 0.025000
0 0.446875 0.983594 0.028125 0.026562
0 0.385156 0.704688 0.026562 0.043750
0 0.438281 0.708594 0.032813 0.029687
0 0.413281 0.705469 0.032813 0.042188
0 0.372656 0.751563 0.039062 0.037500
0 0.389062 0.774219 0.031250 0.035937
0 0.399219 0.810937 0.032813 0.034375
0 0.414844 0.848437 0.032813 0.040625
0 0.435156 0.879687 0.035937 0.043750
0 0.450781 0.918750 0.029687 0.037500
0 0.471094 0.946094 0.032813 0.039062
0 0.479687 0.982031 0.037500 0.029687
0 0.410938 0.738281 0.031250 0.032813
0 0.448437 0.741406 0.040625 0.032813
0 0.421094 0.775781 0.032813 0.042188
0 0.428906 0.814063 0.032813 0.034375
0 0.446875 0.842969 0.031250 0.039062
0 0.467969 0.876563 0.035937 0.046875
0 0.479687 0.908594 0.034375 0.029687
0 0.500781 0.935937 0.045312 0.040625
0 0.517188 0.964063 0.031250 0.028125
0 0.528125 0.983594 0.031250 0.029687
0 0.567969 0.979688 0.045312 0.037500
0 0.556250 0.950781 0.031250 0.035937
0 0.538281 0.918750 0.039062 0.040625
0 0.520312 0.883594 0.031250 0.032813
0 0.504687 0.848437 0.028125 0.037500
0 0.480469 0.827344 0.029687 0.042188
0 0.486719 0.798438 0.023438 0.031250
0 0.464844 0.773438 0.032813 0.040625
0 0.237500 0.726562 0.040625 0.034375
0 0.253125 0.767969 0.040625 0.020313
0 0.271875 0.793750 0.034375 0.021875
0 0.284375 0.814063 0.028125 0.021875
0 0.296875 0.835938 0.031250 0.018750
0 0.309375 0.861719 0.031250 0.020313
0 0.317969 0.888281 0.035937 0.026562
0 0.333594 0.916406 0.029687 0.023438
0 0.343750 0.944531 0.031250 0.020313
0 0.354687 0.967187 0.031250 0.028125
0 0.362500 0.989844 0.031250 0.017188
0 0.205469 0.739844 0.023438 0.029687
0 0.216406 0.770312 0.023438 0.034375
0 0.232813 0.800000 0.028125 0.021875
0 0.247656 0.817187 0.026562 0.018750
0 0.257812 0.836719 0.031250 0.026562
0 0.278125 0.866406 0.034375 0.029687
0 0.284375 0.893750 0.034375 0.028125
0 0.299219 0.921875 0.026562 0.025000
0 0.311719 0.947656 0.026562 0.026562
0 0.324219 0.977344 0.032813 0.023438
0 0.289062 0.989062 0.043750 0.028125
0 0.275781 0.958594 0.039062 0.023438
0 0.264844 0.934375 0.029687 0.034375
0 0.242188 0.903906 0.031250 0.029687
0 0.226562 0.871094 0.031250 0.032813
0 0.210156 0.839063 0.039062 0.031250
0 0.200000 0.812500 0.037500 0.040625
0 0.182031 0.783594 0.039062 0.039062
0 0.169531 0.750000 0.029687 0.040625
0 0.154688 0.711719 0.040625 0.048438
0 0.140625 0.676562 0.037500 0.046875
0 0.011719 0.484375 0.014063 -0.043750
0 0.022656 0.525000 0.014063 -0.046875
0 0.040625 0.558594 0.025000 0.039062
0 0.050781 0.593750 0.039062 0.037500
0 0.065625 0.627344 0.031250 0.032813
0 0.082031 0.660156 0.035937 0.032813
0 0.098437 0.691406 0.034375 0.032813
0 0.112500 0.721875 0.034375 0.034375
0 0.130469 0.750000 0.039062 0.031250
0 0.143750 0.779687 0.031250 0.034375
0 0.157812 0.810156 0.037500 0.029687
0 0.175000 0.835938 0.028125 0.034375
0 0.189844 0.867188 0.029687 0.037500
0 0.208594 0.899219 0.032813 0.026562
0 0.239063 0.928906 0.037500 0.029687
0 0.242969 0.982031 0.045312 0.026562
0 0.229687 0.946094 0.034375 0.029687
0 0.210156 0.923438 0.032813 0.037500
0 0.209375 0.979688 0.037500 0.028125
0 0.193750 0.947656 0.034375 0.029687
0 0.174219 0.912500 0.042188 0.040625
0 0.014063 0.580469 0.021875 -0.042188
0 0.023438 0.613281 0.040625 0.032813
0 0.032813 0.641406 0.037500 0.026562
0 0.049219 0.668750 0.039062 0.025000
0 0.058594 0.692969 0.029687 0.023438
0 0.071875 0.717187 0.040625 0.025000
0 0.080469 0.741406 0.032813 0.023438
0 0.093750 0.763281 0.034375 0.029687
0 0.107031 0.790625 0.039062 0.034375
0 0.125000 0.825000 0.040625 0.037500
0 0.136719 0.854688 0.039062 0.021875
0 0.150781 0.878125 0.042188 0.031250
0 0.158594 0.984375 0.035937 0.040625
0 0.136719 0.935156 0.042188 0.032813
0 0.125000 0.904687 0.037500 0.031250
0 0.107813 0.872656 0.034375 0.042188
0 0.066406 0.791406 0.029687 0.039062
0 0.085938 0.833594 0.034375 0.035937
0 0.048438 0.759375 0.034375 0.037500
0 0.027344 0.724219 0.032813 0.032813
0 0.017969 0.685937 -0.039062 -0.037500
0 0.005469 0.756250 -0.039062 -0.037500
0 0.023438 0.786719 0.031250 0.032813
0 0.041406 0.819531 0.035937 0.045312
0 0.055469 0.853906 0.035937 0.032813
0 0.065625 0.879687 0.034375 0.031250
0 0.079687 0.907031 0.037500 0.039062
0 0.090625 0.936719 0.034375 0.035937
0 0.103906 0.969531 0.032813 0.032813
0 0.011719 0.853125 0.020313 -0.050000
0 0.030469 0.882812 0.032813 0.037500
0 0.043750 0.917969 0.037500 0.032813
0 0.058594 0.945312 0.035937 0.037500
0 0.073438 0.977344 0.034375 0.032813
0 0.038281 0.975781 0.042188 0.029687
0 0.020313 0.942187 0.031250 0.037500
