0 0.489063 0.354687 0.028125 0.028125
0 0.349219 0.232031 0.032813 0.023438
0 0.860938 0.416406 0.031250 0.035937
0 0.299219 0.770312 0.042188 0.025000
0 0.645312 0.145313 0.040625 0.037500
0 0.760938 0.385937 0.040625 0.040625
0 0.477344 0.310156 0.026562 0.026562
0 0.465625 0.277344 0.034375 0.023438
0 0.450000 0.254688 0.028125 0.034375
0 0.439063 0.231250 0.034375 0.037500
0 0.425000 0.200000 0.028125 0.031250
0 0.412500 0.177344 0.028125 0.029687
0 0.401562 0.159375 0.028125 0.028125
0 0.385156 0.127344 0.039062 0.039062
0 0.375000 0.100781 0.031250 0.029687
0 0.361719 0.074219 0.032813 0.032813
0 0.352344 0.051562 0.026562 0.031250
0 0.347656 0.030469 0.032813 0.035937
0 0.539844 0.103906 0.032813 0.042188
0 0.547656 0.132031 0.029687 0.035937
0 0.563281 0.150781 0.032813 0.029687
0 0.571875 0.176563 0.031250 0.028125
0 0.593750 0.199219 0.037500 0.029687
0 0.608594 0.225781 0.032813 0.029687
0 0.620313 0.259375 0.037500 0.034375
0 0.637500 0.294531 0.034375 0.039062
0 0.651563 0.323437 0.028125 0.031250
0 0.671875 0.352344 0.040625 0.032813
0 0.674219 0.384375 0.029687 0.031250
0 0.689844 0.408594 0.026562 0.035937
0 0.696094 0.442969 0.029687 0.039062
0 0.724219 0.491406 0.029687 0.029687
0 0.739844 0.523438 0.039062 0.034375
0 0.756250 0.552344 0.034375 0.026562
0 0.765625 0.573438 0.034375 0.025000
0 0.771094 0.595313 0.029687 0.034375
0 0.784375 0.613281 0.037500 0.039062
0 0.798438 0.641406 0.031250 0.039062
0 0.810937 0.664844 0.037500 0.032813
0 0.814063 0.684375 0.031250 0.034375
0 0.827344 0.711719 0.032813 0.039062
0 0.843750 0.735938 0.034375 0.031250
0 0.850000 0.761719 0.028125 0.035937
0 0.859375 0.787500 0.028125 0.043750
0 0.873437 0.815625 0.034375 0.031250
0 0.882812 0.839063 0.037500 0.021875
0 0.885156 0.857031 0.035937 0.035937
0 0.898438 0.882812 0.037500 0.037500
0 0.910156 0.913281 0.035937 0.035937
0 0.925781 0.935937 0.042188 0.031250
0 0.934375 0.956250 0.034375 0.031250
0 0.941406 0.985938 0.029687 0.028125
0 0.741406 0.445312 0.026562 0.043750
0 0.790625 0.435937 0.025000 0.040625
0 0.765625 0.420312 0.031250 0.037500
0 0.756250 0.483594 0.031250 0.032813
0 0.774219 0.508594 0.023438 0.039062
0 0.787500 0.539062 0.028125 0.037500
0 0.803125 0.565625 0.025000 0.034375
0 0.819531 0.599219 0.039062 0.039062
0 0.834375 0.630469 0.031250 0.039062
0 0.850000 0.659375 0.031250 0.034375
0 0.862500 0.692187 0.025000 0.028125
0 0.872656 0.720313 0.026562 0.028125
0 0.882812 0.747656 0.034375 0.032813
0 0.893750 0.775781 0.028125 0.032813
0 0.910156 0.801562 0.029687 0.028125
0 0.918750 0.825781 0.025000 0.023438
0 0.924219 0.849219 0.032813 0.026562
0 0.929688 0.871094 0.028125 0.026562
0 0.938281 0.887500 0.026562 0.034375
0 0.946875 0.914844 0.025000 0.026562
0 0.968750 0.940625 0.040625 0.034375
0 0.977344 0.968750 0.032813 0.034375
0 0.525000 0.061719 0.034375 0.042188
0 0.500781 0.022656 0.029687 0.042188
0 0.546875 0.015625 0.040625 0.028125
0 0.559375 0.040625 0.034375 0.025000
0 0.564844 0.058594 0.039062 0.029687
0 0.575781 0.082812 0.035937 0.028125
0 0.587500 0.102344 0.040625 0.029687
0 0.603125 0.132031 0.040625 0.039062
0 0.615625 0.164062 0.034375 0.031250
0 0.628125 0.187500 0.037500 0.034375
0 0.642188 0.220312 0.037500 0.034375
0 0.659375 0.246094 0.028125 0.039062
0 0.675000 0.278906 0.037500 0.039062
0 0.692969 0.314063 0.042188 0.046875
0 0.706250 0.347656 0.034375 0.035937
0 0.719531 0.382812 0.039062 0.037500
0 0.798438 0.468750 0.040625 0.034375
0 0.819531 0.496875 0.035937 0.031250
0 0.831250 0.521094 0.040625 0.029687
0 0.860938 0.583594 0.037500 0.032813
0 0.867969 0.618750 0.039062 0.031250
0 0.849219 0.549219 0.026562 0.032813
0 0.894531 0.676562 0.029687 0.040625
0 0.881250 0.648438 0.037500 0.043750
0 0.904687 0.707031 0.034375 0.032813
0 0.921094 0.729688 0.035937 0.040625
0 0.932813 0.767188 0.046875 0.037500
0 0.950000 0.800000 0.034375 0.028125
0 0.956250 0.824219 0.031250 0.029687
0 0.967969 0.856250 0.045312 0.028125
0 0.980469 0.882812 0.029687 0.031250
0 0.592969 0.016406 -0.060937 -0.045312
0 0.607812 0.039062 0.037500 0.028125
0 0.618750 0.060937 0.040625 0.028125
0 0.627344 0.087500 0.035937 0.031250
0 0.638281 0.108594 0.039062 0.035937
0 0.664062 0.171094 0.028125 0.029687
0 0.675781 0.196875 0.032813 0.037500
0 0.689844 0.228906 0.029687 0.039062
0 0.707812 0.261719 0.037500 0.045312
0 0.726562 0.300000 0.040625 0.056250
0 0.740625 0.347656 0.034375 0.045312
0 0.831250 0.442188 0.031250 0.031250
0 0.825781 0.412500 0.035937 0.025000
0 0.841406 0.468750 0.039062 0.031250
0 0.860156 0.494531 0.026562 0.035937
0 0.873437 0.513281 0.031250 0.032813
0 0.883594 0.538281 0.032813 0.026562
0 0.896094 0.566406 0.045312 0.029687
0 0.904687 0.594531 0.043750 0.029687
0 0.921094 0.632812 0.035937 0.034375
0 0.928125 0.664062 0.034375 0.028125
0 0.938281 0.689063 0.035937 0.025000
0 0.957031 0.712500 0.026562 0.025000
0 0.970313 0.731250 0.040625 0.025000
0 0.973437 0.755469 0.028125 0.026562
0 0.982812 0.778906 0.037500 0.032813
0 0.991406 0.814844 0.026562 0.035937
0 0.646094 0.013281 0.035937 0.026562
0 0.650781 0.038281 0.035937 0.026562
0 0.662500 0.059375 0.043750 0.031250
0 0.676562 0.088281 0.040625 0.032813
0 0.684375 0.119531 0.043750 0.029687
0 0.695312 0.146094 0.034375 0.023438
0 0.707031 0.171094 0.035937 0.029687
0 0.721094 0.194531 0.032813 0.023438
0 0.725781 0.214062 0.039062 0.025000
0 0.738281 0.236719 0.032813 0.020313
0 0.753125 0.257031 0.031250 0.032813
0 0.764844 0.299219 0.042188 0.035937
0 0.778125 0.330469 0.040625 0.026562
0 0.784375 0.356250 0.040625 0.018750
0 0.801562 0.379688 0.034375 0.031250
0 0.675000 0.013281 0.025000 0.017188
0 0.683594 0.032031 0.014063 0.023438
0 0.700781 0.047656 0.023438 0.026562
0 0.710938 0.077344 0.028125 0.023438
0 0.717969 0.100000 0.032813 0.021875
0 0.725000 0.125781 0.037500 0.029687
0 0.740625 0.156250 0.034375 0.025000
0 0.759375 0.189844 0.034375 0.026562
0 0.768750 0.214844 0.034375 0.017188
0 0.772656 0.235937 0.032813 0.031250
0 0.790625 0.263281 0.031250 0.026562
0 0.803125 0.293750 0.034375 0.031250
0 0.818750 0.325781 0.034375 0.026562
0 0.826562 0.346875 0.028125 0.025000
0 0.840625 0.362500 0.031250 0.031250
0 0.708594 0.009375 0.020313 -0.021875
0 0.726562 0.025781 0.031250 0.023438
0 0.745313 0.055469 0.037500 0.029687
0 0.753906 0.082031 0.039062 0.023438
0 0.764844 0.105469 0.035937 0.029687
0 0.776563 0.132812 0.037500 0.034375
0 0.785937 0.153906 0.043750 0.035937
0 0.799219 0.176563 0.029687 0.021875
0 0.814063 0.199219 0.034375 0.029687
0 0.821875 0.226562 0.034375 0.031250
0 0.832812 0.264062 0.037500 0.025000
0 0.847656 0.292187 0.042188 0.025000
0 0.863281 0.315625 0.032813 0.034375
0 0.877344 0.344531 0.032813 0.026562
0 0.887500 0.369531 0.034375 0.029687
0 0.895312 0.392969 0.028125 0.023438
0 0.900781 0.421875 0.039062 0.028125
0 0.870313 0.454688 0.037500 0.031250
0 0.917969 0.449219 0.039062 0.026562
0 0.895312 0.478125 0.031250 0.021875
0 0.910156 0.507812 0.035937 0.031250
0 0.933594 0.480469 0.029687 0.029687
0 0.921094 0.535156 0.042188 0.026562
0 0.935937 0.564844 0.034375 0.029687
0 0.940625 0.593750 0.040625 0.028125
0 0.950781 0.615625 0.035937 0.037500
0 0.959375 0.641406 0.034375 0.029687
0 0.973437 0.673438 0.037500 0.028125
0 0.765625 0.010937 0.025000 -0.028125
0 0.776563 0.039062 0.034375 0.031250
0 0.791406 0.068750 0.039062 0.028125
0 0.800000 0.089844 0.034375 0.026562
0 0.813281 0.125000 0.032813 0.028125
0 0.825781 0.149219 0.029687 0.023438
0 0.837500 0.177344 0.034375 0.032813
0 0.856250 0.232813 0.040625 0.031250
0 0.872656 0.261719 0.035937 0.029687
0 0.884375 0.291406 0.034375 0.032813
0 0.897656 0.312500 0.032813 0.037500
0 0.912500 0.335938 0.037500 0.034375
0 0.923438 0.358594 0.034375 0.029687
0 0.932031 0.384375 0.039062 0.031250
0 0.938281 0.410156 0.035937 0.035937
0 0.950000 0.435937 0.037500 0.031250
0 0.965625 0.456250 0.037500 0.031250
0 0.967969 0.484375 0.032813 0.025000
0 0.980469 0.510938 0.032813 0.031250
0 0.993750 0.540625 0.031250 0.031250
0 0.945312 0.508594 0.034375 0.023438
0 0.958594 0.537500 0.035937 0.031250
0 0.972656 0.568750 0.032813 0.034375
0 0.985156 0.598437 0.035937 0.037500
0 0.990625 0.629687 0.034375 0.037500
0 0.806250 0.010937 0.037500 0.021875
0 0.817969 0.032813 0.039062 0.021875
0 0.824219 0.058594 0.039062 0.023438
0 0.835938 0.085156 0.043750 0.026562
0 0.845313 0.111719 0.043750 0.020313
0 0.860156 0.128906 0.035937 0.020313
0 0.873437 0.153125 0.040625 0.028125
0 0.882812 0.179688 0.043750 0.025000
0 0.891406 0.209375 0.042188 0.028125
0 0.908594 0.242969 0.042188 0.026562
0 0.917188 0.266406 0.043750 0.029687
0 0.935156 0.287500 0.035937 0.031250
0 0.945312 0.317188 0.037500 0.037500
0 0.962500 0.346875 0.034375 0.037500
0 0.978906 0.400781 0.035937 0.032813
0 0.851562 0.016406 0.040625 0.017188
0 0.868750 0.039062 0.034375 0.028125
0 0.875781 0.070312 0.032813 0.028125
0 0.887500 0.096094 0.037500 0.023438
0 0.904687 0.118750 0.034375 0.021875
0 0.913281 0.141406 0.045312 0.032813
0 0.922656 0.168750 0.042188 0.028125
0 0.931250 0.195312 0.037500 0.031250
0 0.943750 0.223438 0.037500 0.028125
0 0.961719 0.246094 0.042188 0.026562
0 0.970313 0.270313 0.037500 0.031250
0 0.979688 0.303906 0.040625 0.032813
0 0.892188 0.011719 0.031250 0.020313
0 0.903906 0.035156 0.035937 0.029687
0 0.911719 0.066406 0.042188 0.029687
0 0.931250 0.092969 0.031250 0.032813
0 0.942187 0.117188 0.025000 0.025000
0 0.955469 0.135156 0.032813 0.026562
0 0.960156 0.157031 0.039062 0.032813
0 0.967969 0.186719 0.032813 0.026562
0 0.975781 0.207813 0.032813 0.028125
0 0.981250 0.232031 0.034375 0.029687
0 0.936719 0.010937 0.039062 0.018750
0 0.945312 0.034375 0.037500 0.031250
0 0.954688 0.060156 0.037500 0.026562
0 0.964063 0.089844 0.031250 0.035937
0 0.975000 0.115625 0.031250 0.028125
0 0.986719 0.141406 0.032813 0.042188
0 0.980469 0.014844 0.035937 0.029687
0 0.989844 0.048438 0.035937 0.037500
0 0.461719 0.019531 0.039062 0.026562
0 0.475000 0.041406 0.040625 0.023438
0 0.485156 0.067187 0.035937 0.025000
0 0.496094 0.089844 0.042188 0.020313
0 0.506250 0.108594 0.040625 0.023438
0 0.510156 0.137500 0.039062 0.025000
0 0.528906 0.168750 0.029687 0.037500
0 0.557031 0.203906 0.039062 0.026562
0 0.560156 0.228906 0.035937 0.020313
0 0.575781 0.244531 0.039062 0.026562
0 0.592187 0.275000 0.037500 0.021875
0 0.597656 0.299219 0.039062 0.026562
0 0.610156 0.319531 0.039062 0.020313
0 0.627344 0.348438 0.051562 0.034375
0 0.640625 0.381250 0.037500 0.025000
0 0.656250 0.412500 0.040625 0.025000
0 0.664062 0.442188 0.034375 0.028125
0 0.675781 0.470313 0.039062 0.031250
0 0.689063 0.497656 0.034375 0.035937
0 0.698438 0.527344 0.031250 0.032813
0 0.717187 0.553125 0.037500 0.028125
0 0.725000 0.577344 0.037500 0.026562
0 0.735938 0.603125 0.034375 0.025000
0 0.749219 0.627344 0.029687 0.026562
0 0.760938 0.655469 0.040625 0.026562
0 0.771875 0.676562 0.040625 0.031250
0 0.782031 0.707031 0.042188 0.032813
0 0.802344 0.732031 0.039062 0.029687
0 0.814063 0.760156 0.046875 0.029687
0 0.822656 0.790625 0.039062 0.037500
0 0.834375 0.825781 0.040625 0.029687
0 0.846094 0.855469 0.039062 0.029687
0 0.858594 0.881250 0.039062 0.028125
0 0.865625 0.903125 0.037500 0.028125
0 0.873437 0.928906 0.037500 0.023438
0 0.885938 0.952344 0.037500 0.026562
0 0.892188 0.976562 0.034375 0.028125
0 0.907813 0.995313 0.034375 0.015625
0 0.408594 0.000000 -0.045312 -0.040625
0 0.422656 0.030469 0.035937 0.029687
0 0.435937 0.057813 0.037500 0.025000
0 0.448437 0.076563 0.028125 0.025000
0 0.459375 0.109375 0.025000 0.025000
0 0.471875 0.137500 0.028125 0.028125
0 0.484375 0.163281 0.031250 0.026562
0 0.495312 0.187500 0.028125 0.025000
0 0.382031 0.014844 -0.042188 -0.035937
0 0.389844 0.046875 0.032813 0.018750
0 0.396875 0.063281 0.037500 0.020313
0 0.410938 0.084375 0.037500 0.021875
0 0.420312 0.103125 0.034375 0.025000
0 0.435937 0.135937 0.040625 0.028125
0 0.447656 0.159375 0.035937 0.021875
0 0.457813 0.175000 0.037500 0.018750
0 0.471094 0.193750 0.039062 0.015625
0 0.480469 0.217188 0.023438 0.018750
0 0.521094 0.208594 0.035937 0.023438
0 0.489063 0.242969 0.028125 0.020313
0 0.529687 0.233594 0.031250 0.026562
0 0.500781 0.270313 0.032813 0.025000
0 0.542188 0.257812 0.034375 0.025000
0 0.509375 0.297656 0.034375 0.026562
0 0.551562 0.283594 0.031250 0.026562
0 0.519531 0.321094 0.029687 0.023438
0 0.562500 0.309375 0.034375 0.025000
0 0.525000 0.348438 0.031250 0.018750
0 0.571094 0.339844 0.035937 0.023438
0 0.538281 0.370312 0.035937 0.018750
0 0.585156 0.365625 0.032813 0.021875
0 0.554688 0.394531 0.031250 0.020313
0 0.603906 0.392188 0.035937 0.018750
0 0.567187 0.422656 0.037500 0.020313
0 0.611719 0.415625 0.035937 0.025000
0 0.582031 0.450781 0.035937 0.023438
0 0.623437 0.443750 0.031250 0.028125
0 0.600000 0.473438 0.031250 0.018750
0 0.637500 0.471094 0.021875 0.014063
0 0.609375 0.497656 0.031250 0.026562
0 0.651563 0.498437 0.025000 0.028125
0 0.622656 0.523438 0.026562 0.025000
0 0.659375 0.529687 0.028125 0.025000
0 0.628125 0.552344 0.025000 0.023438
0 0.667969 0.557031 0.032813 0.023438
0 0.644531 0.579688 0.032813 0.025000
0 0.685156 0.582812 0.029687 0.021875
0 0.654687 0.607031 0.028125 0.026562
0 0.696875 0.601562 0.028125 0.025000
0 0.672656 0.635156 0.032813 0.026562
0 0.714844 0.630469 0.035937 0.026562
0 0.679688 0.660156 0.031250 0.032813
0 0.716406 0.662500 0.032813 0.031250
0 0.689844 0.692969 0.029687 0.023438
0 0.732031 0.693750 0.035937 0.028125
0 0.700781 0.717187 0.026562 0.031250
0 0.743750 0.719531 0.031250 0.023438
0 0.717969 0.750000 0.032813 0.025000
0 0.761719 0.740625 0.035937 0.021875
0 0.728125 0.777344 0.031250 0.029687
0 0.770312 0.764844 0.040625 0.032813
0 0.739844 0.797656 0.035937 0.023438
0 0.778906 0.792969 0.039062 0.029687
0 0.750781 0.822656 0.029687 0.023438
0 0.789844 0.822656 0.032813 0.026562
0 0.763281 0.850000 0.032813 0.021875
0 0.801562 0.845313 0.037500 0.031250
0 0.769531 0.871094 0.039062 0.026562
0 0.815625 0.870313 0.037500 0.025000
0 0.779687 0.892188 0.037500 0.031250
0 0.821875 0.898438 0.040625 0.034375
0 0.789844 0.922656 0.045312 0.035937
0 0.828906 0.925000 0.035937 0.028125
0 0.802344 0.950781 0.045312 0.026562
0 0.843750 0.947656 0.037500 0.029687
0 0.814844 0.974219 0.045312 0.023438
0 0.853125 0.971875 0.031250 0.025000
0 0.814844 0.989062 0.029687 0.018750
0 0.289844 0.010937 0.039062 0.018750
0 0.307812 0.028906 0.043750 0.026562
0 0.316406 0.053125 0.032813 0.025000
0 0.323437 0.077344 0.028125 0.026562
0 0.334375 0.110156 0.034375 0.032813
0 0.350000 0.132031 0.037500 0.035937
0 0.357812 0.158594 0.031250 0.029687
0 0.373437 0.188281 0.034375 0.029687
0 0.389844 0.211719 0.035937 0.029687
0 0.403125 0.239063 0.034375 0.031250
0 0.416406 0.272656 0.032813 0.039062
0 0.435937 0.307812 0.037500 0.037500
0 0.442969 0.330469 0.032813 0.032813
0 0.457813 0.353125 0.034375 0.040625
0 0.468750 0.383594 0.031250 0.029687
0 0.507812 0.382812 0.034375 0.031250
0 0.487500 0.414844 0.031250 0.032813
0 0.521875 0.415625 0.040625 0.031250
0 0.503906 0.448437 0.032813 0.034375
0 0.537500 0.439844 0.034375 0.029687
0 0.512500 0.479687 0.031250 0.028125
0 0.551562 0.470313 0.040625 0.034375
0 0.528125 0.507812 0.037500 0.025000
0 0.565625 0.497656 0.037500 0.032813
0 0.533594 0.534375 0.045312 0.034375
0 0.575000 0.532031 0.040625 0.032813
0 0.548438 0.564844 0.043750 0.026562
0 0.589063 0.559375 0.037500 0.028125
0 0.561719 0.589844 0.039062 0.023438
0 0.606250 0.587500 0.037500 0.025000
0 0.571875 0.618750 0.037500 0.031250
0 0.611719 0.609375 0.039062 0.037500
0 0.586719 0.641406 0.032813 0.032813
0 0.621875 0.642969 0.034375 0.029687
0 0.596875 0.671094 0.031250 0.029687
0 0.640625 0.670312 0.034375 0.025000
0 0.612500 0.696094 0.040625 0.026562
0 0.653906 0.691406 0.032813 0.026562
0 0.623437 0.724219 0.040625 0.029687
0 0.666406 0.718750 0.045312 0.031250
0 0.633594 0.748437 0.045312 0.034375
0 0.672656 0.745313 0.035937 0.021875
0 0.646094 0.773438 0.035937 0.025000
0 0.685156 0.766406 0.042188 0.032813
0 0.689844 0.797656 0.035937 0.023438
0 0.699219 0.816406 0.035937 0.032813
0 0.708594 0.839063 0.029687 0.025000
0 0.719531 0.854688 0.035937 0.031250
0 0.727344 0.879687 0.035937 0.031250
0 0.735156 0.900000 0.035937 0.034375
0 0.741406 0.911719 0.042188 0.039062
0 0.750781 0.940625 0.039062 0.034375
0 0.764062 0.958594 0.037500 0.026562
0 0.775000 0.982812 0.037500 0.034375
0 0.726562 0.984375 0.040625 0.034375
0 0.715625 0.946875 0.043750 0.040625
0 0.696875 0.909375 0.037500 0.040625
0 0.690625 0.878906 0.040625 0.045312
0 0.672656 0.845313 0.039062 0.043750
0 0.656250 0.807813 0.040625 0.043750
0 0.250000 0.008594 -0.040625 -0.035937
0 0.267188 0.037500 0.040625 0.031250
0 0.278906 0.056250 0.035937 0.031250
0 0.288281 0.081250 0.039062 0.031250
0 0.293750 0.104688 0.046875 0.040625
0 0.303125 0.130469 0.043750 0.039062
0 0.314063 0.160938 0.043750 0.040625
0 0.328906 0.186719 0.032813 0.029687
0 0.342969 0.210156 0.035937 0.039062
0 0.366406 0.273438 0.039062 0.043750
0 0.387500 0.297656 0.037500 0.042188
0 0.396875 0.322656 0.040625 0.029687
0 0.408594 0.344531 0.035937 0.039062
0 0.420312 0.375781 0.046875 0.032813
0 0.432031 0.394531 0.039062 0.035937
0 0.439844 0.419531 0.042188 0.039062
0 0.453125 0.436719 0.040625 0.032813
0 0.458594 0.456250 0.045312 0.037500
0 0.475781 0.478125 0.035937 0.037500
0 0.483594 0.500781 0.045312 0.029687
0 0.493750 0.528125 0.040625 0.034375
0 0.505469 0.553125 0.045312 0.031250
0 0.516406 0.574219 0.039062 0.029687
0 0.522656 0.591406 0.042188 0.039062
0 0.536719 0.616406 0.042188 0.039062
0 0.539062 0.639062 0.046875 0.034375
0 0.560156 0.659375 0.042188 0.028125
0 0.560937 0.682813 0.037500 0.025000
0 0.571094 0.695312 0.035937 0.031250
0 0.577344 0.719531 0.051562 0.039062
0 0.592969 0.748437 0.045312 0.034375
0 0.594531 0.776563 0.039062 0.034375
0 0.610156 0.787500 0.042188 0.031250
0 0.610938 0.808594 0.040625 0.029687
0 0.621875 0.825781 0.037500 0.020313
0 0.631250 0.842969 0.034375 0.023438
0 0.636719 0.857031 0.042188 0.026562
0 0.645312 0.878906 0.043750 0.032813
0 0.653125 0.900000 0.050000 0.034375
0 0.659375 0.921875 0.040625 0.037500
0 0.667188 0.949219 0.043750 0.026562
0 0.685937 0.979688 0.043750 0.034375
0 0.214844 0.003906 -0.051562 -0.039062
0 0.216406 0.028906 0.042188 0.035937
0 0.228906 0.046094 0.039062 0.035937
0 0.237500 0.069531 0.040625 0.029687
0 0.246094 0.086719 0.039062 0.029687
0 0.254688 0.106250 0.040625 0.031250
0 0.267969 0.128906 0.039062 0.035937
0 0.279687 0.154688 0.034375 0.037500
0 0.289062 0.184375 0.056250 0.031250
0 0.302344 0.209375 0.039062 0.031250
0 0.317969 0.239844 0.042188 0.039062
0 0.330469 0.271875 0.035937 0.034375
0 0.346094 0.302344 0.054688 0.035937
0 0.360938 0.325000 0.037500 0.021875
0 0.374219 0.350000 0.035937 0.031250
0 0.378906 0.378125 0.045312 0.037500
0 0.398438 0.405469 0.046875 0.032813
0 0.407813 0.428906 0.040625 0.029687
0 0.415625 0.459375 0.046875 0.037500
0 0.435156 0.486719 0.042188 0.026562
0 0.446875 0.507031 0.040625 0.026562
0 0.455469 0.531250 0.045312 0.034375
0 0.464844 0.556250 0.042188 0.034375
0 0.473438 0.582812 0.040625 0.028125
0 0.485938 0.612500 0.050000 0.031250
0 0.494531 0.639062 0.045312 0.034375
0 0.514844 0.665625 0.042188 0.034375
0 0.531250 0.689844 0.040625 0.032813
0 0.541406 0.717969 0.042188 0.032813
0 0.552344 0.745313 0.051562 0.037500
0 0.558594 0.775000 0.035937 0.034375
0 0.578906 0.802344 0.029687 0.032813
0 0.578906 0.845313 0.029687 0.034375
0 0.600000 0.866406 0.031250 0.023438
0 0.611719 0.895312 0.035937 0.025000
0 0.615625 0.923438 0.046875 0.037500
0 0.628906 0.946094 0.042188 0.035937
0 0.639844 0.980469 0.032813 0.032813
0 0.167187 0.010156 -0.031250 -0.042188
0 0.180469 0.037500 0.039062 0.037500
0 0.188281 0.065625 0.035937 0.031250
0 0.205469 0.090625 0.032813 0.028125
0 0.217969 0.118750 0.035937 0.031250
0 0.234375 0.145313 0.037500 0.034375
0 0.246094 0.173437 0.039062 0.025000
0 0.250000 0.196094 0.031250 0.035937
0 0.266406 0.216406 0.032813 0.035937
0 0.273438 0.241406 0.040625 0.039062
0 0.290625 0.267969 0.034375 0.039062
0 0.296875 0.302344 0.040625 0.045312
0 0.312500 0.327344 0.034375 0.032813
0 0.330469 0.349219 0.035937 0.039062
0 0.339844 0.374219 0.042188 0.035937
0 0.352344 0.399219 0.042188 0.035937
0 0.370312 0.428125 0.037500 0.040625
0 0.375781 0.475000 0.039062 0.037500
0 0.399219 0.497656 0.042188 0.035937
0 0.410938 0.528125 0.034375 0.043750
0 0.423438 0.559375 0.040625 0.043750
0 0.434375 0.590625 0.034375 0.028125
0 0.442188 0.614062 0.031250 0.037500
0 0.461719 0.646875 0.039062 0.037500
0 0.477344 0.679688 0.032813 0.037500
0 0.495312 0.707031 0.037500 0.032813
0 0.507812 0.735938 0.043750 0.037500
0 0.510938 0.765625 0.043750 0.034375
0 0.524219 0.796094 0.035937 0.032813
0 0.541406 0.814063 0.042188 0.037500
0 0.550000 0.839844 0.040625 0.035937
0 0.559375 0.868750 0.037500 0.031250
0 0.579688 0.889844 0.043750 0.032813
0 0.582812 0.920312 0.031250 0.037500
0 0.593750 0.950781 0.037500 0.032813
0 0.602344 0.979688 0.035937 0.031250
0 0.127344 0.006250 -0.042188 -0.046875
0 0.144531 0.042969 0.045312 0.045312
0 0.156250 0.083594 0.046875 0.039062
0 0.175000 0.112500 0.034375 0.037500
0 0.191406 0.144531 0.051562 0.054688
0 0.205469 0.184375 0.035937 0.040625
0 0.220312 0.217969 0.043750 0.045312
0 0.237500 0.256250 0.040625 0.040625
0 0.253906 0.292187 0.042188 0.040625
0 0.270313 0.322656 0.034375 0.042188
0 0.285156 0.350000 0.032813 0.034375
0 0.290625 0.376563 0.040625 0.040625
0 0.301563 0.395313 0.037500 0.037500
0 0.314063 0.427344 0.037500 0.045312
0 0.327344 0.449219 0.039062 0.039062
0 0.341406 0.481250 0.032813 0.037500
0 0.352344 0.505469 0.032813 0.032813
0 0.369531 0.527344 0.023438 0.029687
0 0.491406 0.914844 0.035937 0.035937
0 0.506250 0.936719 0.037500 0.035937
0 0.514844 0.962500 0.042188 0.028125
0 0.526563 0.984375 0.025000 0.021875
0 0.567969 0.985938 0.039062 0.028125
0 0.554688 0.953125 0.037500 0.028125
0 0.546875 0.922656 0.046875 0.032813
0 0.530469 0.892188 0.048438 0.028125
0 0.517188 0.864062 0.037500 0.028125
0 0.510156 0.832031 0.035937 0.035937
0 0.491406 0.796875 0.039062 0.034375
0 0.479687 0.767188 0.037500 0.031250
0 0.467187 0.732812 0.040625 0.031250
0 0.454688 0.704688 0.040625 0.031250
0 0.444531 0.679688 0.042188 0.031250
0 0.428125 0.647656 0.050000 0.020313
0 0.413281 0.620313 0.039062 0.037500
0 0.397656 0.590625 0.032813 0.028125
0 0.385937 0.560937 0.031250 0.028125
0 0.082031 -0.008594 -0.042188 -0.042188
0 0.089063 0.025000 0.034375 0.021875
0 0.104688 0.056250 0.037500 0.028125
0 0.117969 0.081250 0.035937 0.025000
0 0.127344 0.107813 0.048438 0.021875
0 0.137500 0.127344 0.034375 0.023438
0 0.147656 0.153906 0.032813 0.026562
0 0.156250 0.180469 0.043750 0.020313
0 0.170313 0.207813 0.034375 0.028125
0 0.189844 0.245312 0.035937 0.028125
0 0.201563 0.277344 0.034375 0.026562
0 0.210156 0.300000 0.026562 0.028125
0 0.222656 0.317969 0.029687 0.023438
0 0.234375 0.340625 0.034375 0.025000
0 0.245312 0.366406 0.034375 0.029687
0 0.255469 0.392969 0.029687 0.035937
0 0.272656 0.412500 0.042188 0.034375
0 0.285156 0.445312 0.035937 0.028125
0 0.298438 0.475781 0.034375 0.026562
0 0.306250 0.500781 0.028125 0.026562
0 0.321875 0.525000 0.031250 0.025000
0 0.334375 0.551562 0.028125 0.031250
0 0.345313 0.582812 0.034375 0.028125
0 0.357812 0.608594 0.028125 0.035937
0 0.370312 0.638281 0.040625 0.035937
0 0.387500 0.660937 0.037500 0.025000
0 0.392969 0.684375 0.032813 0.028125
0 0.403125 0.714063 0.031250 0.028125
0 0.414062 0.740625 0.034375 0.028125
0 0.428125 0.764844 0.034375 0.035937
0 0.440625 0.796094 0.034375 0.032813
0 0.456250 0.823438 0.031250 0.028125
0 0.466406 0.847656 0.042188 0.032813
0 0.475000 0.876563 0.034375 0.031250
0 0.029687 0.005469 -0.059375 -0.035937
0 0.046875 0.035156 0.037500 0.023438
0 0.060156 0.059375 0.032813 0.025000
0 0.073438 0.088281 0.043750 0.032813
0 0.089063 0.121094 0.037500 0.026562
0 0.096094 0.142969 0.039062 0.023438
0 0.110937 0.167969 0.037500 0.026562
0 0.127344 0.200000 0.042188 0.025000
0 0.135156 0.228125 0.045312 0.025000
0 0.142969 0.255469 0.039062 0.023438
0 0.155469 0.284375 0.039062 0.028125
0 0.178906 0.305469 0.042188 0.035937
0 0.184375 0.333594 0.034375 0.029687
0 0.196875 0.360156 0.040625 0.029687
0 0.208594 0.386719 0.042188 0.026562
0 0.224219 0.421875 0.045312 0.031250
0 0.242188 0.453125 0.043750 0.034375
0 0.254688 0.485938 0.037500 0.031250
0 0.267969 0.516406 0.039062 0.029687
0 0.285938 0.541406 0.046875 0.032813
0 0.298438 0.571875 0.050000 0.031250
0 0.308594 0.600781 0.042188 0.032813
0 0.324219 0.625000 0.039062 0.037500
0 0.332813 0.649219 0.037500 0.026562
0 0.339844 0.668750 0.042188 0.025000
0 0.349219 0.689844 0.039062 0.029687
0 0.365625 0.711719 0.037500 0.035937
0 0.378906 0.741406 0.045312 0.032813
0 0.385937 0.771875 0.037500 0.028125
0 0.396875 0.800781 0.040625 0.029687
0 0.407813 0.829688 0.034375 0.028125
0 0.419531 0.857812 0.042188 0.031250
0 0.435156 0.885156 0.042188 0.032813
0 0.450000 0.914844 0.043750 0.029687
0 0.459375 0.939844 0.043750 0.020313
0 0.470313 0.955469 0.034375 0.020313
0 0.475000 0.979688 0.031250 0.031250
0 0.430469 0.986719 0.029687 0.039062
0 0.416406 0.948438 0.039062 0.040625
0 0.396875 0.910937 0.040625 0.040625
0 0.382031 0.878125 0.042188 0.043750
0 0.364063 0.842187 0.043750 0.043750
0 0.350781 0.810156 0.035937 0.035937
0 0.333594 0.761719 0.020313 0.026562
0 0.318750 0.719531 0.040625 0.035937
0 0.296875 0.675000 0.040625 0.034375
0 0.279687 0.640625 0.031250 0.031250
0 0.265625 0.610938 0.031250 0.037500
0 0.246875 0.582812 0.028125 0.034375
0 0.240625 0.549219 0.043750 0.039062
0 0.225781 0.519531 0.032813 0.039062
0 0.208594 0.481250 0.032813 0.037500
0 0.192969 0.441406 0.032813 0.035937
0 0.175000 0.407813 0.031250 0.037500
0 0.152344 0.367969 0.032813 0.039062
0 0.138281 0.322656 0.045312 0.039062
0 0.113281 0.282813 0.032813 0.043750
0 0.101562 0.238281 0.034375 0.042188
0 0.079687 0.203906 0.031250 0.029687
0 0.075000 0.174219 0.034375 0.035937
0 0.054688 0.133594 0.040625 0.039062
0 0.033594 0.103125 0.045312 0.040625
0 0.003906 0.067969 -0.048438 -0.023438
0 0.010937 0.985156 -0.046875 -0.026562
0 0.092969 0.896094 0.035937 0.032813
0 0.110937 0.921875 0.034375 0.031250
0 0.125000 0.950781 0.040625 0.026562
0 0.131250 0.974219 0.040625 0.026562
0 0.186719 0.985156 0.035937 0.035937
0 0.208594 0.960938 0.035937 0.031250
0 0.226562 0.981250 0.034375 0.031250
0 0.264844 0.978906 0.039062 0.026562
0 0.307031 0.980469 0.029687 0.023438
0 0.343750 0.977344 0.028125 0.029687
0 0.385156 0.978906 0.029687 0.035937
0 0.100781 0.984375 0.035937 0.028125
0 0.060156 0.985938 0.045312 0.028125
0 0.080469 0.947656 0.042188 0.032813
0 0.059375 0.921875 0.043750 0.034375
0 0.047656 0.892188 0.042188 0.034375
0 0.021094 0.931250 0.035937 0.037500
0 0.032031 0.957031 0.039062 0.035937
0 0.162500 0.953125 0.031250 0.031250
0 0.190625 0.922656 0.034375 0.039062
0 0.232813 0.921094 0.034375 0.032813
0 0.246094 0.947656 0.032813 0.029687
0 0.278906 0.944531 0.029687 0.035937
0 0.315625 0.938281 0.031250 0.042188
0 0.367188 0.938281 0.031250 0.039062
0 0.352344 0.905469 0.032813 0.032813
0 0.309375 0.903125 0.040625 0.031250
0 0.274219 0.909375 0.035937 0.031250
0 0.253906 0.877344 0.035937 0.035937
0 0.217188 0.889844 0.037500 0.032813
0 0.207813 0.865625 0.037500 0.040625
0 0.184375 0.896875 0.040625 0.034375
0 0.156250 0.916406 0.040625 0.045312
0 0.136719 0.887500 0.039062 0.028125
0 0.082812 0.867188 0.034375 0.031250
0 0.033594 0.860156 0.042188 0.039062
0 0.066406 0.842969 0.045312 0.042188
0 0.051562 0.815625 0.037500 0.034375
0 0.041406 0.778906 0.048438 0.039062
0 0.021875 0.760156 0.040625 0.042188
0 0.015625 0.821094 -0.046875 -0.029687
0 -0.002344 0.150781 -0.042188 -0.042188
0 0.028125 0.178906 -0.037500 -0.029687
0 0.042188 0.214844 -0.040625 -0.035937
0 0.061719 0.249219 -0.042188 -0.029687
0 0.074219 0.273438 -0.051562 -0.028125
0 0.082812 0.302344 -0.046875 -0.035937
0 0.099219 0.332813 -0.042188 -0.037500
0 0.117188 0.367188 -0.050000 -0.037500
0 0.135937 0.406250 -0.043750 -0.040625
0 0.158594 0.444531 -0.045312 -0.029687
0 0.175000 0.471094 -0.034375 -0.042188
0 0.181250 0.502344 -0.034375 -0.042188
0 0.198437 0.535937 -0.043750 -0.031250
0 0.210938 0.568750 -0.046875 -0.037500
0 0.218750 0.603125 -0.046875 -0.040625
0 0.240625 0.645312 -0.046875 -0.028125
0 0.258594 0.671094 -0.039062 -0.035937
0 0.273438 0.705469 -0.040625 -0.026562
0 0.281250 0.739062 -0.046875 -0.034375
0 0.310937 0.791406 0.037500 0.032813
0 0.318750 0.821875 0.034375 0.031250
0 0.328125 0.856250 0.034375 0.031250
0 0.297656 0.881250 -0.051562 -0.025000
0 0.289844 0.854688 -0.051562 -0.025000
0 0.282031 0.817969 0.035937 0.045312
0 0.235937 0.846875 0.037500 0.028125
0 0.250781 0.783594 0.039062 0.048438
0 0.230469 0.740625 0.035937 0.046875
0 0.216406 0.700000 0.039062 0.050000
0 0.196875 0.657813 0.034375 0.040625
0 0.183594 0.623437 0.032813 0.043750
0 0.162500 0.582031 0.031250 0.039062
0 0.146875 0.546094 0.040625 0.042188
0 0.134375 0.511719 0.040625 0.045312
0 0.123438 0.477344 0.037500 0.042188
0 0.107813 0.449219 0.037500 0.045312
0 0.092969 0.414844 0.039062 0.045312
0 0.067969 0.375000 0.032813 0.043750
0 0.057813 0.339062 0.037500 0.046875
0 0.039844 0.300000 0.039062 0.050000
0 0.023438 0.255469 0.028125 0.045312
0 0.155469 0.857031 0.042188 0.045312
0 0.186719 0.841406 0.032813 0.032813
0 0.178906 0.812500 0.039062 0.034375
0 0.160156 0.771094 0.045312 0.048438
0 0.144531 0.739062 0.042188 0.037500
0 0.135156 0.709375 0.045312 0.043750
0 0.125781 0.682813 0.039062 0.040625
0 0.112500 0.653125 0.037500 0.037500
0 0.100781 0.614844 0.039062 0.045312
0 0.085156 0.584375 0.032813 0.043750
0 0.071875 0.559375 0.040625 0.050000
0 0.058594 0.530469 0.035937 0.045312
0 0.049219 0.506250 0.032813 0.034375
0 0.042188 0.478125 0.037500 0.050000
0 0.027344 0.444531 0.035937 0.045312
0 0.139063 0.819531 0.040625 0.032813
0 0.122656 0.780469 0.042188 0.042188
0 0.108594 0.742188 0.032813 0.031250
0 0.095312 0.706250 0.040625 0.043750
0 0.079687 0.667969 0.037500 0.039062
0 0.060156 0.630469 0.039062 0.039062
0 0.043750 0.592969 0.031250 0.032813
0 0.023438 0.551562 0.037500 0.043750
0 0.122656 0.858594 0.035937 0.023438
0 0.107813 0.827344 0.040625 0.035937
0 0.085156 0.785156 0.045312 0.039062
0 0.069531 0.742969 0.039062 0.042188
0 0.045312 0.710156 0.034375 0.026562
0 0.025000 0.667969 0.034375 0.035937
0 0.020313 0.627344 0.034375 0.039062
0 0.226562 0.817187 0.037500 0.034375
0 0.206250 0.774219 0.037500 0.042188
0 0.193750 0.731250 0.034375 0.037500
0 0.177344 0.689844 0.039062 0.039062
0 0.150000 0.638281 0.028125 0.032813
0 0.139063 0.604688 0.040625 0.043750
0 0.117969 0.563281 0.035937 0.048438
0 0.100000 0.514062 0.028125 0.037500
0 0.086719 0.483594 0.029687 0.042188
0 0.078906 0.451562 0.029687 0.040625
0 0.053125 0.419531 0.034375 0.045312
0 0.039844 0.383594 0.026562 0.035937
