0 0.981250 0.010156 0.031250 0.017188
0 0.988281 0.033594 0.017188 0.020313
0 0.991406 0.057031 0.010937 0.020313
0 0.940625 0.014844 -0.043750 -0.023438
0 0.949219 0.042969 0.042188 0.029687
0 0.961719 0.067969 0.032813 0.026562
0 0.976562 0.091406 0.031250 0.014063
0 0.981250 0.111719 0.028125 0.026562
0 0.897656 0.018750 -0.032813 -0.031250
0 0.909375 0.045312 0.025000 0.028125
0 0.921875 0.063281 0.031250 0.020313
0 0.931250 0.085156 0.025000 0.026562
0 0.944531 0.107813 -0.029687 -0.018750
0 0.945312 0.133594 0.034375 0.026562
0 0.961719 0.155469 0.026562 0.023438
0 0.971875 0.176563 0.028125 0.021875
0 0.978906 0.197656 0.023438 0.023438
0 0.983594 0.217969 0.026562 0.020313
0 0.985156 0.240625 0.020313 0.031250
0 0.986719 0.143750 0.020313 0.031250
0 0.992969 0.171875 0.007812 0.021875
0 0.860156 0.017188 -0.029687 -0.031250
0 0.834375 0.010937 -0.018750 -0.018750
0 0.808594 0.013281 -0.039062 -0.023438
0 0.816406 0.033594 0.039062 0.023438
0 0.828125 0.056250 0.046875 0.025000
0 0.836719 0.079687 0.035937 0.021875
0 0.874219 0.042969 0.039062 0.023438
0 0.878906 0.065625 0.035937 0.028125
0 0.885156 0.090625 0.042188 0.028125
0 0.901563 0.115625 0.040625 0.025000
0 0.913281 0.090625 -0.014063 -0.025000
0 0.907813 0.147656 0.037500 0.029687
0 0.927344 0.181250 0.039062 0.028125
0 0.940625 0.208594 0.043750 0.029687
0 0.950781 0.181250 -0.014063 -0.025000
0 0.950000 0.237500 -0.037500 -0.018750
0 0.956250 0.258594 0.037500 0.023438
0 0.970313 0.282031 0.034375 0.023438
0 0.979688 0.309375 0.034375 0.025000
0 0.979688 0.336719 0.034375 0.026562
0 0.985156 0.362500 0.023438 0.031250
0 0.991406 0.388281 0.010937 0.014063
0 0.851562 0.118750 0.031250 0.034375
0 0.870313 0.163281 0.031250 0.026562
0 0.878906 0.178906 0.032813 0.026562
0 0.887500 0.200000 0.034375 0.025000
0 0.892969 0.224219 0.039062 0.023438
0 0.903906 0.251563 0.026562 0.031250
0 0.917188 0.285156 0.025000 0.035937
0 0.931250 0.314844 0.028125 0.020313
0 0.937500 0.339062 0.025000 0.025000
0 0.949219 0.365625 0.039062 0.031250
0 0.957812 0.392188 0.031250 0.025000
0 0.965625 0.417187 0.040625 0.031250
0 0.975000 0.441406 0.037500 0.020313
0 0.994531 0.456250 0.007812 0.021875
0 0.978906 0.464844 0.032813 0.026562
0 0.985938 0.487500 0.015625 0.015625
0 0.990625 0.507031 0.012500 0.017188
0 0.993750 0.524219 0.003125 0.014063
0 0.767188 0.011719 -0.034375 -0.023438
0 0.775781 0.038281 0.032813 0.032813
0 0.788281 0.067969 0.032813 0.032813
0 0.803906 0.093750 0.026562 0.021875
0 0.812500 0.119531 0.034375 0.026562
0 0.817187 0.142187 0.037500 0.025000
0 0.827344 0.166406 0.029687 0.026562
0 0.839844 0.186719 0.032813 0.023438
0 0.846875 0.207813 0.034375 0.025000
0 0.852344 0.229687 0.029687 0.018750
0 0.866406 0.250781 0.029687 0.023438
0 0.878125 0.275000 0.037500 0.025000
0 0.882812 0.299219 0.031250 0.026562
0 0.900000 0.328906 0.037500 0.026562
0 0.906250 0.353125 0.037500 0.025000
0 0.910156 0.377344 0.032813 0.032813
0 0.924219 0.407031 0.035937 0.026562
0 0.930469 0.432031 0.032813 0.023438
0 0.939063 0.457031 0.037500 0.023438
0 0.951562 0.485938 0.037500 0.028125
0 0.963281 0.510938 0.032813 0.021875
0 0.971094 0.532813 0.032813 0.025000
0 0.978906 0.554688 0.035937 0.025000
0 0.981250 0.578906 0.025000 0.023438
0 0.990625 0.601562 0.015625 0.021875
0 0.991406 0.625000 0.007812 0.018750
0 0.727344 0.015625 -0.042188 -0.028125
0 0.735938 0.039844 0.043750 0.023438
0 0.742969 0.064062 0.039062 0.021875
0 0.749219 0.085938 0.048438 0.021875
0 0.760156 0.108594 0.039062 0.023438
0 0.772656 0.132031 0.039062 0.026562
0 0.779687 0.154688 0.034375 0.028125
0 0.792188 0.180469 0.034375 0.020313
0 0.801562 0.200000 0.040625 0.025000
0 0.810156 0.221094 0.029687 0.020313
0 0.821875 0.242969 0.037500 0.023438
0 0.828125 0.264844 0.031250 0.026562
0 0.835938 0.294531 0.034375 0.026562
0 0.837500 0.317969 0.040625 0.017188
0 0.848437 0.339844 0.031250 0.020313
0 0.858594 0.365625 0.039062 0.034375
0 0.871875 0.396094 0.040625 0.026562
0 0.883594 0.424219 0.035937 0.029687
0 0.892188 0.453125 0.040625 0.028125
0 0.902344 0.480469 0.032813 0.029687
0 0.918750 0.508594 0.034375 0.029687
0 0.926562 0.533594 0.037500 0.029687
0 0.935937 0.561719 0.043750 0.029687
0 0.953125 0.591406 0.034375 0.026562
0 0.961719 0.617188 0.032813 0.028125
0 0.974219 0.643750 0.032813 0.021875
0 0.982031 0.667188 0.032813 0.018750
0 0.986719 0.692187 0.023438 0.021875
0 0.992188 0.714063 0.012500 0.015625
0 0.993750 0.735156 0.006250 0.017188
0 0.992969 0.841406 0.007812 0.020313
0 0.984375 0.805469 0.025000 0.045312
0 0.982031 0.806250 -0.020313 -0.034375
0 0.978125 0.760156 0.031250 0.035937
0 0.970313 0.731250 -0.034375 -0.015625
0 0.960156 0.710156 -0.045312 -0.023438
0 0.945312 0.684375 -0.050000 -0.025000
0 0.937500 0.657813 -0.050000 -0.028125
0 0.930469 0.635938 -0.045312 -0.031250
0 0.910156 0.599219 -0.045312 -0.035937
0 0.898438 0.571094 -0.031250 -0.026562
0 0.895312 0.546875 -0.037500 -0.025000
0 0.882031 0.517188 -0.039062 -0.028125
0 0.872656 0.491406 -0.039062 -0.023438
0 0.859375 0.468750 -0.043750 -0.025000
0 0.845313 0.447656 -0.040625 -0.029687
0 0.830469 0.417187 -0.035937 -0.034375
0 0.821094 0.389844 -0.039062 -0.026562
0 0.815625 0.364844 -0.037500 -0.029687
0 0.813281 0.339844 -0.045312 -0.023438
0 0.796094 0.320312 -0.039062 -0.031250
0 0.783594 0.288281 -0.035937 -0.039062
0 0.770312 0.253125 -0.037500 -0.034375
0 0.762500 0.225781 -0.043750 -0.029687
0 0.755469 0.199219 -0.039062 -0.029687
0 0.738281 0.168750 -0.042188 -0.031250
0 0.731250 0.139063 -0.040625 -0.040625
0 0.717187 0.107813 -0.043750 -0.028125
0 0.704688 0.078906 -0.034375 -0.032813
0 0.697656 0.051562 -0.035937 -0.034375
0 0.686719 0.024219 -0.039062 -0.026562
0 0.678125 0.007812 -0.031250 -0.015625
0 0.638281 0.010156 -0.032813 -0.010937
0 0.642188 0.023438 0.040625 0.028125
0 0.653906 0.044531 0.035937 0.026562
0 0.652344 0.068750 0.035937 0.028125
0 0.664844 0.098437 0.042188 0.028125
0 0.670312 0.121875 0.043750 0.025000
0 0.691406 0.150000 0.032813 0.034375
0 0.697656 0.181250 0.035937 0.021875
0 0.711719 0.207031 0.042188 0.023438
0 0.721875 0.232813 0.034375 0.025000
0 0.730469 0.259375 0.035937 0.018750
0 0.740625 0.286719 0.046875 0.026562
0 0.750781 0.314844 0.045312 0.026562
0 0.750781 0.337500 0.017188 0.018750
0 0.784375 0.364063 0.012500 0.009375
0 0.771875 0.355469 -0.046875 -0.035937
0 0.775781 0.385937 0.039062 0.025000
0 0.789844 0.410156 0.032813 0.029687
0 0.798438 0.432812 0.037500 0.021875
0 0.809375 0.460938 0.037500 0.028125
0 0.822656 0.491406 0.045312 0.029687
0 0.838281 0.521094 -0.054688 -0.032813
0 0.847656 0.551562 -0.045312 -0.031250
0 0.860156 0.575781 -0.048438 -0.029687
0 0.863281 0.596875 -0.032813 -0.021875
0 0.878125 0.621875 -0.037500 -0.025000
0 0.887500 0.646875 -0.040625 -0.028125
0 0.902344 0.671875 -0.029687 -0.028125
0 0.906250 0.701562 -0.040625 -0.021875
0 0.919531 0.728125 -0.048438 -0.034375
0 0.927344 0.758594 0.048438 0.026562
0 0.940625 0.787500 0.046875 0.028125
0 0.947656 0.815625 0.048438 0.028125
0 0.961719 0.841406 0.048438 0.023438
0 0.968750 0.864062 0.050000 0.021875
0 0.981250 0.881250 0.028125 0.012500
0 0.984375 0.902344 0.025000 0.023438
0 0.993750 0.924219 0.003125 0.014063
0 0.978125 0.983594 0.034375 0.026562
0 0.970313 0.954688 0.046875 0.028125
0 0.966406 0.928125 0.039062 0.021875
0 0.949219 0.903906 -0.048438 -0.026562
0 0.935937 0.876563 -0.050000 -0.025000
0 0.921875 0.847656 -0.040625 -0.032813
0 0.910156 0.825000 -0.045312 -0.025000
0 0.907813 0.803906 -0.043750 -0.032813
0 0.899219 0.778125 -0.042188 -0.028125
0 0.885156 0.753125 -0.045312 -0.037500
0 0.872656 0.725781 -0.039062 -0.039062
0 0.864844 0.692187 -0.039062 -0.040625
0 0.853906 0.663281 -0.045312 -0.032813
0 0.832812 0.631250 -0.046875 -0.031250
0 0.825000 0.601562 -0.043750 -0.040625
0 0.816406 0.575781 -0.042188 -0.026562
0 0.803906 0.549219 -0.039062 -0.035937
0 0.791406 0.519531 -0.035937 -0.035937
0 0.777344 0.492969 -0.039062 -0.026562
0 0.769531 0.467187 -0.051562 -0.034375
0 0.757031 0.440625 -0.042188 -0.034375
0 0.750000 0.412500 -0.040625 -0.034375
0 0.733594 0.386719 -0.042188 -0.026562
0 0.728906 0.363281 -0.035937 -0.029687
0 0.716406 0.342187 -0.035937 -0.031250
0 0.710938 0.317188 -0.037500 -0.040625
0 0.693750 0.285938 -0.031250 -0.028125
0 0.686719 0.261719 -0.039062 -0.032813
0 0.682813 0.236719 -0.034375 -0.029687
0 0.675000 0.210938 -0.043750 -0.037500
0 0.660156 0.182812 -0.032813 -0.031250
0 0.646875 0.158594 -0.031250 -0.029687
0 0.641406 0.138281 -0.029687 -0.026562
0 0.633594 0.109375 -0.029687 -0.031250
0 0.624219 0.085938 -0.035937 -0.028125
0 0.618750 0.057031 -0.031250 -0.029687
0 0.613281 0.023438 -0.039062 -0.040625
0 0.546875 0.003125 0.000000 0.000000
0 0.571094 0.031250 0.035937 0.028125
0 0.568750 0.010937 -0.046875 -0.021875
0 0.577344 0.054688 0.042188 0.028125
0 0.584375 0.079687 0.031250 0.021875
0 0.592969 0.101562 0.032813 0.021875
0 0.603125 0.129688 0.031250 0.028125
0 0.611719 0.161719 0.032813 0.029687
0 0.622656 0.188281 0.032813 0.017188
0 0.630469 0.210156 0.035937 0.023438
0 0.636719 0.235156 0.032813 0.023438
0 0.650781 0.260156 0.032813 0.020313
0 0.657031 0.285938 0.039062 0.031250
0 0.667188 0.318750 0.034375 0.025000
0 0.673438 0.346875 0.034375 0.021875
0 0.685156 0.366406 0.035937 0.023438
0 0.700000 0.388281 0.028125 0.023438
0 0.702344 0.406250 0.032813 0.018750
0 0.712500 0.431250 0.034375 0.025000
0 0.725000 0.454688 0.031250 0.021875
0 0.733594 0.482031 0.032813 0.023438
0 0.746094 0.505469 0.042188 0.023438
0 0.757812 0.527344 0.028125 0.023438
0 0.764844 0.550000 0.032813 0.021875
0 0.768750 0.572656 0.040625 0.023438
0 0.782813 0.597656 0.040625 0.023438
0 0.790625 0.619531 0.034375 0.023438
0 0.798438 0.640625 0.037500 0.021875
0 0.806250 0.667969 0.034375 0.029687
0 0.821875 0.694531 0.040625 0.023438
0 0.827344 0.718750 0.032813 0.028125
0 0.841406 0.742969 0.042188 0.026562
0 0.847656 0.772656 0.035937 0.026562
0 0.864062 0.799219 0.034375 0.026562
0 0.873437 0.824219 0.034375 0.026562
0 0.885938 0.850000 0.031250 0.021875
0 0.896875 0.874219 0.025000 0.023438
0 0.905469 0.895312 0.026562 0.021875
0 0.911719 0.916406 0.032813 0.020313
0 0.923438 0.939063 0.028125 0.021875
0 0.935156 0.959375 0.032813 0.021875
0 0.941406 0.982031 0.035937 0.029687
0 0.895312 0.982812 0.046875 0.025000
0 0.892969 0.957812 -0.042188 -0.025000
0 0.886719 0.932031 -0.054688 -0.029687
0 0.871875 0.904687 -0.043750 -0.031250
0 0.855469 0.881250 -0.060937 -0.021875
0 0.846875 0.860156 -0.043750 -0.029687
0 0.840625 0.838281 -0.056250 -0.029687
0 0.828125 0.815625 -0.043750 -0.028125
0 0.821094 0.791406 -0.045312 -0.029687
0 0.810937 0.770312 -0.043750 -0.028125
0 0.796094 0.742969 -0.039062 -0.020313
0 0.782031 0.719531 -0.042188 -0.029687
0 0.773438 0.691406 -0.053125 -0.029687
0 0.764844 0.666406 -0.045312 -0.032813
0 0.753125 0.634375 -0.059375 -0.031250
0 0.742188 0.607812 -0.046875 -0.028125
0 0.734375 0.586719 -0.043750 -0.029687
0 0.723437 0.553906 -0.043750 -0.026562
0 0.717969 0.528906 -0.045312 -0.023438
0 0.699219 0.503906 -0.042188 -0.026562
0 0.689844 0.478906 -0.048438 -0.035937
0 0.682813 0.451562 -0.050000 -0.021875
0 0.668750 0.423438 -0.043750 -0.031250
0 0.658594 0.393750 -0.045312 -0.025000
0 0.649219 0.369531 -0.039062 -0.026562
0 0.635938 0.340625 -0.034375 -0.034375
0 0.626563 0.308594 -0.034375 -0.026562
0 0.611719 0.281250 -0.035937 -0.021875
0 0.609375 0.250781 -0.043750 -0.029687
0 0.605469 0.227344 -0.042188 -0.020313
0 0.586719 0.203906 -0.042188 -0.026562
0 0.572656 0.173437 -0.039062 -0.028125
0 0.562500 0.142969 -0.037500 -0.032813
0 0.580469 0.120313 -0.010937 -0.021875
0 0.551562 0.114062 -0.037500 -0.021875
0 0.544531 0.089844 -0.035937 -0.023438
0 0.539062 0.064844 -0.037500 -0.023438
0 0.532031 0.041406 -0.042188 -0.023438
0 0.523438 0.021875 -0.037500 -0.018750
0 0.514844 0.008594 -0.045312 -0.014063
0 0.474219 0.009375 -0.042188 -0.015625
0 0.475781 0.028125 0.042188 0.028125
0 0.485156 0.056250 0.039062 0.031250
0 0.496875 0.075781 0.043750 0.020313
0 0.505469 0.097656 0.045312 0.023438
0 0.517188 0.121094 0.046875 0.023438
0 0.525000 0.142969 0.034375 0.023438
0 0.533594 0.167187 0.026562 0.028125
0 0.549219 0.194531 0.035937 0.023438
0 0.553906 0.217969 0.045312 0.023438
0 0.561719 0.248438 0.039062 0.031250
0 0.570312 0.278125 0.034375 0.018750
0 0.575000 0.301563 0.037500 0.028125
0 0.588281 0.327344 0.051562 0.029687
0 0.597656 0.357031 0.045312 0.029687
0 0.605469 0.389062 0.042188 0.034375
0 0.617188 0.418750 0.040625 0.031250
0 0.626563 0.447656 0.037500 0.026562
0 0.635156 0.477344 0.048438 0.029687
0 0.649219 0.503125 0.035937 0.018750
0 0.654687 0.525781 0.043750 0.026562
0 0.667969 0.553906 0.045312 0.020313
0 0.681250 0.578906 0.053125 0.023438
0 0.693750 0.605469 0.053125 0.026562
0 0.703906 0.630469 0.032813 0.026562
0 0.715625 0.658594 0.031250 0.029687
0 0.725000 0.682813 0.034375 0.025000
0 0.732031 0.700000 0.029687 0.012500
0 0.748437 0.725781 0.037500 0.020313
0 0.755469 0.753125 0.039062 0.031250
0 0.771094 0.782813 0.039062 0.021875
0 0.787500 0.812500 0.040625 0.028125
0 0.800000 0.841406 0.037500 0.029687
0 0.808594 0.871875 0.045312 0.028125
0 0.821094 0.898438 0.039062 0.025000
0 0.835938 0.922656 0.050000 0.020313
0 0.841406 0.946875 0.039062 0.031250
0 0.848437 0.970313 0.037500 0.025000
0 0.850781 0.982812 0.035937 0.025000
0 0.814844 0.985938 0.032813 0.025000
0 0.779687 0.986719 0.034375 0.020313
0 0.771875 0.968750 -0.031250 -0.025000
0 0.807031 0.962500 0.032813 0.021875
0 0.735938 0.981250 0.037500 0.028125
0 0.800000 0.942187 -0.034375 -0.031250
0 0.789844 0.917969 -0.039062 -0.020313
0 0.778125 0.896875 -0.037500 -0.021875
0 0.766406 0.873437 -0.032813 -0.028125
0 0.757812 0.849219 -0.043750 -0.032813
0 0.749219 0.817969 -0.045312 -0.032813
0 0.738281 0.790625 -0.039062 -0.021875
0 0.722656 0.765625 -0.051562 -0.025000
0 0.710938 0.740625 -0.037500 -0.031250
0 0.705469 0.714063 -0.039062 -0.025000
0 0.688281 0.689063 -0.039062 -0.034375
0 0.679688 0.659375 -0.037500 -0.043750
0 0.666406 0.625000 -0.039062 -0.037500
0 0.656250 0.600000 -0.040625 -0.021875
0 0.637500 0.571875 -0.028125 -0.031250
0 0.623437 0.539062 -0.037500 -0.034375
0 0.611719 0.500000 -0.035937 -0.034375
0 0.593750 0.460156 -0.034375 -0.045312
0 0.578125 0.423438 -0.034375 -0.037500
0 0.567187 0.389062 -0.040625 -0.028125
0 0.558594 0.359375 -0.035937 -0.031250
0 0.544531 0.333594 -0.035937 -0.029687
0 0.530469 0.307812 -0.045312 -0.034375
0 0.527344 0.278906 -0.048438 -0.039062
0 0.516406 0.245312 -0.051562 -0.031250
0 0.513281 0.221094 -0.051562 -0.035937
0 0.501563 0.189062 -0.056250 -0.037500
0 0.491406 0.157031 -0.039062 -0.029687
0 0.482031 0.131250 -0.051562 -0.028125
0 0.464844 0.104688 -0.045312 -0.031250
0 0.457813 0.080469 -0.050000 -0.026562
0 0.447656 0.059375 -0.048438 -0.028125
0 0.439063 0.039062 -0.053125 -0.031250
0 0.428906 0.014063 -0.048438 -0.028125
0 0.380469 0.013281 -0.054688 -0.026562
0 0.389062 0.044531 0.043750 0.029687
0 0.401562 0.071875 0.043750 0.025000
0 0.410156 0.100781 0.039062 0.026562
0 0.425781 0.131250 0.045312 0.028125
0 0.435937 0.160156 0.040625 0.026562
0 0.442188 0.186719 0.040625 0.026562
0 0.457813 0.217969 0.040625 0.032813
0 0.466406 0.252344 0.035937 0.029687
0 0.475781 0.280469 0.035937 0.026562
0 0.487500 0.308594 0.034375 0.023438
0 0.500781 0.331250 0.035937 0.021875
0 0.510938 0.353906 0.034375 0.029687
0 0.523438 0.384375 0.040625 0.031250
0 0.534375 0.417969 0.046875 0.035937
0 0.551562 0.457031 0.037500 0.042188
0 0.535937 0.451562 -0.025000 -0.018750
0 0.575781 0.499219 0.039062 0.032813
0 0.585156 0.528125 0.035937 0.028125
0 0.595313 0.553906 0.043750 0.029687
0 0.605469 0.587500 0.029687 0.028125
0 0.621094 0.607812 0.032813 0.037500
0 0.628125 0.640625 0.037500 0.031250
0 0.642969 0.671875 0.035937 0.028125
0 0.650781 0.703125 0.035937 0.034375
0 0.667969 0.728125 0.039062 0.031250
0 0.680469 0.756250 0.039062 0.031250
0 0.692187 0.783594 0.034375 0.029687
0 0.703125 0.812500 0.034375 0.034375
0 0.725000 0.846875 0.034375 0.028125
0 0.733594 0.873437 0.026562 0.031250
0 0.746094 0.903906 0.029687 0.023438
0 0.760156 0.929688 0.032813 0.021875
0 0.764844 0.952344 0.032813 0.020313
0 0.721094 0.953906 0.042188 0.029687
0 0.714844 0.925781 -0.035937 -0.023438
0 0.707812 0.902344 -0.031250 -0.026562
0 0.698438 0.878125 -0.031250 -0.025000
0 0.686719 0.856250 -0.035937 -0.031250
0 0.678125 0.828125 -0.037500 -0.028125
0 0.665625 0.803906 -0.034375 -0.026562
0 0.650781 0.776563 -0.039062 -0.031250
0 0.635938 0.750000 -0.031250 -0.028125
0 0.622656 0.717969 -0.035937 -0.032813
0 0.610156 0.689844 -0.035937 -0.029687
0 0.609375 0.672656 -0.021875 -0.017188
0 0.595313 0.647656 -0.015625 -0.023438
0 0.583594 0.618750 -0.029687 -0.028125
0 0.567969 0.588281 -0.035937 -0.032813
0 0.557031 0.560156 -0.032813 -0.032813
0 0.538281 0.527344 -0.042188 -0.042188
0 0.521875 0.492969 -0.034375 -0.045312
0 0.513281 0.475781 -0.032813 -0.026562
0 0.503125 0.453906 -0.028125 -0.035937
0 0.489844 0.425781 -0.029687 -0.039062
0 0.483594 0.401562 -0.035937 -0.040625
0 0.470313 0.371875 -0.050000 -0.031250
0 0.458594 0.349219 -0.029687 -0.026562
0 0.451562 0.316406 -0.037500 -0.029687
0 0.440625 0.289844 -0.040625 -0.042188
0 0.417969 0.254688 -0.026562 -0.025000
0 0.406250 0.217969 -0.031250 -0.048438
0 0.401562 0.182031 -0.037500 -0.029687
0 0.387500 0.152344 -0.040625 -0.039062
0 0.371875 0.111719 -0.037500 -0.042188
0 0.367188 0.093750 0.000000 0.000000
0 0.357812 0.073438 -0.040625 -0.040625
0 0.340625 0.043750 -0.046875 -0.040625
0 0.325000 0.016406 -0.037500 -0.029687
0 0.283594 0.013281 -0.048438 -0.023438
0 0.284375 0.035156 0.040625 0.029687
0 0.302344 0.066406 0.029687 0.029687
0 0.310156 0.089844 0.042188 0.026562
0 0.323437 0.115625 0.034375 0.021875
0 0.334375 0.136719 0.040625 0.026562
0 0.345313 0.160938 0.046875 0.028125
0 0.353125 0.185938 0.037500 0.025000
0 0.369531 0.213281 0.029687 0.026562
0 0.378125 0.245312 0.034375 0.031250
0 0.393750 0.273438 0.034375 0.034375
0 0.405469 0.306250 0.029687 0.034375
0 0.413281 0.331250 0.017188 0.015625
0 0.421875 0.353125 0.028125 0.031250
0 0.433594 0.392188 0.035937 0.031250
0 0.448437 0.422656 0.034375 0.029687
0 0.464844 0.453906 0.032813 0.026562
0 0.475781 0.481250 0.032813 0.021875
0 0.482031 0.503125 0.039062 0.034375
0 0.501563 0.533594 0.037500 0.029687
0 0.513281 0.564844 0.032813 0.029687
0 0.532031 0.595313 0.032813 0.028125
0 0.546094 0.622656 0.042188 0.026562
0 0.553125 0.646875 0.034375 0.031250
0 0.561719 0.671875 0.032813 0.025000
0 0.568750 0.692969 0.028125 0.026562
0 0.579688 0.717187 0.028125 0.028125
0 0.589063 0.739844 0.028125 0.029687
0 0.600000 0.762500 0.031250 0.037500
0 0.608594 0.789844 0.026562 0.032813
0 0.621875 0.810937 0.028125 0.021875
0 0.632031 0.837500 0.029687 0.031250
0 0.642188 0.864844 0.031250 0.029687
0 0.654687 0.890625 0.025000 0.028125
0 0.664062 0.911719 0.021875 0.026562
0 0.674219 0.929688 0.026562 0.025000
0 0.682031 0.951562 0.029687 0.028125
0 0.685156 0.981250 0.029687 0.034375
0 0.646094 0.982812 0.035937 0.028125
0 0.641406 0.954688 -0.045312 -0.031250
0 0.631250 0.925781 -0.037500 -0.032813
0 0.621094 0.896875 -0.039062 -0.031250
0 0.604688 0.864062 -0.034375 -0.031250
0 0.598437 0.839844 -0.034375 -0.032813
0 0.577344 0.804688 -0.035937 -0.031250
0 0.571094 0.779687 -0.032813 -0.028125
0 0.554688 0.752344 -0.034375 -0.032813
0 0.546094 0.730469 -0.039062 -0.026562
0 0.534375 0.698438 -0.046875 -0.028125
0 0.523438 0.671094 -0.031250 -0.032813
0 0.507031 0.632812 -0.035937 -0.050000
0 0.489844 0.588281 -0.045312 -0.039062
0 0.471094 0.549219 -0.032813 -0.035937
0 0.459375 0.518750 -0.046875 -0.053125
0 0.442188 0.485938 -0.034375 -0.040625
0 0.421094 0.449219 -0.026562 -0.026562
0 0.427344 0.448437 -0.042188 -0.028125
0 0.414062 0.421094 -0.031250 -0.029687
0 0.397656 0.395313 -0.035937 -0.037500
0 0.385156 0.369531 -0.035937 -0.042188
0 0.382031 0.339062 -0.045312 -0.040625
0 0.370312 0.307812 -0.037500 -0.037500
0 0.357812 0.275000 -0.031250 -0.034375
0 0.348438 0.252344 -0.053125 -0.035937
0 0.333594 0.225000 -0.032813 -0.037500
0 0.319531 0.200781 -0.032813 -0.029687
0 0.303906 0.174219 -0.035937 -0.035937
0 0.292969 0.149219 -0.023438 -0.023438
0 0.285156 0.132812 -0.026562 -0.025000
0 0.274219 0.094531 -0.045312 -0.035937
0 0.260156 0.060156 -0.035937 -0.032813
0 0.242188 0.031250 -0.040625 -0.031250
0 0.229687 0.014844 -0.037500 -0.026562
0 0.191406 0.014844 -0.042188 -0.023438
0 0.198437 0.040625 0.040625 0.028125
0 0.221875 0.069531 0.037500 0.029687
0 0.228906 0.098437 0.035937 0.028125
0 0.242969 0.132031 0.042188 0.026562
0 0.257031 0.164062 0.039062 0.028125
0 0.270313 0.194531 0.034375 0.023438
0 0.284375 0.224219 0.031250 0.032813
0 0.300781 0.257031 0.035937 0.032813
0 0.310937 0.286719 0.034375 0.029687
0 0.325000 0.314063 0.034375 0.031250
0 0.338281 0.340625 0.035937 0.018750
0 0.344531 0.364844 0.032813 0.026562
0 0.353125 0.394531 0.037500 0.026562
0 0.364063 0.421875 0.034375 0.025000
0 0.374219 0.451562 0.039062 0.028125
0 0.389062 0.480469 0.040625 0.026562
0 0.397656 0.506250 0.042188 0.021875
0 0.407813 0.532813 0.040625 0.031250
0 0.422656 0.562500 0.035937 0.028125
0 0.430469 0.589063 0.032813 0.031250
0 0.450781 0.617188 0.023438 0.025000
0 0.466406 0.642969 0.039062 0.032813
0 0.473438 0.668750 0.037500 0.031250
0 0.490625 0.699219 0.037500 0.026562
0 0.507812 0.731250 0.046875 0.031250
0 0.519531 0.761719 0.035937 0.029687
0 0.529687 0.787500 0.043750 0.034375
0 0.538281 0.817187 0.039062 0.025000
0 0.556250 0.844531 0.040625 0.026562
0 0.566406 0.871875 0.035937 0.028125
0 0.579688 0.899219 0.043750 0.026562
0 0.586719 0.928906 0.039062 0.032813
0 0.597656 0.959375 0.042188 0.028125
0 0.607812 0.985938 0.034375 0.021875
0 0.564844 0.983594 0.035937 0.026562
0 0.556250 0.956250 -0.034375 -0.031250
0 0.541406 0.924219 -0.035937 -0.039062
0 0.532813 0.892969 -0.040625 -0.029687
0 0.521875 0.863281 -0.050000 -0.032813
0 0.508594 0.832031 -0.042188 -0.035937
0 0.490625 0.797656 -0.040625 -0.029687
0 0.479687 0.767188 -0.040625 -0.037500
0 0.469531 0.742188 -0.045312 -0.031250
0 0.457031 0.716406 -0.045312 -0.039062
0 0.439844 0.682031 -0.039062 -0.029687
0 0.427344 0.654687 -0.039062 -0.031250
0 0.412500 0.627344 -0.040625 -0.029687
0 0.397656 0.597656 -0.039062 -0.029687
0 0.389062 0.574219 -0.043750 -0.029687
0 0.375781 0.547656 -0.026562 -0.029687
0 0.367188 0.524219 -0.034375 -0.032813
0 0.355469 0.492969 -0.039062 -0.032813
0 0.339844 0.467187 -0.042188 -0.037500
0 0.328906 0.433594 -0.035937 -0.039062
0 0.317188 0.402344 -0.034375 -0.023438
0 0.521094 0.983594 0.035937 0.026562
0 0.511719 0.953125 -0.045312 -0.037500
0 0.499219 0.920312 -0.035937 -0.028125
0 0.487500 0.888281 -0.034375 -0.039062
0 0.466406 0.850781 -0.042188 -0.045312
0 0.453906 0.805469 -0.032813 -0.032813
0 0.442188 0.773438 -0.040625 -0.034375
0 0.423438 0.742969 -0.043750 -0.035937
0 0.407813 0.712500 -0.043750 -0.037500
0 0.386719 0.679688 -0.045312 -0.028125
0 0.381250 0.653906 -0.043750 -0.032813
0 0.371875 0.628906 -0.043750 -0.029687
0 0.356250 0.602344 -0.040625 -0.032813
0 0.341406 0.568750 -0.039062 -0.040625
0 0.328125 0.531250 -0.040625 -0.037500
0 0.316406 0.502344 -0.045312 -0.035937
0 0.294531 0.471094 -0.039062 -0.035937
0 0.285156 0.427344 -0.035937 -0.042188
0 0.270313 0.390625 -0.034375 -0.037500
0 0.483594 0.978906 0.032813 0.035937
0 0.442969 0.983594 0.042188 0.029687
0 0.396875 0.982812 0.040625 0.031250
0 0.473438 0.945312 -0.046875 -0.025000
0 0.460938 0.917969 -0.043750 -0.026562
0 0.449219 0.887500 -0.045312 -0.028125
0 0.430469 0.858594 -0.051562 -0.035937
0 0.420312 0.825781 -0.046875 -0.029687
0 0.405469 0.795312 -0.054688 -0.037500
0 0.389844 0.767969 -0.048438 -0.029687
0 0.378125 0.742188 -0.043750 -0.034375
0 0.367969 0.707812 -0.048438 -0.028125
0 0.354687 0.681250 -0.046875 -0.031250
0 0.346875 0.649219 -0.037500 -0.026562
0 0.334375 0.621875 -0.037500 -0.037500
0 0.321875 0.602344 -0.056250 -0.039062
0 0.305469 0.567969 -0.042188 -0.035937
0 0.293750 0.528125 -0.053125 -0.040625
0 0.275781 0.493750 -0.032813 -0.031250
0 0.262500 0.471875 -0.037500 -0.028125
0 0.255469 0.444531 -0.051562 -0.035937
0 0.239063 0.410938 -0.046875 -0.031250
0 0.220312 0.381250 -0.046875 -0.031250
0 0.208594 0.354687 -0.020313 -0.021875
0 0.260156 0.365625 -0.032813 -0.012500
0 0.304688 0.378906 -0.034375 -0.023438
0 0.296875 0.355469 -0.034375 -0.023438
0 0.252344 0.342969 -0.042188 -0.029687
0 0.286719 0.332031 -0.032813 -0.032813
0 0.429688 0.952344 -0.028125 -0.026562
0 0.414062 0.925000 -0.031250 -0.028125
0 0.404687 0.895312 -0.037500 -0.028125
0 0.388281 0.870313 -0.032813 -0.028125
0 0.378125 0.846875 -0.031250 -0.028125
0 0.370312 0.825000 -0.031250 -0.028125
0 0.363281 0.806250 -0.035937 -0.031250
0 0.354687 0.776563 -0.040625 -0.034375
0 0.341406 0.746875 -0.032813 -0.046875
0 0.325781 0.709375 -0.045312 -0.031250
0 0.309375 0.680469 -0.040625 -0.032813
0 0.300000 0.648438 -0.040625 -0.037500
0 0.287500 0.621875 -0.028125 -0.021875
0 0.271875 0.600000 -0.037500 -0.028125
0 0.265625 0.568750 -0.040625 -0.028125
0 0.256250 0.539844 -0.056250 -0.029687
0 0.241406 0.508594 -0.026562 -0.020313
0 0.233594 0.484375 -0.032813 -0.025000
0 0.217969 0.463281 -0.039062 -0.026562
0 0.200000 0.435937 -0.034375 -0.028125
0 0.196094 0.414844 -0.039062 -0.023438
0 0.185156 0.393750 -0.026562 -0.025000
0 0.181250 0.367188 -0.031250 -0.034375
0 0.393750 0.956250 -0.043750 -0.025000
0 0.379688 0.928906 -0.037500 -0.035937
0 0.363281 0.894531 -0.035937 -0.039062
0 0.350000 0.854688 -0.043750 -0.037500
0 0.342969 0.883594 -0.023438 -0.029687
0 0.332031 0.821875 -0.039062 -0.031250
0 0.322656 0.792188 -0.039062 -0.037500
0 0.308594 0.760156 -0.039062 -0.042188
0 0.292187 0.722656 -0.043750 -0.039062
0 0.275000 0.691406 -0.037500 -0.039062
0 0.255469 0.661719 -0.032813 -0.035937
0 0.253906 0.689063 -0.014063 -0.018750
0 0.250000 0.632812 -0.046875 -0.031250
0 0.235156 0.599219 -0.045312 -0.039062
0 0.221094 0.566406 -0.039062 -0.039062
0 0.206250 0.530469 -0.043750 -0.035937
0 0.185938 0.500000 -0.046875 -0.031250
0 0.173437 0.465625 -0.043750 -0.034375
0 0.165625 0.432812 -0.043750 -0.031250
0 0.150000 0.401562 -0.037500 -0.031250
0 0.139063 0.373437 -0.037500 -0.031250
0 0.125781 0.346094 -0.045312 -0.032813
0 0.017188 0.390625 -0.031250 -0.040625
0 0.030469 0.426563 -0.032813 -0.025000
0 0.096875 0.389844 -0.037500 -0.042188
0 0.055469 0.400781 -0.042188 -0.039062
0 0.110937 0.415625 0.040625 0.031250
0 0.081250 0.352344 -0.037500 -0.029687
0 0.048438 0.360938 -0.034375 -0.037500
0 0.011719 0.355469 -0.020313 -0.026562
0 0.121094 0.442969 0.035937 0.032813
0 0.129688 0.471875 0.037500 0.031250
0 0.135937 0.500000 0.040625 0.031250
0 0.152344 0.526563 0.035937 0.028125
0 0.169531 0.551562 0.026562 0.021875
0 0.170313 0.575000 0.043750 0.031250
0 0.188281 0.607031 0.039062 0.029687
0 0.196875 0.635938 0.040625 0.031250
0 0.206250 0.667188 0.043750 0.028125
0 0.216406 0.697656 0.035937 0.039062
0 0.246094 0.731250 0.048438 0.031250
0 0.242969 0.707031 -0.023438 -0.029687
0 0.257812 0.765625 0.043750 0.037500
0 0.276562 0.797656 0.034375 0.029687
0 0.283594 0.820312 0.029687 0.028125
0 0.296094 0.849219 0.042188 0.032813
0 0.307812 0.880469 0.034375 0.029687
0 0.321875 0.907031 0.034375 0.026562
0 0.335156 0.929688 0.035937 0.021875
0 0.342187 0.946875 0.034375 0.015625
0 0.351562 0.964844 0.040625 0.023438
0 0.356250 0.985156 0.043750 0.023438
0 0.310156 0.983594 -0.039062 -0.020313
0 0.304688 0.964844 -0.043750 -0.026562
0 0.293750 0.942187 -0.040625 -0.034375
0 0.282031 0.913281 -0.035937 -0.032813
0 0.272656 0.887500 -0.039062 -0.018750
0 0.264062 0.862500 -0.034375 -0.028125
0 0.250781 0.835156 -0.054688 -0.029687
0 0.237500 0.809375 -0.046875 -0.028125
0 0.228906 0.783594 -0.045312 -0.029687
0 0.215625 0.753125 -0.040625 -0.040625
0 0.192969 0.714063 -0.029687 -0.028125
0 0.182812 0.689063 -0.040625 -0.025000
0 0.153906 0.635938 -0.029687 -0.028125
0 0.139063 0.607031 -0.037500 -0.026562
0 0.136719 0.583594 -0.029687 -0.026562
0 0.123438 0.548438 -0.040625 -0.037500
0 0.108594 0.513281 -0.035937 -0.032813
0 0.090625 0.477344 -0.028125 -0.023438
0 0.086719 0.446094 -0.035937 -0.032813
0 0.073438 0.417187 -0.040625 -0.025000
0 0.039062 0.456250 0.037500 0.037500
0 0.055469 0.489063 -0.042188 -0.028125
0 0.068750 0.517969 -0.034375 -0.029687
0 0.082031 0.550000 -0.042188 -0.031250
0 0.092188 0.585938 -0.040625 -0.037500
0 0.105469 0.621875 -0.035937 -0.034375
0 0.125000 0.653906 -0.031250 -0.035937
0 0.143750 0.685937 -0.037500 -0.031250
0 0.155469 0.718750 -0.042188 -0.031250
0 0.168750 0.750781 -0.040625 -0.029687
0 0.185938 0.784375 -0.037500 -0.037500
0 0.198437 0.819531 -0.040625 -0.032813
0 0.205469 0.847656 -0.035937 -0.026562
0 0.227344 0.872656 -0.039062 -0.023438
0 0.239844 0.900000 -0.042188 -0.028125
0 0.245312 0.925000 -0.028125 -0.025000
0 0.259375 0.948438 -0.040625 -0.031250
0 0.263281 0.972656 -0.032813 -0.023438
0 0.271875 0.988281 0.034375 0.017188
0 0.229687 0.981250 0.034375 0.028125
0 0.189062 0.982812 0.037500 0.031250
0 0.145313 0.982812 0.031250 0.028125
0 0.105469 0.984375 0.029687 0.028125
0 0.082812 0.982812 0.015625 0.028125
0 0.055469 0.984375 0.035937 0.025000
0 0.014844 0.977344 -0.026562 -0.029687
0 0.010937 0.947656 -0.018750 -0.026562
0 0.047656 0.959375 -0.035937 -0.015625
0 0.035937 0.936719 -0.034375 -0.026562
0 0.027344 0.910156 -0.039062 -0.032813
0 0.009375 0.925000 -0.015625 -0.021875
0 0.015625 0.882031 -0.031250 -0.029687
0 0.011719 0.859375 -0.020313 -0.021875
0 0.009375 0.838281 -0.015625 -0.023438
0 0.092969 0.955469 -0.045312 -0.026562
0 0.075781 0.924219 -0.039062 -0.032813
0 0.064062 0.889844 -0.053125 -0.035937
0 0.050000 0.860938 -0.037500 -0.028125
0 0.037500 0.831250 -0.037500 -0.031250
0 0.028125 0.801562 -0.040625 -0.034375
0 0.018750 0.777344 -0.031250 -0.026562
0 0.014063 0.748437 -0.025000 -0.025000
0 0.014844 0.724219 -0.026562 -0.023438
0 0.010937 0.703125 -0.018750 -0.025000
0 0.140625 0.960156 -0.037500 -0.029687
0 0.122656 0.927344 -0.042188 -0.029687
0 0.114844 0.893750 -0.045312 -0.028125
0 0.100000 0.866406 -0.043750 -0.026562
0 0.078125 0.835156 -0.040625 -0.035937
0 0.071875 0.798438 -0.043750 -0.031250
0 0.056250 0.771875 -0.043750 -0.034375
0 0.046094 0.742969 -0.035937 -0.029687
0 0.042188 0.718750 -0.037500 -0.031250
0 0.034375 0.690625 -0.031250 -0.028125
0 0.020313 0.668750 -0.034375 -0.025000
0 0.016406 0.645312 -0.023438 -0.018750
0 0.179688 0.951562 -0.040625 -0.028125
0 0.164062 0.922656 -0.037500 -0.035937
0 0.150781 0.884375 -0.026562 -0.028125
0 0.137500 0.858594 -0.037500 -0.026562
0 0.119531 0.831250 -0.039062 -0.037500
0 0.109375 0.803906 -0.028125 -0.026562
0 0.098437 0.775000 -0.031250 -0.031250
0 0.082812 0.745313 -0.025000 -0.034375
0 0.074219 0.710156 -0.023438 -0.029687
0 0.067187 0.685156 -0.028125 -0.032813
0 0.050781 0.648438 -0.035937 -0.034375
0 0.028906 0.622656 -0.045312 -0.026562
0 0.022656 0.593750 -0.035937 -0.028125
0 0.015625 0.560937 -0.025000 -0.043750
0 0.008594 0.519531 -0.014063 -0.023438
0 0.017188 0.489063 -0.031250 -0.025000
0 0.015625 0.458594 -0.025000 -0.042188
0 0.009375 0.426563 -0.015625 -0.018750
0 0.036719 0.521094 0.035937 0.032813
0 0.042969 0.550781 0.039062 0.032813
0 0.052344 0.582812 0.029687 0.028125
0 0.062500 0.617188 0.031250 0.031250
0 0.085156 0.650000 0.032813 0.034375
0 0.099219 0.678125 0.035937 0.018750
0 0.103125 0.703906 0.043750 0.035937
0 0.117969 0.739062 0.039062 0.031250
0 0.129688 0.770312 0.034375 0.031250
0 0.146094 0.801562 0.035937 0.028125
0 0.161719 0.834375 0.045312 0.034375
0 0.172656 0.864844 0.039062 0.032813
0 0.185938 0.891406 0.043750 0.026562
0 0.201563 0.920312 0.043750 0.034375
0 0.217188 0.950000 0.040625 0.025000
0 0.272656 0.302344 0.039062 0.029687
0 0.267188 0.277344 -0.025000 -0.023438
0 0.257031 0.249219 -0.042188 -0.029687
0 0.245312 0.265625 -0.025000 -0.018750
0 0.242969 0.222656 -0.045312 -0.035937
0 0.228125 0.194531 -0.040625 -0.026562
0 0.220312 0.169531 -0.053125 -0.026562
0 0.215625 0.146875 -0.037500 -0.025000
0 0.200781 0.124219 -0.042188 -0.026562
0 0.191406 0.100000 -0.042188 -0.025000
0 0.178906 0.074219 -0.039062 -0.026562
0 0.166406 0.052344 -0.032813 -0.029687
0 0.160156 0.021094 -0.035937 -0.026562
0 0.153906 0.007031 -0.023438 -0.014063
0 0.133594 0.007812 -0.010937 -0.009375
0 0.112500 0.014844 -0.031250 -0.020313
0 0.125781 0.036719 0.029687 0.026562
0 0.132812 0.060156 0.031250 0.017188
0 0.137500 0.077344 0.028125 0.017188
0 0.144531 0.097656 0.032813 0.026562
0 0.153125 0.117969 0.037500 0.026562
0 0.164062 0.142969 0.037500 0.020313
0 0.170313 0.169531 0.034375 0.029687
0 0.185938 0.195312 0.028125 0.025000
0 0.193750 0.218750 0.037500 0.028125
0 0.204687 0.246094 0.034375 0.029687
0 0.216406 0.271094 0.039062 0.020313
0 0.225000 0.294531 0.037500 0.026562
0 0.239063 0.318750 0.034375 0.025000
0 0.197656 0.330469 -0.042188 -0.017188
0 0.185156 0.307031 -0.042188 -0.023438
0 0.176563 0.283594 -0.043750 -0.023438
0 0.167187 0.254688 -0.046875 -0.028125
0 0.160938 0.231250 -0.046875 -0.021875
0 0.146094 0.206250 -0.045312 -0.028125
0 0.134375 0.178906 -0.037500 -0.032813
0 0.128125 0.148438 -0.043750 -0.034375
0 0.110156 0.125000 -0.039062 -0.031250
0 0.104688 0.097656 -0.037500 -0.026562
0 0.103125 0.077344 -0.028125 -0.026562
0 0.096875 0.049219 -0.040625 -0.023438
0 0.087500 0.026562 -0.031250 -0.021875
0 0.077344 0.012500 -0.045312 -0.021875
0 0.038281 0.013281 -0.035937 -0.023438
0 0.047656 0.039062 -0.039062 -0.028125
0 0.054688 0.065625 -0.037500 -0.028125
0 0.072656 0.092969 -0.042188 -0.023438
0 0.075000 0.114844 -0.037500 -0.026562
0 0.079687 0.140625 -0.028125 -0.025000
0 0.087500 0.160156 -0.028125 -0.014063
0 0.085156 0.184375 -0.029687 -0.037500
0 0.110937 0.187500 -0.018750 -0.034375
0 0.109375 0.217188 -0.031250 -0.031250
0 0.125000 0.242188 -0.034375 -0.028125
0 0.128906 0.271094 -0.029687 -0.029687
0 0.144531 0.296094 -0.029687 -0.023438
0 0.153125 0.318750 -0.025000 -0.021875
0 0.167187 0.336719 -0.031250 -0.026562
0 0.112500 0.317969 -0.043750 -0.023438
0 0.103125 0.292969 -0.037500 -0.029687
0 0.090625 0.264062 -0.031250 -0.037500
0 0.080469 0.239063 -0.045312 -0.028125
0 0.066406 0.213281 -0.042188 -0.039062
0 0.052344 0.179688 -0.032813 -0.034375
0 0.047656 0.153125 -0.045312 -0.028125
0 0.032031 0.128906 -0.039062 -0.029687
0 0.020313 0.071094 -0.037500 -0.032813
0 0.014844 0.039062 -0.023438 -0.028125
0 0.027344 0.103125 -0.042188 -0.034375
0 0.013281 0.156250 -0.020313 -0.043750
0 0.022656 0.195312 0.035937 0.028125
0 0.032813 0.228906 0.031250 0.029687
0 0.047656 0.260937 0.039062 0.031250
0 0.055469 0.289844 0.032813 0.029687
0 0.075781 0.321094 0.032813 0.026562
0 0.036719 0.329688 -0.035937 -0.031250
0 0.027344 0.297656 -0.039062 -0.029687
0 0.020313 0.267188 -0.031250 -0.025000
0 0.010937 0.234375 -0.021875 -0.034375
0 0.010937 0.326562 -0.015625 -0.034375
0 0.005469 0.292969 -0.010937 -0.026562
