0 0.007031 0.980469 -0.032813 -0.026562
0 0.043750 0.977344 0.034375 0.026562
0 0.026562 0.935937 0.034375 0.034375
0 0.014063 0.901563 0.025000 0.028125
0 0.092969 0.983594 0.032813 0.029687
0 0.080469 0.960938 0.035937 0.025000
0 0.068750 0.927344 0.031250 0.039062
0 0.053125 0.902344 0.028125 0.026562
0 0.041406 0.870313 0.032813 0.028125
0 0.025000 0.843750 0.031250 0.028125
0 0.023438 0.818750 0.031250 0.031250
0 0.012500 0.797656 -0.037500 -0.026562
0 0.005469 0.774219 -0.032813 -0.023438
0 0.171094 0.985938 0.026562 0.031250
0 0.207813 0.976562 0.037500 0.025000
0 0.202344 0.946094 0.032813 0.026562
0 0.165625 0.946094 0.031250 0.035937
0 0.155469 0.925781 0.035937 0.026562
0 0.145313 0.907031 0.046875 0.029687
0 0.136719 0.881250 0.045312 0.028125
0 0.129688 0.861719 0.037500 0.023438
0 0.121094 0.842187 0.045312 0.028125
0 0.037500 0.745313 0.028125 0.040625
0 0.044531 0.776563 0.035937 0.040625
0 0.060937 0.811719 0.037500 0.035937
0 0.067187 0.835938 0.034375 0.034375
0 0.079687 0.861719 0.034375 0.032813
0 0.091406 0.887500 0.035937 0.040625
0 0.103906 0.920312 0.032813 0.037500
0 0.117969 0.953906 0.039062 0.039062
0 0.107031 0.812500 0.035937 0.043750
0 0.095312 0.782813 0.031250 0.034375
0 0.079687 0.758594 0.040625 0.035937
0 0.072656 0.733594 0.035937 0.032813
0 0.059375 0.708594 0.037500 0.029687
0 0.051562 0.689063 0.046875 0.034375
0 0.042969 0.664844 0.039062 0.029687
0 0.032813 0.639844 0.037500 0.035937
0 0.025000 0.614062 0.037500 0.034375
0 0.013281 0.585156 -0.032813 -0.042188
0 0.022656 0.706250 0.029687 0.040625
0 0.010937 0.684375 -0.037500 -0.028125
0 -0.002344 0.445312 -0.035937 -0.034375
0 0.008594 0.475781 -0.042188 -0.026562
0 0.017188 0.495312 -0.037500 -0.025000
0 0.026562 0.517188 -0.037500 -0.028125
0 0.034375 0.539062 0.034375 0.037500
0 0.050000 0.564844 0.037500 0.032813
0 0.060156 0.610938 0.035937 0.034375
0 0.071875 0.629687 0.037500 0.034375
0 0.086719 0.653125 0.035937 0.028125
0 0.092188 0.675781 0.040625 0.035937
0 0.100000 0.700781 0.040625 0.029687
0 0.107813 0.723437 0.034375 0.034375
0 0.116406 0.746875 0.032813 0.034375
0 0.129688 0.775000 0.037500 0.040625
0 0.139844 0.798438 0.039062 0.031250
0 0.148438 0.821094 0.037500 0.026562
0 0.156250 0.841406 0.028125 0.026562
0 0.163281 0.861719 0.029687 0.026562
0 0.175000 0.878125 0.034375 0.028125
0 0.183594 0.898438 0.032813 0.028125
0 0.192969 0.918750 0.029687 0.031250
0 0.010937 0.371094 -0.046875 -0.032813
0 0.035156 0.433594 0.045312 0.045312
0 0.022656 0.404687 -0.045312 -0.046875
0 0.048438 0.456250 0.037500 0.040625
0 0.057031 0.483594 0.045312 0.039062
0 0.066406 0.510156 0.035937 0.029687
0 0.076563 0.534375 0.037500 0.037500
0 0.088281 0.567187 0.048438 0.046875
0 0.100781 0.599219 0.042188 0.032813
0 0.114062 0.625000 0.037500 0.034375
0 0.124219 0.650781 0.035937 0.029687
0 0.134375 0.676562 0.046875 0.034375
0 0.140625 0.705469 0.043750 0.029687
0 0.153125 0.730469 0.046875 0.035937
0 0.166406 0.760156 0.048438 0.039062
0 0.180469 0.792969 0.051562 0.039062
0 0.192969 0.825781 0.051562 0.039062
0 0.201563 0.857812 0.043750 0.037500
0 0.218750 0.891406 0.053125 0.039062
0 0.237500 0.924219 0.050000 0.039062
0 0.250000 0.955469 0.053125 0.026562
0 0.257812 0.983594 0.046875 0.029687
0 0.019531 0.273438 0.035937 0.040625
0 0.029687 0.308594 0.040625 0.045312
0 0.041406 0.343750 0.042188 0.037500
0 0.051562 0.368750 0.037500 0.025000
0 0.064062 0.390625 0.040625 0.034375
0 0.074219 0.418750 0.051562 0.034375
0 0.084375 0.446875 0.040625 0.037500
0 0.097656 0.474219 0.042188 0.039062
0 0.110156 0.507812 0.042188 0.043750
0 0.120313 0.536719 0.043750 0.026562
0 0.130469 0.560156 0.045312 0.035937
0 0.142187 0.585938 0.046875 0.028125
0 0.154688 0.616406 0.046875 0.035937
0 0.163281 0.642969 0.042188 0.026562
0 0.174219 0.666406 0.035937 0.026562
0 0.181250 0.692187 0.040625 0.028125
0 0.192188 0.723437 0.040625 0.028125
0 0.204687 0.752344 0.037500 0.032813
0 0.218750 0.785156 0.040625 0.035937
0 0.232813 0.817969 0.037500 0.039062
0 0.244531 0.852344 0.042188 0.029687
0 0.257031 0.878125 0.045312 0.037500
0 0.271094 0.910156 0.039062 0.029687
0 0.278906 0.929688 0.042188 0.025000
0 0.287500 0.950000 0.046875 0.031250
0 0.296094 0.974219 0.042188 0.026562
0 0.353125 0.988281 0.040625 0.026562
0 0.342969 0.966406 0.039062 0.026562
0 0.330469 0.941406 0.035937 0.029687
0 0.314063 0.907031 0.037500 0.026562
0 0.303125 0.885156 0.034375 0.026562
0 0.286719 0.835938 0.032813 0.028125
0 0.275781 0.820312 0.032813 0.021875
0 0.267188 0.793750 0.037500 0.028125
0 0.259375 0.764062 0.031250 0.028125
0 0.250000 0.741406 0.040625 0.023438
0 0.239844 0.718750 0.039062 0.028125
0 0.228906 0.684375 0.042188 0.034375
0 0.215625 0.664062 0.034375 0.025000
0 0.210938 0.633594 0.037500 0.032813
0 0.198437 0.607031 0.031250 0.029687
0 0.188281 0.578906 0.035937 0.026562
0 0.176563 0.556250 0.043750 0.028125
0 0.165625 0.532813 0.043750 0.034375
0 0.153125 0.499219 0.040625 0.029687
0 0.141406 0.476562 0.045312 0.037500
0 0.132031 0.449219 0.042188 0.035937
0 0.123438 0.416406 0.037500 0.032813
0 0.108594 0.391406 0.039062 0.032813
0 0.102344 0.366406 0.039062 0.029687
0 0.095312 0.342187 0.040625 0.028125
0 0.085156 0.319531 0.039062 0.035937
0 0.066406 0.295312 0.035937 0.040625
0 0.058594 0.275781 0.039062 0.035937
0 0.050781 0.250781 0.035937 0.029687
0 0.040625 0.227344 0.037500 0.032813
0 0.032813 0.206250 -0.037500 -0.040625
0 0.018750 0.174219 -0.050000 -0.032813
0 0.021875 0.044531 -0.037500 -0.045312
0 0.035937 0.113281 0.040625 0.042188
0 0.039844 0.138281 0.032813 0.029687
0 0.053906 0.163281 0.035937 0.032813
0 0.057813 0.184375 0.034375 0.034375
0 0.072656 0.214062 0.039062 0.040625
0 0.081250 0.241406 0.031250 0.032813
0 0.098437 0.267969 0.040625 0.039062
0 0.113281 0.296875 0.035937 0.034375
0 0.120313 0.324219 0.040625 0.042188
0 0.146875 0.385156 0.043750 0.035937
0 0.159375 0.412500 0.037500 0.037500
0 0.173437 0.438281 0.037500 0.039062
0 0.179688 0.454688 0.040625 0.040625
0 0.192969 0.485938 0.039062 0.031250
0 0.203125 0.512500 0.037500 0.037500
0 0.213281 0.534375 0.039062 0.025000
0 0.227344 0.564063 0.042188 0.040625
0 0.242188 0.611719 0.040625 0.035937
0 0.251563 0.640625 0.034375 0.031250
0 0.265625 0.671875 0.034375 0.037500
0 0.289062 0.728125 0.043750 0.040625
0 0.295312 0.757812 0.037500 0.037500
0 0.311719 0.791406 0.039062 0.042188
0 0.333594 0.836719 0.048438 0.051562
0 0.343750 0.875000 0.037500 0.034375
0 0.357031 0.907813 0.039062 0.031250
0 0.372656 0.938281 0.035937 0.042188
0 0.389844 0.965625 0.032813 0.021875
0 0.400781 0.987500 0.029687 0.021875
0 0.455469 0.999219 0.042188 0.023438
0 0.438281 0.971094 0.039062 0.029687
0 0.424219 0.933594 0.039062 0.035937
0 0.404687 0.897656 0.034375 0.032813
0 0.391406 0.868750 0.039062 0.034375
0 0.385156 0.838281 0.035937 0.032813
0 0.367188 0.807813 0.040625 0.028125
0 0.355469 0.782031 0.042188 0.039062
0 0.346094 0.754687 0.048438 0.031250
0 0.330469 0.722656 0.042188 0.032813
0 0.321875 0.691406 0.037500 0.032813
0 0.307812 0.659375 0.040625 0.031250
0 0.298438 0.638281 0.040625 0.029687
0 0.289062 0.614062 0.043750 0.037500
0 0.274219 0.581250 0.045312 0.043750
0 0.262500 0.551562 0.037500 0.034375
0 0.249219 0.525000 0.045312 0.037500
0 0.239844 0.492188 0.042188 0.040625
0 0.225000 0.467187 0.046875 0.037500
0 0.214062 0.441406 0.040625 0.032813
0 0.205469 0.413281 0.042188 0.035937
0 0.190625 0.375781 0.046875 0.042188
0 0.171094 0.347656 0.039062 0.039062
0 0.154688 0.309375 0.040625 0.037500
0 0.136719 0.275000 0.042188 0.037500
0 0.122656 0.246875 0.045312 0.037500
0 0.115625 0.212500 0.043750 0.037500
0 0.100781 0.172656 0.039062 0.042188
0 0.083594 0.142187 0.039062 0.037500
0 0.068750 0.107813 0.046875 0.046875
0 0.059375 0.075000 0.040625 0.037500
0 0.045312 0.035937 0.031250 0.034375
0 0.038281 0.016406 0.035937 0.032813
0 0.082031 0.008594 -0.045312 -0.023438
0 0.091406 0.032031 0.042188 0.039062
0 0.103125 0.060156 0.037500 0.032813
0 0.114844 0.089063 0.048438 0.037500
0 0.124219 0.124219 0.051562 0.032813
0 0.132812 0.148438 0.046875 0.034375
0 0.148438 0.173437 0.040625 0.028125
0 0.166406 0.223438 0.045312 0.031250
0 0.152344 0.193750 0.042188 0.028125
0 0.179688 0.246875 0.040625 0.031250
0 0.187500 0.271875 0.040625 0.025000
0 0.196094 0.292187 0.042188 0.025000
0 0.206250 0.309375 0.037500 0.025000
0 0.210938 0.331250 0.031250 0.034375
0 0.228125 0.353906 0.037500 0.032813
0 0.236719 0.376563 0.039062 0.034375
0 0.246094 0.398438 0.035937 0.025000
0 0.256250 0.418750 0.037500 0.034375
0 0.263281 0.446094 0.039062 0.035937
0 0.272656 0.473438 0.039062 0.034375
0 0.277344 0.500000 0.032813 0.031250
0 0.296094 0.525000 0.042188 0.021875
0 0.307031 0.539062 0.035937 0.028125
0 0.317188 0.560937 0.031250 0.028125
0 0.324219 0.578906 0.029687 0.029687
0 0.334375 0.607812 0.040625 0.037500
0 0.342969 0.639844 0.035937 0.035937
0 0.353906 0.667188 0.042188 0.028125
0 0.364844 0.689844 0.045312 0.023438
0 0.371094 0.714844 0.039062 0.032813
0 0.389844 0.739844 0.039062 0.026562
0 0.400000 0.763281 0.043750 0.029687
0 0.410156 0.787500 0.045312 0.028125
0 0.424219 0.825781 0.051562 0.035937
0 0.439844 0.859375 0.051562 0.034375
0 0.457031 0.892188 0.042188 0.031250
0 0.467969 0.925000 0.045312 0.034375
0 0.485156 0.956250 0.039062 0.034375
0 0.500000 0.982812 0.037500 0.034375
0 0.538281 0.996875 0.032813 0.025000
0 0.528906 0.966406 0.039062 0.035937
0 0.518750 0.939844 0.037500 0.035937
0 0.512500 0.915625 0.040625 0.025000
0 0.503906 0.891406 0.039062 0.029687
0 0.495312 0.868750 0.037500 0.028125
0 0.485938 0.850781 0.040625 0.032813
0 0.472656 0.821875 0.042188 0.028125
0 0.459375 0.794531 0.037500 0.035937
0 0.439063 0.762500 0.034375 0.034375
0 0.428125 0.726562 0.034375 0.037500
0 0.410156 0.691406 0.035937 0.039062
0 0.395313 0.655469 0.037500 0.039062
0 0.383594 0.619531 0.035937 0.035937
0 0.363281 0.582812 0.042188 0.037500
0 0.345313 0.550781 0.043750 0.035937
0 0.333594 0.511719 0.042188 0.039062
0 0.311719 0.478125 0.045312 0.037500
0 0.297656 0.446875 0.045312 0.040625
0 0.283594 0.410938 0.042188 0.040625
0 0.271094 0.377344 0.045312 0.035937
0 0.253125 0.342187 0.037500 0.040625
0 0.242188 0.309375 0.040625 0.040625
0 0.232031 0.282813 0.035937 0.043750
0 0.223438 0.253906 0.034375 0.029687
0 0.211719 0.223438 0.035937 0.037500
0 0.194531 0.190625 0.039062 0.034375
0 0.185938 0.161719 0.037500 0.042188
0 0.169531 0.130469 0.039062 0.035937
0 0.158594 0.102344 0.045312 0.039062
0 0.148438 0.075781 0.050000 0.035937
0 0.135156 0.046875 0.045312 0.037500
0 0.128906 0.021094 0.042188 0.032813
0 0.162500 0.000000 -0.056250 -0.028125
0 0.174219 0.023438 0.048438 0.031250
0 0.185156 0.050781 0.048438 0.032813
0 0.188281 0.082031 0.039062 0.035937
0 0.206250 0.109375 0.040625 0.043750
0 0.218750 0.145313 0.043750 0.037500
0 0.229687 0.178906 0.040625 0.048438
0 0.246875 0.216406 0.040625 0.039062
0 0.264062 0.249219 0.037500 0.039062
0 0.277344 0.286719 0.042188 0.039062
0 0.289062 0.315625 0.046875 0.034375
0 0.300781 0.344531 0.045312 0.032813
0 0.314063 0.360938 0.037500 0.031250
0 0.325781 0.385937 0.039062 0.043750
0 0.339062 0.417187 0.040625 0.031250
0 0.349219 0.439844 0.042188 0.032813
0 0.360938 0.466406 0.040625 0.042188
0 0.373437 0.492969 0.040625 0.026562
0 0.385937 0.512500 0.037500 0.031250
0 0.396875 0.539844 0.037500 0.029687
0 0.400781 0.564063 0.045312 0.031250
0 0.407813 0.588281 0.031250 0.020313
0 0.413281 0.610938 0.026562 0.021875
0 0.431250 0.631250 0.037500 0.040625
0 0.452344 0.685937 0.042188 0.025000
0 0.458594 0.703125 0.039062 0.034375
0 0.464844 0.727344 0.045312 0.032813
0 0.478906 0.755469 0.045312 0.032813
0 0.496094 0.783594 0.035937 0.035937
0 0.504687 0.806250 0.037500 0.034375
0 0.514844 0.828906 0.029687 0.029687
0 0.524219 0.849219 0.035937 0.032813
0 0.535156 0.872656 0.032813 0.026562
0 0.544531 0.889844 0.032813 0.035937
0 0.554688 0.921094 0.034375 0.035937
0 0.567969 0.950781 0.035937 0.032813
0 0.575000 0.981250 0.034375 0.031250
0 0.217188 0.017969 0.040625 0.032813
0 0.223438 0.044531 0.046875 0.042188
0 0.230469 0.078906 0.042188 0.039062
0 0.238281 0.105469 0.045312 0.032813
0 0.251563 0.133594 0.053125 0.042188
0 0.263281 0.162500 0.045312 0.046875
0 0.281250 0.200781 0.050000 0.048438
0 0.295312 0.237500 0.043750 0.043750
0 0.313281 0.269531 0.048438 0.029687
0 0.327344 0.298438 0.039062 0.028125
0 0.335156 0.318750 0.035937 0.034375
0 0.353906 0.346094 0.051562 0.039062
0 0.371094 0.382031 0.048438 0.039062
0 0.378906 0.407031 0.035937 0.032813
0 0.391406 0.429688 0.045312 0.031250
0 0.400781 0.460938 0.032813 0.037500
0 0.414844 0.486719 0.039062 0.035937
0 0.421875 0.506250 0.037500 0.028125
0 0.435156 0.535156 0.039062 0.048438
0 0.450781 0.561719 0.039062 0.032813
0 0.460938 0.589844 0.040625 0.039062
0 0.475000 0.626563 0.040625 0.028125
0 0.488281 0.646875 0.045312 0.031250
0 0.495312 0.673438 0.037500 0.037500
0 0.511719 0.701562 0.045312 0.031250
0 0.522656 0.724219 0.035937 0.032813
0 0.525000 0.748437 0.037500 0.031250
0 0.535937 0.773438 0.040625 0.034375
0 0.550781 0.798438 0.045312 0.028125
0 0.560156 0.822656 0.042188 0.029687
0 0.567969 0.845313 0.042188 0.034375
0 0.579688 0.868750 0.043750 0.034375
0 0.585938 0.894531 0.037500 0.035937
0 0.599219 0.923438 0.045312 0.034375
0 0.610938 0.947656 0.040625 0.029687
0 0.617969 0.974219 0.039062 0.032813
0 0.662500 0.982031 0.046875 0.035937
0 0.650781 0.951562 0.045312 0.040625
0 0.635156 0.921875 0.048438 0.034375
0 0.624219 0.893750 0.042188 0.034375
0 0.617188 0.864844 0.050000 0.035937
0 0.607031 0.832812 0.045312 0.040625
0 0.593750 0.805469 0.037500 0.029687
0 0.575000 0.771875 0.040625 0.037500
0 0.562500 0.746875 0.046875 0.034375
0 0.556250 0.710156 0.043750 0.039062
0 0.537500 0.667969 0.040625 0.039062
0 0.528125 0.634375 0.040625 0.037500
0 0.510938 0.603906 0.040625 0.039062
0 0.492969 0.567969 0.042188 0.039062
0 0.483594 0.530469 0.035937 0.048438
0 0.463281 0.503125 0.045312 0.034375
0 0.453906 0.476562 0.035937 0.037500
0 0.442188 0.450000 0.046875 0.040625
0 0.434375 0.428906 0.037500 0.035937
0 0.416406 0.394531 0.035937 0.039062
0 0.390625 0.350000 0.034375 0.034375
0 0.376563 0.323437 0.037500 0.034375
0 0.360156 0.292969 0.039062 0.045312
0 0.352344 0.261719 0.042188 0.035937
0 0.340625 0.235937 0.043750 0.037500
0 0.330469 0.209375 0.042188 0.037500
0 0.317188 0.182031 0.037500 0.045312
0 0.300000 0.149219 0.040625 0.042188
0 0.291406 0.110937 0.039062 0.043750
0 0.270313 0.081250 0.034375 0.037500
0 0.264844 0.049219 0.039062 0.039062
0 0.253125 0.017188 0.031250 0.034375
0 0.300781 0.013281 -0.026562 -0.023438
0 0.301563 0.035156 0.043750 0.032813
0 0.313281 0.063281 0.042188 0.035937
0 0.324219 0.091406 0.039062 0.032813
0 0.332031 0.114844 0.035937 0.032813
0 0.344531 0.142187 0.039062 0.040625
0 0.354687 0.173437 0.034375 0.037500
0 0.366406 0.200000 0.035937 0.037500
0 0.378125 0.225781 0.037500 0.032813
0 0.391406 0.253125 0.032813 0.040625
0 0.402344 0.287500 0.039062 0.037500
0 0.416406 0.317188 0.042188 0.034375
0 0.430469 0.347656 0.039062 0.035937
0 0.442969 0.373437 0.039062 0.028125
0 0.457031 0.399219 0.039062 0.026562
0 0.471875 0.426563 0.043750 0.037500
0 0.484375 0.453125 0.040625 0.031250
0 0.497656 0.481250 0.039062 0.040625
0 0.512500 0.505469 0.031250 0.039062
0 0.522656 0.536719 0.035937 0.026562
0 0.532813 0.560156 0.031250 0.039062
0 0.539844 0.582812 0.029687 0.031250
0 0.550781 0.610156 0.035937 0.032813
0 0.564063 0.632031 0.034375 0.035937
0 0.571094 0.655469 0.035937 0.039062
0 0.580469 0.678125 0.035937 0.031250
0 0.591406 0.698438 0.032813 0.028125
0 0.602344 0.722656 0.035937 0.026562
0 0.608594 0.742188 0.035937 0.031250
0 0.613281 0.763281 0.035937 0.029687
0 0.624219 0.785937 0.032813 0.028125
0 0.638281 0.808594 0.032813 0.029687
0 0.648438 0.829688 0.031250 0.028125
0 0.652344 0.846875 0.026562 0.021875
0 0.667969 0.869531 0.032813 0.023438
0 0.674219 0.893750 0.035937 0.025000
0 0.682813 0.911719 0.037500 0.023438
0 0.690625 0.940625 0.028125 0.021875
0 0.700000 0.960156 0.034375 0.026562
0 0.707031 0.985938 0.026562 0.025000
0 0.995313 0.988281 0.021875 0.026562
0 0.957031 0.990625 0.032813 0.015625
0 0.912500 0.982031 0.037500 0.032813
0 0.874219 0.982031 0.035937 0.029687
0 0.832812 0.984375 0.034375 0.028125
0 0.792188 0.984375 0.037500 0.028125
0 0.747656 0.978125 0.042188 0.031250
0 0.731250 0.953906 0.043750 0.029687
0 0.721875 0.924219 0.040625 0.039062
0 0.710938 0.887500 0.034375 0.028125
0 0.703906 0.869531 0.035937 0.029687
0 0.775781 0.951562 0.032813 0.028125
0 0.823438 0.952344 0.040625 0.026562
0 0.865625 0.955469 0.037500 0.035937
0 0.901563 0.953125 0.031250 0.025000
0 0.948438 0.967187 0.031250 0.031250
0 0.989844 0.960156 0.039062 0.035937
0 0.981250 0.935937 0.028125 0.028125
0 0.969531 0.913281 0.032813 0.029687
0 0.963281 0.885938 0.035937 0.031250
0 0.941406 0.942187 0.035937 0.025000
0 0.890625 0.928125 0.034375 0.031250
0 0.851562 0.926562 0.034375 0.031250
0 0.811719 0.923438 0.039062 0.034375
0 0.764844 0.925781 0.029687 0.026562
0 0.756250 0.902344 0.028125 0.029687
0 0.750781 0.875000 0.035937 0.031250
0 0.744531 0.853125 0.029687 0.021875
0 0.785937 0.873437 0.046875 0.028125
0 0.798438 0.897656 0.034375 0.026562
0 0.842187 0.904687 0.031250 0.028125
0 0.879687 0.900000 0.031250 0.025000
0 0.930469 0.914844 0.039062 0.026562
0 0.921875 0.890625 0.037500 0.025000
0 0.691406 0.841406 0.042188 0.035937
0 0.733594 0.824219 0.035937 0.029687
0 0.776563 0.839063 0.037500 0.037500
0 0.831250 0.878906 0.037500 0.032813
0 0.867969 0.876563 0.029687 0.028125
0 0.910156 0.870313 0.045312 0.031250
0 0.945312 0.854688 0.040625 0.025000
0 1.002344 0.888281 0.029687 0.035937
0 0.989844 0.853125 0.026562 0.028125
0 0.857812 0.846875 0.031250 0.028125
0 0.896094 0.842187 0.048438 0.031250
0 0.937500 0.829688 0.037500 0.021875
0 0.825000 0.848437 0.037500 0.031250
0 0.682813 0.807813 0.040625 0.040625
0 0.731250 0.800781 0.037500 0.032813
0 0.767969 0.801562 0.039062 0.034375
0 0.807031 0.812500 0.035937 0.031250
0 0.846875 0.815625 0.031250 0.028125
0 0.830469 0.795312 0.026562 0.025000
0 0.672656 0.778125 0.048438 0.037500
0 0.659375 0.744531 0.043750 0.032813
0 0.642969 0.708594 0.032813 0.035937
0 0.624219 0.685156 0.032813 0.042188
0 0.703125 0.740625 0.034375 0.031250
0 0.715625 0.770312 0.031250 0.037500
0 0.749219 0.762500 0.035937 0.034375
0 0.731250 0.734375 0.025000 0.028125
0 0.794531 0.785156 0.042188 0.029687
0 0.790625 0.760938 0.037500 0.028125
0 0.825000 0.759375 0.018750 0.025000
0 0.883594 0.810937 0.035937 0.034375
0 0.928125 0.806250 0.040625 0.034375
0 0.965625 0.803125 0.040625 0.037500
0 1.007031 0.803125 0.026562 0.034375
0 0.917188 0.773438 0.043750 0.037500
0 0.960938 0.771094 0.031250 0.035937
0 0.995313 0.767969 0.031250 0.032813
0 0.863281 0.750000 0.042188 0.031250
0 0.867969 0.776563 0.035937 0.028125
0 0.981250 0.738281 0.031250 0.035937
0 0.900000 0.742188 0.040625 0.034375
0 0.937500 0.733594 0.037500 0.042188
0 0.770312 0.724219 0.037500 0.032813
0 0.676562 0.699219 0.043750 0.039062
0 0.718750 0.696875 0.037500 0.031250
0 0.760938 0.692187 0.040625 0.028125
0 0.812500 0.725000 0.037500 0.034375
0 0.802344 0.692187 0.032813 0.031250
0 0.846875 0.710938 0.037500 0.040625
0 0.836719 0.684375 0.035937 0.037500
0 0.883594 0.714063 0.035937 0.031250
0 0.876563 0.689844 0.031250 0.032813
0 0.864062 0.663281 0.034375 0.029687
0 0.907813 0.660156 0.040625 0.029687
0 0.921094 0.692187 0.045312 0.040625
0 0.967187 0.707812 0.046875 0.031250
0 0.960156 0.682031 0.039062 0.035937
0 0.942187 0.654687 0.037500 0.028125
0 0.930469 0.621094 0.035937 0.039062
0 0.985938 0.646875 0.034375 0.046875
0 0.994531 0.685156 0.023438 0.042188
0 0.971094 0.617188 0.029687 0.037500
0 0.957031 0.589063 0.029687 0.034375
0 0.994531 0.581250 0.023438 0.037500
0 0.999219 0.613281 0.020313 0.035937
0 0.605469 0.647656 0.035937 0.029687
0 0.648438 0.636719 0.040625 0.026562
0 0.655469 0.662500 0.035937 0.031250
0 0.708594 0.663281 0.032813 0.032813
0 0.689844 0.634375 0.032813 0.025000
0 0.745313 0.662500 0.028125 0.028125
0 0.730469 0.633594 0.029687 0.023438
0 0.717969 0.603125 0.039062 0.037500
0 0.679688 0.602344 0.037500 0.032813
0 0.592187 0.608594 0.037500 0.035937
0 0.577344 0.577344 0.029687 0.032813
0 0.616406 0.566406 0.039062 0.032813
0 0.629687 0.602344 0.031250 0.042188
0 0.664062 0.571094 0.043750 0.032813
0 0.652344 0.546094 0.039062 0.032813
0 0.566406 0.550781 0.035937 0.029687
0 0.785156 0.666406 0.035937 0.029687
0 0.820312 0.653125 0.031250 0.031250
0 0.853125 0.632031 0.037500 0.029687
0 0.891406 0.623437 0.035937 0.040625
0 0.775781 0.642188 0.039062 0.037500
0 0.762500 0.614062 0.043750 0.031250
0 0.757031 0.587500 0.032813 0.031250
0 0.738281 0.564844 0.039062 0.035937
0 0.700781 0.567969 0.032813 0.029687
0 0.689844 0.542188 0.032813 0.031250
0 0.550781 0.519531 0.032813 0.026562
0 0.541406 0.488281 0.032813 0.029687
0 0.531250 0.460156 0.031250 0.026562
0 0.520312 0.429688 0.034375 0.034375
0 0.506250 0.406250 0.028125 0.031250
0 0.489844 0.378906 0.035937 0.035937
0 0.475000 0.350781 0.034375 0.032813
0 0.462500 0.321875 0.040625 0.034375
0 0.447656 0.289062 0.042188 0.034375
0 0.432812 0.261719 0.034375 0.029687
0 0.423438 0.243750 0.037500 0.031250
0 0.417187 0.217188 0.034375 0.034375
0 0.402344 0.190625 0.035937 0.034375
0 0.390625 0.161719 0.037500 0.035937
0 0.381250 0.136719 0.031250 0.032813
0 0.371094 0.110156 0.032813 0.032813
0 0.358594 0.083594 0.029687 0.029687
0 0.349219 0.060156 0.035937 0.032813
0 0.340625 0.031250 0.028125 0.034375
0 0.378906 0.021094 0.035937 0.032813
0 0.387500 0.048438 0.034375 0.034375
0 0.414062 0.117188 0.037500 0.034375
0 0.432812 0.153125 0.037500 0.040625
0 0.456250 0.210938 0.037500 0.034375
0 0.446875 0.185938 0.031250 0.034375
0 0.471094 0.242188 0.039062 0.037500
0 0.487500 0.271875 0.043750 0.031250
0 0.506250 0.301563 0.040625 0.031250
0 0.514062 0.328906 0.037500 0.032813
0 0.525781 0.357031 0.042188 0.032813
0 0.539062 0.385156 0.037500 0.032813
0 0.563281 0.447656 0.035937 0.032813
0 0.553125 0.417187 0.037500 0.040625
0 0.578125 0.478906 0.037500 0.032813
0 0.586719 0.506250 0.042188 0.034375
0 0.596875 0.535156 0.043750 0.023438
0 0.402344 0.080469 0.042188 0.035937
0 0.419531 0.017188 0.035937 0.031250
0 0.435156 0.045312 0.045312 0.037500
0 0.446875 0.078125 0.037500 0.037500
0 0.456250 0.108594 0.043750 0.029687
0 0.467187 0.130469 0.046875 0.039062
0 0.483594 0.160938 0.035937 0.025000
0 0.490625 0.181250 0.040625 0.025000
0 0.503906 0.207031 0.039062 0.026562
0 0.518750 0.232813 0.040625 0.034375
0 0.532813 0.266406 0.037500 0.035937
0 0.548438 0.296875 0.034375 0.037500
0 0.564063 0.331250 0.037500 0.037500
0 0.575781 0.364844 0.032813 0.032813
0 0.585938 0.392969 0.040625 0.029687
0 0.599219 0.416406 0.039062 0.026562
0 0.607031 0.442188 0.035937 0.034375
0 0.617188 0.470313 0.037500 0.028125
0 0.628125 0.496094 0.037500 0.026562
0 0.640625 0.521875 0.040625 0.025000
0 0.458594 0.016406 0.039062 0.026562
0 0.469531 0.043750 0.035937 0.034375
0 0.483594 0.072656 0.042188 0.032813
0 0.498437 0.100781 0.040625 0.035937
0 0.509375 0.129688 0.034375 0.031250
0 0.521094 0.153906 0.032813 0.029687
0 0.534375 0.183594 0.040625 0.032813
0 0.544531 0.209375 0.035937 0.028125
0 0.558594 0.233594 0.042188 0.029687
0 0.570312 0.259375 0.043750 0.028125
0 0.584375 0.289062 0.037500 0.031250
0 0.600781 0.320312 0.042188 0.034375
0 0.610938 0.356250 0.043750 0.037500
0 0.624219 0.389062 0.042188 0.037500
0 0.636719 0.420312 0.042188 0.037500
0 0.646094 0.450000 0.035937 0.031250
0 0.660156 0.478125 0.042188 0.028125
0 0.675000 0.509375 0.031250 0.034375
0 0.500781 0.020313 0.035937 0.021875
0 0.507812 0.041406 0.037500 0.032813
0 0.524219 0.071875 0.039062 0.028125
0 0.548438 0.124219 0.037500 0.029687
0 0.551562 0.144531 0.028125 0.026562
0 0.561719 0.169531 0.032813 0.026562
0 0.574219 0.194531 0.029687 0.026562
0 0.586719 0.212500 0.032813 0.031250
0 0.599219 0.238281 0.032813 0.029687
0 0.603125 0.263281 0.021875 0.017188
0 0.639062 0.309375 0.037500 0.040625
0 0.621094 0.277344 0.035937 0.029687
0 0.646875 0.343750 0.043750 0.037500
0 0.661719 0.376563 0.042188 0.037500
0 0.676562 0.404687 0.034375 0.031250
0 0.685156 0.433594 0.032813 0.032813
0 0.692187 0.460938 0.037500 0.031250
0 0.703906 0.482031 0.035937 0.029687
0 0.716406 0.509375 0.032813 0.028125
0 0.724219 0.529687 0.032813 0.025000
0 0.534375 0.010937 -0.037500 -0.028125
0 0.545312 0.032031 0.043750 0.035937
0 0.557813 0.062500 0.037500 0.034375
0 0.571094 0.090625 0.035937 0.028125
0 0.585156 0.114062 0.032813 0.034375
0 0.602344 0.173437 0.045312 0.031250
0 0.592969 0.148438 0.035937 0.040625
0 0.618750 0.201563 0.040625 0.040625
0 0.634375 0.231250 0.037500 0.034375
0 0.646875 0.257812 0.034375 0.028125
0 0.666406 0.301563 0.029687 0.034375
0 0.677344 0.329688 0.039062 0.040625
0 0.697656 0.376563 0.042188 0.034375
0 0.713281 0.405469 0.039062 0.032813
0 0.721094 0.432812 0.035937 0.031250
0 0.731250 0.457813 0.037500 0.031250
0 0.740625 0.482031 0.031250 0.029687
0 0.757812 0.521094 0.034375 0.023438
0 0.768750 0.544531 0.037500 0.026562
0 0.771094 0.562500 0.032813 0.025000
0 0.788281 0.584375 0.029687 0.025000
0 0.798438 0.607031 0.031250 0.029687
0 0.811719 0.625781 0.035937 0.026562
0 0.595313 0.032031 0.046875 0.048438
0 0.606250 0.066406 0.050000 0.039062
0 0.618750 0.102344 0.053125 0.039062
0 0.638281 0.139063 0.051562 0.037500
0 0.664844 0.207031 0.048438 0.035937
0 0.675000 0.239063 0.046875 0.040625
0 0.690625 0.265625 0.046875 0.031250
0 0.700000 0.295312 0.037500 0.034375
0 0.714844 0.320312 0.042188 0.034375
0 0.742969 0.375781 0.039062 0.029687
0 0.749219 0.401562 0.045312 0.031250
0 0.769531 0.458594 0.045312 0.029687
0 0.782813 0.483594 0.046875 0.029687
0 0.795312 0.510156 0.043750 0.035937
0 0.808594 0.542969 0.042188 0.029687
0 0.814844 0.567969 0.039062 0.029687
0 0.822656 0.595313 0.032813 0.034375
0 0.625000 0.011719 -0.031250 -0.026562
0 0.635156 0.035937 0.042188 0.034375
0 0.646875 0.069531 0.037500 0.032813
0 0.657813 0.100781 0.040625 0.032813
0 0.675781 0.130469 0.035937 0.035937
0 0.687500 0.160156 0.037500 0.042188
0 0.649219 0.171094 0.039062 0.029687
0 0.698438 0.192969 0.031250 0.029687
0 0.715625 0.219531 0.037500 0.029687
0 0.726562 0.241406 0.043750 0.029687
0 0.736719 0.270313 0.039062 0.034375
0 0.749219 0.304688 0.039062 0.040625
0 0.763281 0.343750 0.045312 0.034375
0 0.778906 0.375000 0.039062 0.025000
0 0.786719 0.400000 0.042188 0.034375
0 0.797656 0.431250 0.039062 0.028125
0 0.813281 0.456250 0.042188 0.034375
0 0.832812 0.489844 0.043750 0.029687
0 0.850781 0.546094 0.042188 0.029687
0 0.844531 0.516406 0.039062 0.035937
0 0.860938 0.572656 0.034375 0.032813
0 0.867188 0.600000 0.031250 0.031250
0 0.663281 0.014844 -0.045312 -0.026562
0 0.674219 0.041406 0.042188 0.039062
0 0.689063 0.073438 0.043750 0.034375
0 0.701562 0.106250 0.043750 0.034375
0 0.714844 0.137500 0.045312 0.034375
0 0.728125 0.166406 0.043750 0.029687
0 0.737500 0.192969 0.043750 0.032813
0 0.750000 0.218750 0.043750 0.028125
0 0.763281 0.244531 0.039062 0.029687
0 0.773438 0.271094 0.043750 0.032813
0 0.785156 0.307812 0.035937 0.040625
0 0.803906 0.340625 0.051562 0.034375
0 0.820312 0.372656 0.040625 0.035937
0 0.835156 0.408594 0.042188 0.042188
0 0.860156 0.464844 0.039062 0.032813
0 0.850000 0.439063 0.037500 0.034375
0 0.871094 0.492969 0.039062 0.039062
0 0.883594 0.516406 0.035937 0.032813
0 0.892969 0.538281 0.042188 0.029687
0 0.904687 0.558594 0.040625 0.029687
0 0.909375 0.586719 0.034375 0.029687
0 0.706250 0.017969 0.037500 0.029687
0 0.711719 0.040625 0.035937 0.031250
0 0.722656 0.068750 0.039062 0.037500
0 0.734375 0.097656 0.040625 0.035937
0 0.746875 0.129688 0.043750 0.037500
0 0.764844 0.154688 0.035937 0.037500
0 0.778125 0.186719 0.040625 0.032813
0 0.786719 0.211719 0.035937 0.035937
0 0.812500 0.264062 0.037500 0.037500
0 0.821875 0.292187 0.043750 0.031250
0 0.832812 0.316406 0.050000 0.029687
0 0.846094 0.346875 0.039062 0.034375
0 0.853906 0.368750 0.035937 0.028125
0 0.867188 0.393750 0.043750 0.040625
0 0.875781 0.415625 0.035937 0.037500
0 0.887500 0.440625 0.034375 0.031250
0 0.900781 0.462500 0.039062 0.034375
0 0.910937 0.478125 0.040625 0.034375
0 0.913281 0.500000 0.035937 0.025000
0 0.928125 0.526563 0.037500 0.028125
0 0.940625 0.553906 0.031250 0.032813
0 0.990625 0.567969 0.028125 0.026562
0 0.977344 0.544531 0.042188 0.029687
0 0.967187 0.520312 0.031250 0.028125
0 0.954688 0.496094 0.031250 0.026562
0 0.942187 0.468750 0.034375 0.034375
0 0.925000 0.446875 0.028125 0.028125
0 0.914844 0.427344 0.029687 0.026562
0 0.910156 0.406250 0.035937 0.031250
0 0.900000 0.379688 0.034375 0.028125
0 0.885938 0.357812 0.034375 0.025000
0 0.875000 0.335938 0.031250 0.037500
0 0.868750 0.310937 0.037500 0.031250
0 0.861719 0.289844 0.039062 0.032813
0 0.742188 0.014063 -0.034375 -0.028125
0 0.755469 0.036719 0.045312 0.035937
0 0.767969 0.066406 0.042188 0.035937
0 0.777344 0.094531 0.045312 0.045312
0 0.793750 0.119531 0.043750 0.032813
0 0.808594 0.151562 0.039062 0.043750
0 0.818750 0.183594 0.043750 0.039062
0 0.833594 0.216406 0.045312 0.039062
0 0.844531 0.250781 0.042188 0.042188
0 0.832812 0.014844 -0.043750 -0.029687
0 0.836719 0.039062 0.042188 0.037500
0 0.849219 0.070312 0.035937 0.028125
0 0.859375 0.088281 0.034375 0.026562
0 0.868750 0.112500 0.037500 0.040625
0 0.883594 0.140625 0.039062 0.034375
0 0.893750 0.167969 0.040625 0.029687
0 0.902344 0.192969 0.039062 0.035937
0 0.910156 0.224219 0.045312 0.035937
0 0.925000 0.254688 0.040625 0.034375
0 0.939063 0.282031 0.040625 0.032813
0 0.954688 0.307031 0.040625 0.029687
0 0.966406 0.330469 0.032813 0.026562
0 0.971875 0.353906 0.034375 0.032813
0 0.981250 0.381250 0.034375 0.031250
0 0.992969 0.410156 0.026562 0.029687
0 0.783594 0.007812 -0.045312 -0.031250
0 0.792969 0.030469 0.048438 0.039062
0 0.807031 0.057813 0.039062 0.034375
0 0.816406 0.084375 0.039062 0.034375
0 0.832812 0.108594 0.043750 0.035937
0 0.843750 0.135156 0.037500 0.035937
0 0.852344 0.153906 0.045312 0.039062
0 0.863281 0.182031 0.045312 0.029687
0 0.872656 0.207813 0.039062 0.040625
0 0.882031 0.239844 0.032813 0.032813
0 0.891406 0.267188 0.035937 0.031250
0 0.904687 0.294531 0.034375 0.032813
0 0.915625 0.321875 0.040625 0.025000
0 0.926562 0.343750 0.043750 0.031250
0 0.937500 0.371094 0.037500 0.035937
0 0.952344 0.399219 0.042188 0.026562
0 0.964063 0.421875 0.050000 0.031250
0 0.972656 0.444531 0.039062 0.026562
0 0.977344 0.464062 0.039062 0.028125
0 0.990625 0.489844 0.037500 0.035937
0 0.876563 0.014063 -0.034375 -0.021875
0 0.881250 0.034375 0.043750 0.031250
0 0.891406 0.061719 0.042188 0.029687
0 0.903906 0.085938 0.039062 0.031250
0 0.910937 0.105469 0.037500 0.023438
0 0.920312 0.122656 0.040625 0.026562
0 0.929688 0.147656 0.040625 0.032813
0 0.944531 0.175781 0.051562 0.035937
0 0.952344 0.200781 0.042188 0.039062
0 0.968750 0.239844 0.040625 0.039062
0 0.980469 0.276562 0.032813 0.037500
0 0.992188 0.300781 0.025000 0.032813
0 0.925000 0.025000 0.043750 0.028125
0 0.933594 0.054688 0.042188 0.040625
0 0.949219 0.089844 0.045312 0.035937
0 0.959375 0.117969 0.037500 0.032813
0 0.973437 0.148438 0.037500 0.037500
0 0.988281 0.179688 0.029687 0.034375
0 0.994531 0.210156 0.026562 0.035937
0 0.990625 0.075000 0.028125 0.031250
0 0.975000 0.047656 0.034375 0.035937
0 0.964063 0.021094 -0.034375 -0.035937
